           1              (0.17434416936558092,0.0000000000000000)
           2              (0.33162231670640330,0.0000000000000000)
           3              (0.45643896113945909,0.0000000000000000)
           4              (0.53657617985894257,0.0000000000000000)
           5              (0.56418958354775628,0.0000000000000000)
           6              (0.53657617985894257,0.0000000000000000)
           7              (0.45643896113945914,0.0000000000000000)
           8              (0.33162231670640335,0.0000000000000000)
           9              (0.17434416936558100,0.0000000000000000)
          10               (0.0000000000000000,0.0000000000000000)
          11             (-0.17434416936558086,0.0000000000000000)
          12             (-0.33162231670640324,0.0000000000000000)
          13             (-0.45643896113945903,0.0000000000000000)
          14             (-0.53657617985894257,0.0000000000000000)
          15             (-0.56418958354775628,0.0000000000000000)
          16             (-0.53657617985894268,0.0000000000000000)
          17             (-0.45643896113945914,0.0000000000000000)
          18             (-0.33162231670640341,0.0000000000000000)
          19             (-0.17434416936558106,0.0000000000000000)
          20               (0.0000000000000000,0.0000000000000000)
