  0.999847695147914917436295809816708503         1.74524069228916522111858362661472825E-0002   1.7714870282401290E-003
  0.999390826985195607062940344733949867         3.48994976732734650543199355116778597E-0002   4.1035888591583054E-004
  0.998629534678317959575930634653532630         5.23359576979933347010847229643908543E-0002   2.2689355657383378E-003
  0.997564050124306359998034308801778905         6.97564756821213563218625214301280068E-0002   1.9821013904596872E-003
  0.996194697880095603682926241748623404         8.71557451668278936386270310571450901E-0002   5.9790526899712879E-003
  0.994521895063667704420800297768033939        0.104528466165782433211610649421396275         1.4696257038642041E-003
  0.992546151226993709333092441413208729        0.121869346779580852682922376352230995         6.9292385097121333E-004
  0.990268068200819223712492530780934597        0.139173104807709332764532367226833470         1.8834080558952954E-003
  0.987688339911340925643606204916342617        0.156434469357553893120259492662607705         2.3309060764027624E-003
  0.984807752168829912516915709132503467        0.173648182449965432223029917685344183         2.6539722755587105E-003
  0.981627182428266266815926520141163052        0.190809000620891200495589821455546190         3.8840334360523169E-003
  0.978147599522057754211603911383746369        0.207911696518584834245449239277322772         9.4414766864333254E-004
  0.974370063364924070442403128833205970        0.224951060495908424718122484241955261         1.0420228329273210E-003
  0.970295724631036532102147006761086347        0.241921902197241591606461299096606006         6.5318993563646250E-004
  0.965925824403511557719028416108127217        0.258819052139514173112654109540862306         1.2319396359605395E-003
  0.961261693796364706812775784908442687        0.275637363286880934662888232987779580         2.0142892741447484E-003
  0.956304753549040433398307213378131037        0.292371712618558635077489228591117500         7.2506409508153917E-003
  0.951056513593641064107708239521554345        0.309017002689347871811624282783598521         2.0881811113973425E-003
  0.945518572594986827183480939668289878        0.325568163182364355168939779460548979         7.6589872668794072E-004
  0.939692617463647034521568764658005063        0.342020152453506634474039075120798356         1.4208492563784166E-003
  0.933580422842090752191735080873594442        0.358367959067189816346630712909402387         5.3653076836258668E-004
  0.927183850564113482927536241325845349        0.374606603322877475683739439560022666         1.0484755972109405E-003
  0.920504849087704524464218200836928732        0.390731138771946762916169417092700791         7.6110526134692737E-003
  0.913545452901527757830738612901007897        0.406736653724424655707632192211788518         3.1997614669246940E-004
  0.906307781905196657307412084977758557        0.422618272745136388612646888569974634         3.3080879749147811E-004
  0.898794040763532296295062252426935959        0.438371158138810319362659871811427989         1.1656087334656604E-003
  0.891006518235001048373483121176722727        0.453990511423686854426402799844792841         5.1777548950246140E-004
  0.882947586474536547942422097213732668        0.469471574793182558265611602795640042         5.1520672583300290E-003
  0.874619700310958277641407788793682377        0.484809632565164209214189860160204984         1.9569270654762284E-003
  0.866025396499206887858747487660304177        0.500000012618391339039393727839959910         5.9732854370393084E-003
  0.857167292947624024707807591596534761        0.515038087815689701848005241798750175         1.5968639114218540E-004
  0.848048087920512044533583432635970605        0.529919277413422159888147661194031745         9.5060102746779684E-004
  0.838670559216216522999016036720943833        0.544639048456827647737182299415017223         1.4784156628038341E-004
  0.829037563320981922794815316243169524        0.559192917160803181086588463141025327         6.0614976871823615E-004
  0.819152034538838163747533868124502548        0.573576450275708310524607050795673959         6.7222437083319323E-003
  0.809016984097783140320365244792817499        0.587785266437775983026026785361160985         2.8092757619151338E-003
  0.798635499232533451985592901637715485        0.601815037503718462896086499932934015         3.6846673077556078E-005
  0.788010742244122749497361369301249354        0.615661489869121778253731003152362160         1.0218051930473398E-004
  0.777145949536634152534312636040838538        0.629320405770227097311897671348325631         2.9987207377361793E-003
  0.766044430631360159365386326869041164        0.642787624568702499214910798874101956         2.9142764342815512E-003
  0.754709567158690344997059468943269205        0.656059044019013785483942748762286364         2.2314398604420822E-003
  0.743144811828033928592063516710382069        0.669130621518008278622593599648899039         5.3736041465957240E-003
  0.731353687376090981741589584626622846        0.681998375336330972531360212151384108         1.9486389917734709E-004
  0.719339785493792644387097336229376941        0.694658385831297933421706599714744784         6.3880795908304695E-004
  0.707106765732237212815112488622781470        0.707106796640857498221887306863920064         2.2210923308289008E-003
  0.694658354387955362209592090680784153        0.719339815858275578307086741171830944         2.0485107474332814E-003
  0.681998343367844062792644093841188120        0.731353717187187248011012180630929571         6.2967839211220279E-004
  0.669130589034114941697619178744654981        0.743144841076662777996262660780988522         4.7443048048130968E-003
  0.656059011029608930512365939840951499        0.754709595835942361354835190747863622         3.0905716557392904E-003
  0.642787591083835019050354303156128041        0.766044458728499973423622612943820500         1.3523245696294723E-003
  0.629320371800096807531671597000179486        0.777145977045103102846221438615669219         6.6124674679391847E-004
  0.615661455424076310196027270612443722        0.788010769155541489473814005004364656         1.2860309791403249E-003
  0.601815002594250111671058053340791512        0.798635525538704502325405705266155607         3.7730324359228377E-003
  0.587785231074518511460878022799047427        0.809017009790693386042044443920646159         2.6629854995053864E-003
  0.573576414469433710016244813858093648        0.819152059610661295061859577439034968         3.3847551873891135E-003
  0.559192880922418390348509301577911528        0.829037587764080819074751175881631405         5.1073394424267947E-004
  0.544639011797371230440097550826292188        0.838670583023145579120764125682050594         2.0514256879717052E-003
  0.529919240344060942206369252116997182        0.848048111084019438880158396730344051         1.0443695951161786E-003
  0.515038050347715370935828210895342911        0.857167315460653928144274088163964237         2.2091298212373297E-003
  0.499999974763217003473612574031312448        0.866025418354901613006245653456597576         4.1874286236823627E-003
  0.484809594334320922450471303279985708        0.874619721502660367795277005968712453         1.2057327336580455E-003
  0.469471536198315806167712682590221808        0.882947606995790804998118325664629469         2.8658430869624094E-003
  0.453990472476553007938166999101461251        0.891006538079556499142563883518592460         2.5383827570347709E-003
  0.438371118851273053403341797470108670        0.898794059925344096612280341089766662         5.2481359988423057E-004
  0.422618233129163068286404746569758166        0.906307800378427933348908492907082764         2.3683067877624714E-004
  0.406736613792082690927983713502442018        0.913545470680551384082451297830557278         4.0306408236802579E-003
  0.390731098535399932555828000880699691        0.920504866167104837798920252115695941         3.2195486444159928E-003
  0.374606562794382222369530144775359981        0.927183866938687932268378949778684890         3.7671153458144909E-003
  0.358367918259091513028127522422806550        0.933580438506851483259792387860543962         1.6899389494660789E-003
  0.342020111378235823903162855653924355        0.939692632413822409184653609633304215         2.5088026704303253E-004
  0.325568121852432963436007944380443980        0.945518586826022876943425112760176529         1.1908138402637815E-003
  0.309016961117345397091245821544652191        0.951056527101202877283359408801845980         8.9467558433144222E-004
  0.292371670817148312745250088256908034        0.956304766329013475581693724467230186         7.9668139421751466E-003
  0.275637321268795879950969723825851233        0.961261705844856074196215471186490128         1.0683219260620515E-004
  0.258819009917553502479368865650354063        0.965925835716851162911405819689174388         5.2129910449213751E-004
  0.241921859784266524001175272305156874        0.970295735205778222073147864825840235         1.0183432403195109E-003
  0.224951017904838363929155510021169235        0.974370073197846676254169462774723196         2.2944595962557067E-003
  0.207911653762393433524309021727036186        0.978147608610166072218051269851313107         9.3393730354675894E-004
  0.190808957712602410656292985241170372        0.981627190768791971030840542224990171         9.2463627312589190E-003
  0.173648139402649534420297423652525326        0.984807759759232397872911831700827969         4.6215668275139616E-005
  0.156434426184323517515040677401082500        0.987688346749308081885087651849642382         2.2507553526745952E-004
  0.139173061521715464289610723508270186        0.990268074284268139686871279110781512         1.8896658057554259E-003
  0.121869303394008825125285631651573561        0.992546156554071307465739223897621079         1.5709165067832624E-003
  0.104528422693847912831826526702142082        0.994521899632751305180456415079662049         3.0290882298801601E-003
   8.71557016217728535506532056048487543E-0002  0.996194701689793419865635542169368312         1.8857305441050492E-003
   6.97564320772100428595337489246219696E-0002  0.997564053173457920679031653127443213         2.6394868269964773E-003
   5.23359140465082269999610498775049731E-0002  0.998629536965994463600346986980825924         2.5264926748385410E-004
   3.48994539885112290796465697708555039E-0002  0.999390828510700205967647790025240419         1.7966272198300119E-003
   1.74523632181590904644070244085130707E-0002  0.999847695910782927716711758728444791         4.5123622471394337E-003
  -4.37113900018624143885728940026521501E-0008  0.999999999999999044657192052540821985         3.7340021860597468E-003
  -1.74524506276241806119017778098082272E-0002  0.999847694385044996761270656096586605         1.8942093025609498E-003
  -3.48995413580356343470250949707193639E-0002  0.999390825459689098636555121502399173         2.1135839261815503E-003
  -5.23360013494783424046468284104885246E-0002  0.998629532390639547484426764628560154         8.5980066756420246E-004
  -6.97565192870325365014965925826954028E-0002  0.997564047075152893285755458086610835         3.2738888651246104E-003
  -8.71557887118827671993722236483335740E-0002  0.996194694070395884085337071045292433         9.9920456392880151E-004
 -0.104528509637716753870358017621507014        0.994521890494582203442464589751114551         1.3094785871294928E-003
 -0.121869390165152647386551210798062137        0.992546145899914214756791397649546299         1.9971766736367543E-003
 -0.139173148093702935323404535419267226        0.990268062117368415647159991097794025         1.2891934918443934E-003
 -0.156434512530783969828387876291539572        0.987688333073371882240220702253135526         1.8089469478108425E-003
 -0.173648225497280998238677978272808628        0.984807744578425545502913095773279027         6.7990527757225512E-003
 -0.190809043529179625758873788048559444        0.981627174087738687020074860912026163         2.2023783074960473E-003
 -0.207911739274775837712701542457992734        0.978147590433947567272607923977311738         2.5909134662486307E-003
 -0.224951103086978055696333888622914729        0.974370053531999602915772164911116483         4.3233565978205587E-004
 -0.241921944610216196975048627681302229        0.970295714056292988201061931838193202         1.9283954080104417E-003
 -0.258819094361474349224099310904746239        0.965925813090170106946072303296840415         1.8295181744712331E-003
 -0.275637405304965462718461506704251945        0.961261681747871502760444651130875874         2.7655970986622362E-003
 -0.292371754419968398779302574082548372        0.956304740769065564017183684202600870         1.5447928553433883E-003
 -0.309017044261349756097660638524264467        0.951056500086077433762056643701394497         5.6553772904953197E-004
 -0.325568204512295124843465228667533566        0.945518558363948970834800547839924837         3.0340703194237963E-003
 -0.342020193528776791551929655485476887        0.939692602513469864401316369246359316         2.6648543230248975E-005
 -0.358367999875287434936629316097532902        0.933580407177328237344992568408170917         5.9216207516489539E-003
 -0.374606643851372013242500146069166614        0.927183834189537262029846969957891286         5.6381440844760792E-003
 -0.390731179008492846712144299504787931        0.920504832008302452334141636158566954         8.9481626512628279E-004
 -0.406736693656765843341406942430673712        0.913545435122502386080869602813765279         1.8703002073854425E-003
 -0.422618312361108901448234282082682232        0.906307763431963649596673217160417263         8.7731301561651579E-004
 -0.438371197426346747732511667131300789        0.898794021601718778664998824812044710         5.7328179808894045E-004
 -0.453990550370819833481498670572039223        0.891006498390443895171064298605071911         2.3975800648946707E-003
 -0.469471613388048413350925494131814184        0.882947565953280603851472802731287357         1.3986223057201510E-003
 -0.484809670796006569659117027480580206        0.874619679119254516364257809146419965         4.1920583976721671E-003
 -0.500000050473564719262342824410602097        0.866025374643510508008981231136027207         1.0372122691762885E-003
 -0.515038125283663048684316245240033897        0.857167270434592483494124044418188262         4.1102903767794210E-003
 -0.529919314482782365060785131016448908        0.848048064757003029833725291630169462         1.3184698671580425E-004
 -0.544639085116283024400271306847725348        0.838670535409285864441493978787573693         5.3834939315677384E-003
 -0.559192953399186903382804295238852895        0.829037538877881442484732182631986857         2.0814053515907319E-003
 -0.573576486081981815108696129870507521        0.819152009467013467291198534394539664         1.8908650873994313E-003
 -0.587785301801032331518321730302586816        0.809016958404871348821571515342839912         3.4107789666551597E-003
 -0.601815072413185664241779358909376320        0.798635472926360875704419371350500556         9.8535550603522678E-004
 -0.615661524314166069975881782326297925        0.788010715332702503880118357074700178         7.6920270980364509E-004
 -0.629320439740356184658676651370178823        0.777145922028163717340816602821041611         7.4042886617786295E-004
 -0.642787658053568751214398955909187037        0.766044402534218881637075297041815062         7.8545566208625150E-004
 -0.656059077008417386932940972782913692        0.754709538481436886626569598749165221         5.3450488422927718E-003
 -0.669130654001900337049314331267985916        0.743144782579403659271761885879561337         6.2124478319360160E-003
 -0.681998407304816579185590511630339040        0.731353657564993318085196387416342878         2.5091811659202195E-003
 -0.694658417274639177360035340105386592        0.719339755129308336034926847361267119         1.3847131825051097E-004
 -0.707106827549476432569876881885463569        0.707106734823615576349611483818234243         1.4120842803598721E-003
 -0.719339846222757137794837045207853301        0.694658322944611463723751891345871284         2.3932212457347519E-004
 -0.731353746998282116893407215796433056        0.681998311399355849969503238427851457         5.0738196009552533E-004
 -0.743144870325290207484303433156953262        0.669130556550220326274453135063000843         1.2404183749416979E-002
 -0.754709624513192935699841970950017312        0.656058978040202822018273578400242520         5.6059865741869978E-005
 -0.766044486825638323811730470465262438        0.642787557598966310720793447809909758         3.4198664801269078E-004
 -0.777146004553570568276490450509594855        0.629320337829965315318063334565054987         3.1846140059725390E-003
 -0.788010796066958723809424844923356445        0.615661420979029665802836398359457273         1.4347962064262759E-003
 -0.798635551844874026723807519413185981        0.601814967684780610566760720151986025         1.2002450356713174E-003
 -0.809017035483602085986560021652288684        0.587785195711259916822943010683628365         1.1646047686400615E-002
 -0.819152084682482861234127757966315687        0.573576378663158013583677833591604651         5.5003355232053123E-004
 -0.829037612207178131324493058469903539        0.559192844684032531168636050710074555         3.2041961721828317E-003
 -0.838670606830073032806692758113987868        0.544638975137913772509087105777613159         1.2407898482981376E-002
 -0.848048134247525212873405925732897674        0.529919203274698712015520731680614438         4.7844440390630929E-004
 -0.857167337973682193803480518798070118        0.515038012879740055947856742049422680         5.6099701594272966E-003
 -0.866025440210594683451433969163370496        0.499999936908041712565071692321749891         5.5601363854181039E-003
 -0.874619742694360786825824969991150130        0.484809556103476709368034403962274223         8.1779784785619668E-003
 -0.882947627517043375018522278418648851        0.469471497603448157057302476172309862         5.3405286049453150E-003
 -0.891006557924110247478268668924027410        0.453990433529418294016865684070465369         1.6402636041867771E-002
 -0.898794079087154179616616478602355388        0.438371079563734949854632510239680987         2.9695011110534072E-003
 -0.906307818851657477721127144411111829        0.422618193513188940469583549752415466         6.3556937687188680E-003
 -0.913545488459573264835973687477705978        0.406736573859739949002537804454035319         1.1598377746194670E-003
 -0.920504883246503392338215156630361796        0.390731058298852355631196930260047114         6.6098313367915626E-003
 -0.927183883313260610052343808652543520        0.374606522265886253299949698928092646         1.0169568151042549E-002
 -0.933580454171610430549134558936014177        0.358367877450992524981197716084185471         7.2482697694675044E-003
 -0.939692647363995988390542339087213012        0.342020070302964359839379479013961975         2.1842223703753307E-003
 -0.945518601057057120114605876079705373        0.325568080522500949644748691932634387         1.9091942345283311E-003
 -0.951056540608762873288984342838206917        0.309016919545342331936604685834577763         5.5003153708035185E-003
 -0.956304779108984690567318798959234947        0.292371629015737431782665022433347317         3.0866922110901417E-003
 -0.961261717893345604910740689085869402        0.275637279250710298582786262569188039         6.6090518791197389E-004
 -0.965925847030188922523182897804730472        0.258818967695592337324324252126149805         1.5311402004664443E-003
 -0.970295745780518058114044301025616119        0.241921817371290994159271585168344221         3.3053500341230925E-004
 -0.974370083030767420351052379111883006        0.224950975313767873329514344105486927         1.7697323071320695E-003
 -0.978147617698272521291932634862173031        0.207911611006201635549362583447032822         2.1120252566614209E-003
 -0.981627199109315799664800991041015508        0.190808914804313256241065263655625818         2.4905616455028302E-002
 -0.984807767349633001570886960605404995        0.173648096355333304830562746061640450         7.4513180006108455E-004
 -0.987688353587273350964651977847547295        0.156434383011092843012813920977234369         3.9777461856001384E-003
 -0.990268080367715163570284612528996076        0.139173018235721329898722310189432012         9.0082532370072861E-004
 -0.992546161881147009154721566732241875        0.121869260008436564713723872884499872         2.7846181390632921E-003
 -0.994521904201833005721424211603684926        0.104528379221913192731088710663727642         5.8403655482182930E-003
 -0.996194705499489332633457693172708839         8.71556580767176469355339482017533676E-0002   3.6192105135326356E-003
 -0.997564056222607575328741665093576202         6.97563884722985961145935903430059321E-0002   1.1832138280553038E-003
 -0.998629539253669059557671450579849848         5.23358703950230193013592134145386271E-0002   4.2369429974223686E-005
 -0.999390830036202895350674542616576452         3.48994103037489264230884655950907440E-0002   4.6672542580119460E-003
 -0.999847696673649027602517045230861294         1.74523195134264953716488482407574735E-0002   7.6721664910679704E-003
 -0.999999999999996178628768210165113239        -8.74227800037247452584216606738406438E-0008   2.4541264946665001E-003
 -0.999847693622173165691637755172663386        -1.74524943323566756664713430357069651E-0002   9.1948596586690443E-003
 -0.999390823934180680688495035093930618        -3.48995850427977369576785803012697396E-0002   2.4541264946663847E-003
 -0.998629530102959227325839747940144280        -5.23360450009632501105639619512813261E-0002   7.6721664910679617E-003
 -0.997564044025997520542200926955608589        -6.97565628919435833983526471057494744E-0002   4.6672542580117266E-003
 -0.996194690260694261072875309197830449        -8.71558322569374742328055824684243031E-0002   4.2369429974225394E-005
 -0.994521885925494802245458021114848219       -0.104528553109650874807985570102872678         1.1832138280551236E-003
 -0.992546140572832823736846270980798804       -0.121869433550724209236089238801101084         3.6192105135326546E-003
 -0.990268056033915715490885283623313847       -0.139173191379696271966144522160225719         5.8403655482185748E-003
 -0.987688326235400951674944209069114075       -0.156434555704013747639343337818178847         2.7846181390631525E-003
 -0.984807736988019296830918494499597801       -0.173648268544596232467159355528263367         9.0082532370093244E-004
 -0.981627165747209231643301500663655288       -0.190809086437467686446062900770713708         3.9777461856001254E-003
 -0.978147581345835511401080672153419002       -0.207911782030966443925984237629905328         7.4513180006129478E-004
 -0.974370043699073273674295358635797084       -0.224951145678047256863708345019937733         2.4905616455027910E-002
 -0.970295703481547590369912845067542005       -0.241921987023190340106856220198740156         2.1120252566611672E-003
 -0.965925801776826810592559097494091629       -0.258819136583434030813623796850022430         1.7697323071322983E-003
 -0.961261669699376462039245090736448010       -0.275637447323049464117609261625552768         3.3053500341229000E-004
 -0.956304727989088867438347555454793991       -0.292371796221377603850610255378841332         1.5311402004664267E-003
 -0.951056486578511986246430430048900602       -0.309017085833351049949275457740625666         6.6090518791198452E-004
 -0.945518544132909307897411128314412761       -0.325568245842225272459505323497169931         3.0866922110899227E-003
 -0.939692587563290898823924988486840721       -0.342020234604046295136756114820102111         5.5003153708034257E-003
 -0.933580391512563938719594780900687002       -0.358368040683384368798045360542066200         1.9091942345281141E-003
 -0.927183817814959269575342422342074688       -0.374606684379865835045734827091244765         2.1842223703753823E-003
 -0.920504814928898621408723191448477851       -0.390731219245038183943675768727125890         7.2482697694675217E-003
 -0.913545417343475268832878237696871809       -0.406736733589106253829231666009181427         1.0169568151042340E-002
 -0.906307744958728910216727185995645683       -0.422618351977080606793091233439041182         6.6098313367918401E-003
 -0.898794002439903543722126670446555651       -0.438371236713882338512822117298989223         1.1598377746194757E-003
 -0.891006478545885039535345332513546320       -0.453990589317951945103380195556437034         6.3556937687190033E-003
 -0.882947545432022972725309651885845876       -0.469471651982913371423580613943707646         2.9695011110538443E-003
 -0.874619657927549083963867557710478281       -0.484809709026848003785179758120529649         1.6402636041868122E-002
 -0.866025352787812473456988643248464792       -0.500000088328737144142387534407974225         5.3405286049454832E-003
 -0.857167247921559304503266461954460464       -0.515038162751635411444689631701463789         8.1779784785623311E-003
 -0.848048041593492394780628231896428872       -0.529919351552141557724210833690914242         5.5601363854180900E-003
 -0.838670511602353603448243439441908219       -0.544639121775737360429294528430341785         5.6099701594276245E-003
 -0.829037514434779378144548478128578966       -0.559192989637569557237087557712873049         4.7844440390641012E-004
 -0.819151984395187205692901480623958237       -0.573576521888254223768443636550850143         1.2407898482981541E-002
 -0.809016932711958011545712346647703732       -0.587785337164287556937695289558088565         3.2041961721830364E-003
 -0.798635446620186773481935377230061620       -0.601815107322651715708069929253278505         5.5003355232067684E-004
 -0.788010688421280752622136387588283819       -0.615661558759209185362413794483583723         1.1646047686400457E-002
 -0.777145894519691797265785898995054131       -0.629320473710484069571943630828721520         1.2002450356714445E-003
 -0.766044374437076140238743208265829084       -0.642787691538433775048754795209085657         1.4347962064263304E-003
 -0.754709509804181986243420373381238068       -0.656059109997819734859297579523895147         3.1846140059726578E-003
 -0.743144753330771970035413653225666339       -0.669130686485791116977719307096611264         3.4198664801263429E-004
 -0.731353627753894257041889548635589489       -0.681998439273300882755273910552442565         5.6059865741869253E-005
 -0.719339724764822653250633291550903696       -0.694658448717979094024518233512879057         1.2404183749416649E-002
 -0.707106703914992588825443349109046352       -0.707106858458094015859022157033806951         5.0738196009548326E-004
 -0.694658291501266237964246080054908442       -0.719339876587237322850290231359294288         2.3932212457349801E-004
 -0.681998279430866334061998727641964346       -0.731353776809375588388717730492972929         1.4120842803598723E-003
 -0.669130524066324432353157535114126574       -0.743144899573916217056129948906562295         1.3847131825051620E-004
 -0.656058945050795460001728696823887646       -0.754709653190442068032025016339554637         2.5091811659201952E-003
 -0.642787524114096374226292211892438804       -0.766044514922775210529656214635272697         6.2124478319360030E-003
 -0.629320303859832620671137790284564367       -0.777146032062036548825067111689514026         5.3450488422925385E-003
 -0.615661386533981845074224200048564553       -0.788010822978374452504142469800411939         7.8545566208614850E-004
 -0.601814932775309959583261201387752447       -0.798635578151042025180748081259086465         7.4042886617787238E-004
 -0.587785160348000199112289317084431610       -0.809017061176509240153862886916661856         7.6920270980367978E-004
 -0.573576342856881221226974524532138325       -0.819152109754302862264290505337514340         9.8535550603521941E-004
 -0.559192808445645603547037950700119238       -0.829037636650273859543994260933543080         3.4107789666550491E-003
 -0.544638938478455273944221008967031764       -0.838670630636998884056756446462911297         1.8908650873993931E-003
 -0.529919166205335469315672927782086463       -0.848048157411029366513281761466335956         2.0814053515907467E-003
 -0.515037975411763756884162424782481400       -0.857167360486708821685383868179574314         5.3834939315677227E-003
 -0.499999899052865466313843412050187721       -0.866025462066286099194270675422248023         1.3184698671578576E-004
 -0.484809517872631569966952209331191246       -0.874619763886059534733011190183828824         4.1102903767794002E-003
 -0.469471459008579610934454726200369477       -0.882947648038294258003594745813684755         1.0372122691762790E-003
 -0.453990394582282712662573270481883325       -0.891006577768662293380559560689626769         4.1920583976720379E-003
 -0.438371040276196008716607076254082577       -0.898794098248962545308034052769802492         1.3986223057200896E-003
 -0.422618153897214005162258991789872953       -0.906307837324885290424032742955875578         2.3975800648945705E-003
 -0.406736533927396429931370763219454378       -0.913545506238593400091271811721081781         5.7328179808894229E-004
 -0.390731018062304032142353084623430727       -0.920504900325900188082070281019780260         8.7731301561657315E-004
 -0.374606481737389568475075539232503360       -0.927183899687831516279399531286938897         1.8703002073853887E-003
 -0.358367836642892852205919265341287756       -0.933580469836367594059731663670408106         8.9481626512625471E-004
 -0.342020029227692242282767427131265828       -0.939692662314167772139206387938118930         5.6381440844760888E-003
 -0.325568039192568313795240990623725620       -0.945518615288089556696996038594448165         5.9216207516487283E-003
 -0.309016877973338676347780306681655874       -0.951056554116321052124557232930047120         2.6648543230231675E-005
 -0.292371587214325992189813900474928934       -0.956304791888954078355158018346973474         3.0340703194238943E-003
 -0.275637237232624190558418132569518588       -0.961261729941833298956328417730940565         5.6553772904956233E-004
 -0.258818925473630677647600941862122639       -0.965925858343524836554338034223070481         1.5447928553433579E-003
 -0.241921774958315002080831275548439389       -0.970295756355256040224816110357117518         2.7655970986622935E-003
 -0.224950932722696952919280364640661181       -0.974370092863686302733033090224457435         1.8295181744710782E-003
 -0.207911568250009440320691618077971511       -0.978147626786377101433230641902058185         1.9283954080104014E-003
 -0.190808871896023737249988640949801666       -0.981627207449837752717791930470330725         4.3233565978210092E-004
 -0.173648053308016743453908134800613172       -0.984807774940031723610826592976982238         2.5909134662487243E-003
 -0.156434339837861869613661713861904789       -0.987688360425236732882286117708175746         2.2023783074959988E-003
 -0.139172974949726929591949833196680369       -0.990268086451160295362720907480854662         6.7990527757225451E-003
 -0.121869216622864071448319996239866104       -0.992546167208220814400029291550153088         1.8089469478107540E-003
 -0.104528335749978272909480262506517784       -0.994521908770912806043694957261419667         1.2891934918444357E-003
  -8.71556145316622737933524597584847510E-0002 -0.996194709309183341986385415627463498         1.9971766736367777E-003
  -6.97563448673870160871253609623644073E-0002 -0.997564059271755323947158518733791962         1.3094785871296036E-003
  -5.23358267435377116053626178403906146E-0002 -0.998629541541341747447899654423660094         9.9920456392874079E-004
  -3.48993666189865570847290908313482303E-0002 -0.999390831561703675212017687751912455         3.2738888651246221E-003
  -1.74522758086938669329948137667972942E-0002 -0.999847697436513217093710211726674250         8.5980066756414088E-004
   1.31134170005586909090822172682261377E-0007 -0.999999999999991401914728472878349952         2.1135839261815304E-003
   1.74525380370891373748110259401195023E-0002 -0.999847692859299424227398564653173160         1.8942093025608806E-003
   3.48996287275597728861969236567449002E-0002 -0.999390822408670353218763000275535544         3.7340021860598630E-003
   5.23360886524480578187527193224436353E-0002 -0.998629527815276999100173955626166382         4.5123622471394554E-003
   6.97566064968544970123473697229713260E-0002 -0.997564040976840241767376541386083496         1.7966272198299946E-003
   8.71558758019920147388439066077443582E-0002 -0.996194686450990734645548235348329429         2.5264926748390788E-004
  0.104528596581584796024410245666273272       -0.994521881356405500829789321948810327         2.6394868269965033E-003
  0.121869476936295538231453564173828051       -0.992546135245749536273267239784754800         1.8857305441049392E-003
  0.139173234665689342692669621524870143       -0.990268049950461123243680031923063276         3.0290882298802183E-003
  0.156434598877243226553043386773397338       -0.987688319397428133947789790576977339         1.5709165067832348E-003
  0.173648311591911134908391799565688279       -0.984807729397611166500946408191497691         1.8896658057553745E-003
  0.190809129345755382557075175373207938       -0.981627157406677900685622375525709689         2.2507553526747494E-004
  0.207911824787156652885215631154678800       -0.978147572257721586597039520437049008         4.6215668275126680E-005
  0.224951188269116028220164475289736838       -0.974370033866145082717991497638147026         9.2463627312588271E-003
  0.241922029436164021001803038789296357       -0.970295692906800338608719951463056134         9.3393730354674744E-004
  0.258819178805393217881146894485652499       -0.965925790463481668658510414942184975         2.2944595962557583E-003
  0.275637489341132938860251214402973848       -0.961261657650879584649200124611326365         1.0183432403195805E-003
  0.292371838022786250291332403128703400       -0.956304715209110343661823245652356226         5.2129910449225168E-004
  0.309017127405351753366389309407786061       -0.951056473070944721560855407275078991         1.0683219260617405E-004
  0.325568287172154798016981095446419766       -0.945518529901867838371339872134536659         7.9668139421750703E-003
  0.342020275679315145228439971198063859       -0.939692572613110137789423187471354357         8.9467558433148462E-004
  0.358368081491480617930800874799178673       -0.933580375847797856315571648790964344         1.1908138402637520E-003
  0.374606724908358941093366045416078624       -0.927183801440379505564053885149031684         2.5088026704307660E-004
  0.390731259481582774610686945371304729       -0.920504797849493031687995500077889510         1.6899389494660117E-003
  0.406736773521445887171030064798880193       -0.913545399564446406086798487681705004         3.7671153458144779E-003
  0.422618391593051504647142048971754619       -0.906307726485492439167609288027339271         3.2195486444159299E-003
  0.438371276001417091703516156185355792       -0.898793983278086591466482401535212626         4.0306408236805182E-003
  0.453990628265083189291972959072880220       -0.891006458701324481466364139615305158         2.3683067877626151E-004
  0.469471690577777432483503219577997868       -0.882947524910763654563971854349184183         5.2481359988435514E-004
  0.484809747257688511592305004961241375       -0.874619636735841980440277525172603388         2.5383827570346754E-003
  0.500000126183908613679455528498636955       -0.866025330932112784202811483365477150         2.8658430869623924E-003
  0.515038200219606790129053811667189656       -0.857167225408524487735277859534016729         1.2057327336580234E-003
  0.529919388621499737878353941326027432       -0.848048018429980139374336511621332922         4.1874286236823818E-003
  0.544639158435190655824181919470780088       -0.838670487795419740019309906246976916         2.2091298212373774E-003
  0.559193025875951142649369010406605896       -0.829037489991675729774310905816467721         1.0443695951160895E-003
  0.573576557694525536503781156307051696       -0.819151959323359378952690611190560671         2.0514256879717299E-003
  0.587785372527541659284079895064576036       -0.809016907019043128492836829787352995         5.1073394424270061E-004
  0.601815142232116617294891509949997655       -0.798635420314011145318191182104864757         3.3847551873892514E-003
  0.615661593204251124413261225975799915       -0.788010661509857495723466880108444114         2.6629854995052198E-003
  0.629320507680610752051633703489234105       -0.777145867011218392309273084604488975         3.7730324359230827E-003
  0.642787725023297570717914337723846838       -0.766044346339931935170443745347566763         1.2860309791402525E-003
  0.656059142987220829262949536608687479       -0.754709481126925643847666586057929377         6.6124674679396487E-004
  0.669130718969680618407746460631913584       -0.743144724082138860883074703688550434         1.3523245696294576E-003
  0.681998471241783883240349327194573889       -0.731353597942793798611726027922532412         3.0905716557392536E-003
  0.694658480161317683415095201599927529       -0.719339694400335596034274685784315085         4.7443048048131028E-003
  0.707106889366710248089264075657926499       -0.707106673006368250242667141156567094         6.2967839211223683E-004
  0.719339906951716133473388282650630377       -0.694658260057919684931134735155333860         2.0485107474333929E-003
  0.731353806620467662496886765093059122       -0.681998247462375515070191643216607048         2.2210923308289016E-003
  0.743144928822540806711686323100814300       -0.669130491582427259933794445410664879         6.3880795908307980E-004
  0.754709681867689758351329533709055194       -0.656058912061386844462794327498010186         1.9486389917730391E-004
  0.766044543019910633577346160658554703       -0.642787490629225209566914574463052174         5.3736041465960675E-003
  0.777146059570501044491898862125162299       -0.629320269889698723590959870402617398         2.2314398604419954E-003
  0.788010849889788675557915460380594540       -0.615661352088932848010256489337176211         2.9142764342816770E-003
  0.798635604457208497696177127987053832       -0.601814897865838158720626198071521327         2.9987207377360596E-003
  0.809017086869414848543903948645635487       -0.587785124984739358328984510073130935         1.0218051930472559E-004
  0.819152134826121298152299915186789989       -0.573576307050603332946203301217721342         3.6846673077559819E-005
  0.829037661093368003733208080201134747       -0.559192772207257607483784241712690639         2.8092757619151490E-003
  0.838670654443923132870909703178038076       -0.544638901818995734745569305094587483         6.7222437083319887E-003
  0.848048180574531899799741645756458154       -0.529919129135971214106896668320552343         6.0614976871826824E-004
  0.857167382999733811789941120992329431       -0.515037937943786473744816848617889444         1.4784156628041368E-004
  0.866025483921975860234714012878016367       -0.499999861197688264720000062557366909         9.5060102746780833E-004
  0.874619785077756611516795175872773890       -0.484809479641785504247297766512628916         1.5968639114223517E-004
  0.882947668559543453953296518190855129       -0.469471420413710167799243175334578271         5.9732854370393050E-003
  0.891006597613212636849398642115242533       -0.453990355635146263875364174067450801         1.9569270654763425E-003
  0.898794117410769193686496451400488569       -0.438371000988656229989340561648853017         5.1520672583301088E-003
  0.906307855798111371457589992010713837       -0.422618114281238262364506766355598364         5.1777548950246032E-004
  0.913545524017611789848311700442647606       -0.406736493995052133714558887953070087         1.1656087334656049E-003
  0.920504917405295225030452991926165083       -0.390730977825754962089373343364966373         3.3080879749146635E-004
  0.927183916062400650949514831024774467       -0.374606441208892167894985102904240788         3.1997614669245075E-004
  0.933580485501122973791553771637536895       -0.358367795834792494702370141643170055         7.6110526134695123E-003
  0.939692677264337760430617191107839332       -0.342019988152419471233405181937440742         1.0484755972108969E-003
  0.945518629519120186690568409275429561       -0.325567997862635055887563808961509998         5.3653076836267385E-004
  0.951056567623877413790052270380248430       -0.309016836401334430324852115115295083         1.4208492563784860E-003
  0.956304804668921638945186964126764857       -0.292371545412913993966776591737215556         7.6589872668801759E-004
  0.961261741990319156332955636249573874       -0.275637195214537555877945617179575936         2.0881811113973056E-003
  0.965925869656858905004849612715995714       -0.258818883251668523449279607753090535         7.2506409508153874E-003
  0.970295766929992168405443087820590028       -0.241921732545338547765935381308598665         2.0142892741447879E-003
  0.974370102696603323400092808495775713       -0.224950890131625602698534949773264178         1.2319396359606019E-003
  0.978147635874479812641927926460271476       -0.207911525493816847838377819261270071         6.5318993563646250E-004
  0.981627215790357830189797424397610967       -0.190808828987733853683145101375285492         1.0420228329272594E-003
  0.984807782530428563992716225949902619       -0.173648010260699850290415839757999195         9.4414766864334338E-004
  0.987688367263198227637977006233251951       -0.156434296664630597317666546526506343         3.8840334360524652E-003
  0.990268092534603535064168540415248901       -0.139172931663732263369375998456886643         2.6539722755586732E-003
  0.992546172535292723201652219988060229       -0.121869173237291345329156897906971530         2.3309060764029515E-003
  0.994521913339990706147259921977813747       -0.104528292278043153367084243431258914         1.8834080558952568E-003
  0.996194713118875447924411430406087632        -8.71555709866067341241919411859886466E-0002   6.9292385097122298E-004
  0.997564062320901166534276388085346512        -6.97563012624753027772123760600347465E-0002   1.4696257038641638E-003
  0.998629543829012527271027227488958139        -5.23357830920523039120546674201507924E-0002   5.9790526899711691E-003
  0.999390833087202545551674310678851302        -3.48993229342241210646519133267217946E-0002   1.9821013904597808E-003
  0.999847698199375496190289800622249819        -1.74522321039612051485284269906112731E-0002   2.2689355657383374E-003
  0.999999999999984714515072840689658818         1.74845560007448822367050302696929444E-0007   4.1035888591582935E-004
