  0.999847695147914917436295809816708503         1.74524069228916522111858362661472825E-0002   1.9094568150222573E-004
  0.999390826985195607062940344733949867         3.48994976732734650543199355116778597E-0002   6.4864072523135741E-003
  0.998629534678317959575930634653532630         5.23359576979933347010847229643908543E-0002   1.9354298066253891E-004
  0.997564050124306359998034308801778905         6.97564756821213563218625214301280068E-0002   6.4716104335873258E-003
  0.996194697880095603682926241748623404         8.71557451668278936386270310571450901E-0002   2.3446501956855362E-004
  0.994521895063667704420800297768033939        0.104528466165782433211610649421396275         6.3761747036404030E-003
  0.992546151226993709333092441413208729        0.121869346779580852682922376352230995         4.1098857690476527E-004
  0.990268068200819223712492530780934597        0.139173104807709332764532367226833470         6.0746353563878031E-003
  0.987688339911340925643606204916342617        0.156434469357553893120259492662607705         8.7033372734963911E-004
  0.984807752168829912516915709132503467        0.173648182449965432223029917685344183         5.4095578270055931E-003
  0.981627182428266266815926520141163052        0.190809000620891200495589821455546190         1.7621483649253821E-003
  0.978147599522057754211603911383746369        0.207911696518584834245449239277322772         4.2650866572173218E-003
  0.974370063364924070442403128833205970        0.224951060495908424718122484241955261         3.1349177873642468E-003
  0.970295724631036532102147006761086347        0.241921902197241591606461299096606006         2.6996732751338342E-003
  0.965925824403511557719028416108127217        0.258819052139514173112654109540862306         4.7833151884596539E-003
  0.961261693796364706812775784908442687        0.275637363286880934662888232987779580         1.0976365173047664E-003
  0.956304753549040433398307213378131037        0.292371712618558635077489228591117500         6.1329126418536335E-003
  0.951056513593641064107708239521554345        0.309017002689347871811624282783598521         1.9934214219552405E-004
  0.945518572594986827183480939668289878        0.325568163182364355168939779460548979         6.3519175899953255E-003
  0.939692617463647034521568764658005063        0.342020152453506634474039075120798356         7.9568966191317795E-004
  0.933580422842090752191735080873594442        0.358367959067189816346630712909402387         4.8764366392235643E-003
  0.927183850564113482927536241325845349        0.374606603322877475683739439560022666         3.0098059318499669E-003
  0.920504849087704524464218200836928732        0.390731138771946762916169417092700791         2.2164514424754035E-003
  0.913545452901527757830738612901007897        0.406736653724424655707632192211788518         5.6005565679278493E-003
  0.906307781905196657307412084977758557        0.422618272745136388612646888569974634         2.6950539375107527E-004
  0.898794040763532296295062252426935959        0.438371158138810319362659871811427989         6.3219341581885859E-003
  0.891006518235001048373483121176722727        0.453990511423686854426402799844792841         1.0883915673709577E-003
  0.882947586474536547942422097213732668        0.469471574793182558265611602795640042         3.9989966403908787E-003
  0.874619700310958277641407788793682377        0.484809632565164209214189860160204984         4.3430584837860784E-003
  0.866025396499206887858747487660304177        0.500000012618391339039393727839959910         7.6182688060262517E-004
  0.857167292947624024707807591596534761        0.515038087815689701848005241798750175         6.4039149857898501E-003
  0.848048087920512044533583432635970605        0.529919277413422159888147661194031745         7.3426792545013106E-004
  0.838670559216216522999016036720943833        0.544639048456827647737182299415017223         4.1845309933910887E-003
  0.829037563320981922794815316243169524        0.559192917160803181086588463141025327         4.4328428029095429E-003
  0.819152034538838163747533868124502548        0.573576450275708310524607050795673959         5.1951564503820613E-004
  0.809016984097783140320365244792817499        0.587785266437775983026026785361160985         6.3072427168630370E-003
  0.798635499232533451985592901637715485        0.601815037503718462896086499932934015         1.4847766108358419E-003
  0.788010742244122749497361369301249354        0.615661489869121778253731003152362160         2.7891449079965221E-003
  0.777145949536634152534312636040838538        0.629320405770227097311897671348325631         5.7610286675476982E-003
  0.766044430631360159365386326869041164        0.642787624568702499214910798874101956         1.7819768407631567E-004
  0.754709567158690344997059468943269205        0.656059044019013785483942748762286364         4.9891432954597336E-003
  0.743144811828033928592063516710382069        0.669130621518008278622593599648899039         4.0254752943640545E-003
  0.731353687376090981741589584626622846        0.681998375336330972531360212151384108         4.5429333609421597E-004
  0.719339785493792644387097336229376941        0.694658385831297933421706599714744784         6.0924399898571093E-003
  0.707106765732237212815112488622781470        0.707106796640857498221887306863920064         2.4865787201642743E-003
  0.694658354387955362209592090680784153        0.719339815858275578307086741171830944         1.2921368343962508E-003
  0.681998343367844062792644093841188120        0.731353717187187248011012180630929571         6.3609395142400537E-003
  0.669130589034114941697619178744654981        0.743144841076662777996262660780988522         1.5861416096546736E-003
  0.656059011029608930512365939840951499        0.754709595835942361354835190747863622         1.9560201943216618E-003
  0.642787591083835019050354303156128041        0.766044458728499973423622612943820500         6.3341579617276923E-003
  0.629320371800096807531671597000179486        0.777145977045103102846221438615669219         1.2526018395205428E-003
  0.615661455424076310196027270612443722        0.788010769155541489473814005004364656         2.1514852237423652E-003
  0.601815002594250111671058053340791512        0.798635525538704502325405705266155607         6.3361822888762572E-003
  0.587785231074518511460878022799047427        0.809017009790693386042044443920646159         1.3805829592387613E-003
  0.573576414469433710016244813858093648        0.819152059610661295061859577439034968         1.8212573010600495E-003
  0.559192880922418390348509301577911528        0.829037587764080819074751175881631405         6.3810445289374075E-003
  0.544639011797371230440097550826292188        0.838670583023145579120764125682050594         2.0230500168607261E-003
  0.529919240344060942206369252116997182        0.848048111084019438880158396730344051         1.0601582403180685E-003
  0.515038050347715370935828210895342911        0.857167315460653928144274088163964237         6.1686442577047109E-003
  0.499999974763217003473612574031312448        0.866025418354901613006245653456597576         3.3168200832848732E-003
  0.484809594334320922450471303279985708        0.874619721502660367795277005968712453         2.5499209191290887E-004
  0.469471536198315806167712682590221808        0.882947606995790804998118325664629469         5.1563988419846881E-003
  0.453990472476553007938166999101461251        0.891006538079556499142563883518592460         5.1152842068880374E-003
  0.438371118851273053403341797470108670        0.898794059925344096612280341089766662         2.7275817902900110E-004
  0.422618233129163068286404746569758166        0.906307800378427933348908492907082764         3.0052121050809545E-003
  0.406736613792082690927983713502442018        0.913545470680551384082451297830557278         6.4247765562642223E-003
  0.390731098535399932555828000880699691        0.920504866167104837798920252115695941         2.1011662046147811E-003
  0.374606562794382222369530144775359981        0.927183866938687932268378949778684890         5.9731612581948837E-004
  0.358367918259091513028127522422806550        0.933580438506851483259792387860543962         5.4950656148498927E-003
  0.342020111378235823903162855653924355        0.939692632413822409184653609633304215         5.2710829942878273E-003
  0.325568121852432963436007944380443980        0.945518586826022876943425112760176529         5.0260381493452515E-004
  0.309016961117345397091245821544652191        0.951056527101202877283359408801845980         2.0390785256831460E-003
  0.292371670817148312745250088256908034        0.956304766329013475581693724467230186         6.4263096011929668E-003
  0.275637321268795879950969723825851233        0.961261705844856074196215471186490128         4.0942871998343611E-003
  0.258819009917553502479368865650354063        0.965925835716851162911405819689174388         1.2008718529402501E-004
  0.241921859784266524001175272305156874        0.970295735205778222073147864825840235         2.8717693599380179E-003
  0.224951017904838363929155510021169235        0.974370073197846676254169462774723196         6.6462797762601540E-003
  0.207911653762393433524309021727036186        0.978147608610166072218051269851313107         3.8673160931575654E-003
  0.190808957712602410656292985241170372        0.981627190768791971030840542224990171         1.1212562263134042E-004
  0.173648139402649534420297423652525326        0.984807759759232397872911831700827969         2.6507498371751083E-003
  0.156434426184323517515040677401082500        0.987688346749308081885087651849642382         6.6483431001426842E-003
  0.139173061521715464289610723508270186        0.990268074284268139686871279110781512         4.7612304460366945E-003
  0.121869303394008825125285631651573561        0.992546156554071307465739223897621079         4.9588163844568737E-004
  0.104528422693847912831826526702142082        0.994521899632751305180456415079662049         1.3982675951393585E-003
   8.71557016217728535506532056048487543E-0002  0.996194701689793419865635542169368312         5.8793619822034597E-003
   6.97564320772100428595337489246219696E-0002  0.997564053173457920679031653127443213         6.4500838748858197E-003
   5.23359140465082269999610498775049731E-0002  0.998629536965994463600346986980825924         2.2859174656546062E-003
   3.48994539885112290796465697708555039E-0002  0.999390828510700205967647790025240419         8.2319161310342805E-005
   1.74523632181590904644070244085130707E-0002  0.999847695910782927716711758728444791         3.2278501453859390E-003
  -4.37113900018624143885728940026521501E-0008  0.999999999999999044657192052540821985         6.9734822987735715E-003
  -1.74524506276241806119017778098082272E-0002  0.999847694385044996761270656096586605         5.9273377513462530E-003
  -3.48995413580356343470250949707193639E-0002  0.999390825459689098636555121502399173         1.6960274473180078E-003
  -5.23360013494783424046468284104885246E-0002  0.998629532390639547484426764628560154         1.4417899084267621E-004
  -6.97565192870325365014965925826954028E-0002  0.997564047075152893285755458086610835         3.3054392395223823E-003
  -8.71557887118827671993722236483335740E-0002  0.996194694070395884085337071045292433         7.1065315477710075E-003
 -0.104528509637716753870358017621507014        0.994521890494582203442464589751114551         6.9173877207264851E-003
 -0.121869390165152647386551210798062137        0.992546145899914214756791397649546299         3.1068421291874557E-003
 -0.139173148093702935323404535419267226        0.990268062117368415647159991097794025         1.5765787283496258E-004
 -0.156434512530783969828387876291539572        0.987688333073371882240220702253135526         1.3344938831712071E-003
 -0.173648225497280998238677978272808628        0.984807744578425545502913095773279027         5.3528467457633084E-003
 -0.190809043529179625758873788048559444        0.981627174087738687020074860912026163         8.1527431069563904E-003
 -0.207911739274775837712701542457992734        0.978147590433947567272607923977311738         7.1369461712336001E-003
 -0.224951103086978055696333888622914729        0.974370053531999602915772164911116483         3.4136355519008513E-003
 -0.241921944610216196975048627681302229        0.970295714056292988201061931838193202         3.8453579559923838E-004
 -0.258819094361474349224099310904746239        0.965925813090170106946072303296840415         6.0917289962979855E-004
 -0.275637405304965462718461506704251945        0.961261681747871502760444651130875874         3.8761436151379175E-003
 -0.292371754419968398779302574082548372        0.956304740769065564017183684202600870         7.7365385175269270E-003
 -0.309017044261349756097660638524264467        0.951056500086077433762056643701394497         9.5608296389980817E-003
 -0.325568204512295124843465228667533566        0.945518558363948970834800547839924837         8.3215263510855991E-003
 -0.342020193528776791551929655485476887        0.939692602513469864401316369246359316         4.9827626534056334E-003
 -0.358367999875287434936629316097532902        0.933580407177328237344992568408170917         1.6049625229988054E-003
 -0.374606643851372013242500146069166614        0.927183834189537262029846969957891286         3.4797803646815198E-005
 -0.390731179008492846712144299504787931        0.920504832008302452334141636158566954         1.0242783582637717E-003
 -0.406736693656765843341406942430673712        0.913545435122502386080869602813765279         4.1134563640123087E-003
 -0.422618312361108901448234282082682232        0.906307763431963649596673217160417263         8.0992672515149879E-003
 -0.438371197426346747732511667131300789        0.898794021601718778664998824812044710         1.1684864882891595E-002
 -0.453990550370819833481498670572039223        0.891006498390443895171064298605071911         1.3966670883930565E-002
 -0.469471613388048413350925494131814184        0.882947565953280603851472802731287357         1.4617735640263479E-002
 -0.484809670796006569659117027480580206        0.874619679119254516364257809146419965         1.3809053318756244E-002
 -0.500000050473564719262342824410602097        0.866025374643510508008981231136027207         1.1998157029619230E-002
 -0.515038125283663048684316245240033897        0.857167270434592483494124044418188262         9.7104795773027275E-003
 -0.529919314482782365060785131016448908        0.848048064757003029833725291630169462         7.3873771396926790E-003
 -0.544639085116283024400271306847725348        0.838670535409285864441493978787573693         5.3189596888022989E-003
 -0.559192953399186903382804295238852895        0.829037538877881442484732182631986857         3.6438135037274470E-003
 -0.573576486081981815108696129870507521        0.819152009467013467291198534394539664         2.3852061089931005E-003
 -0.587785301801032331518321730302586816        0.809016958404871348821571515342839912         1.4971006477004722E-003
 -0.601815072413185664241779358909376320        0.798635472926360875704419371350500556         9.0364586340283166E-004
 -0.615661524314166069975881782326297925        0.788010715332702503880118357074700178         5.2582901274658342E-004
 -0.629320439740356184658676651370178823        0.777145922028163717340816602821041611         2.9560917646640546E-004
 -0.642787658053568751214398955909187037        0.766044402534218881637075297041815062         1.6085248963605369E-004
 -0.656059077008417386932940972782913692        0.754709538481436886626569598749165221         8.4856946255992239E-005
 -0.669130654001900337049314331267985916        0.743144782579403659271761885879561337         4.3464117129928385E-005
 -0.681998407304816579185590511630339040        0.731353657564993318085196387416342878         2.1643445903835468E-005
 -0.694658417274639177360035340105386592        0.719339755129308336034926847361267119         1.0490272485505665E-005
 -0.707106827549476432569876881885463569        0.707106734823615576349611483818234243         4.9542449777845523E-006
 -0.719339846222757137794837045207853301        0.694658322944611463723751891345871284         2.2820415044571235E-006
 -0.731353746998282116893407215796433056        0.681998311399355849969503238427851457         1.0261595474201062E-006
 -0.743144870325290207484303433156953262        0.669130556550220326274453135063000843         4.5082801723422618E-007
 -0.754709624513192935699841970950017312        0.656058978040202822018273578400242520         1.9366185942823370E-007
 -0.766044486825638323811730470465262438        0.642787557598966310720793447809909758         8.1399798799054655E-008
 -0.777146004553570568276490450509594855        0.629320337829965315318063334565054987         3.3499351867794880E-008
 -0.788010796066958723809424844923356445        0.615661420979029665802836398359457273         1.3506796072622607E-008
 -0.798635551844874026723807519413185981        0.601814967684780610566760720151986025         5.3385502062956613E-009
 -0.809017035483602085986560021652288684        0.587785195711259916822943010683628365         2.0695998537509294E-009
 -0.819152084682482861234127757966315687        0.573576378663158013583677833591604651         7.8734449970688936E-010
 -0.829037612207178131324493058469903539        0.559192844684032531168636050710074555         2.9408265272528529E-010
 -0.838670606830073032806692758113987868        0.544638975137913772509087105777613159         1.0789459780745944E-010
 -0.848048134247525212873405925732897674        0.529919203274698712015520731680614438         3.8899569087716946E-011
 -0.857167337973682193803480518798070118        0.515038012879740055947856742049422680         1.3787460362129328E-011
 -0.866025440210594683451433969163370496        0.499999936908041712565071692321749891         4.8060580449070893E-012
 -0.874619742694360786825824969991150130        0.484809556103476709368034403962274223         1.6482450505584652E-012
 -0.882947627517043375018522278418648851        0.469471497603448157057302476172309862         5.5633695804233104E-013
 -0.891006557924110247478268668924027410        0.453990433529418294016865684070465369         1.8487825115482892E-013
 -0.898794079087154179616616478602355388        0.438371079563734949854632510239680987         6.0507264612965282E-014
 -0.906307818851657477721127144411111829        0.422618193513188940469583549752415466         1.9509180495536224E-014
 -0.913545488459573264835973687477705978        0.406736573859739949002537804454035319         6.1988453577970043E-015
 -0.920504883246503392338215156630361796        0.390731058298852355631196930260047114         1.9415478497210672E-015
 -0.927183883313260610052343808652543520        0.374606522265886253299949698928092646         5.9961335085316055E-016
 -0.933580454171610430549134558936014177        0.358367877450992524981197716084185471         1.8264012660320746E-016
 -0.939692647363995988390542339087213012        0.342020070302964359839379479013961975         5.4882556324884057E-017
 -0.945518601057057120114605876079705373        0.325568080522500949644748691932634387         1.6273957242546498E-017
 -0.951056540608762873288984342838206917        0.309016919545342331936604685834577763         4.7629540472077309E-018
 -0.956304779108984690567318798959234947        0.292371629015737431782665022433347317         1.3762080077107540E-018
 -0.961261717893345604910740689085869402        0.275637279250710298582786262569188039         3.9265662818357022E-019
 -0.965925847030188922523182897804730472        0.258818967695592337324324252126149805         1.1065127838706172E-019
 -0.970295745780518058114044301025616119        0.241921817371290994159271585168344221         3.0803852720662543E-020
 -0.974370083030767420351052379111883006        0.224950975313767873329514344105486927         8.4731775255870626E-021
 -0.978147617698272521291932634862173031        0.207911611006201635549362583447032822         2.3033772897667673E-021
 -0.981627199109315799664800991041015508        0.190808914804313256241065263655625818         6.1893289205003465E-022
 -0.984807767349633001570886960605404995        0.173648096355333304830562746061640450         1.6442260829325909E-022
 -0.987688353587273350964651977847547295        0.156434383011092843012813920977234369         4.3191355020127731E-023
 -0.990268080367715163570284612528996076        0.139173018235721329898722310189432012         1.1220737556322759E-023
 -0.992546161881147009154721566732241875        0.121869260008436564713723872884499872         2.8835096392161887E-024
 -0.994521904201833005721424211603684926        0.104528379221913192731088710663727642         7.3305968100219347E-025
 -0.996194705499489332633457693172708839         8.71556580767176469355339482017533676E-0002   1.8437215277654197E-025
 -0.997564056222607575328741665093576202         6.97563884722985961145935903430059321E-0002   4.5971134417109154E-026
 -0.998629539253669059557671450579849848         5.23358703950230193013592134145386271E-0002   1.1246873184217713E-026
 -0.999390830036202895350674542616576452         3.48994103037489264230884655950907440E-0002   2.7941512323452469E-027
 -0.999847696673649027602517045230861294         1.74523195134264953716488482407574735E-0002   6.8242857456179199E-028
 -0.999999999999996178628768210165113239        -8.74227800037247452584216606738406438E-0008   1.1025206766700773E-028
 -0.999847693622173165691637755172663386        -1.74524943323566756664713430357069651E-0002   1.5093145948242982E-028
 -0.999390823934180680688495035093930618        -3.48995850427977369576785803012697396E-0002   1.1025206766700670E-028
 -0.998629530102959227325839747940144280        -5.23360450009632501105639619512813261E-0002   6.8242857456178983E-028
 -0.997564044025997520542200926955608589        -6.97565628919435833983526471057494744E-0002   2.7941512323452329E-027
 -0.996194690260694261072875309197830449        -8.71558322569374742328055824684243031E-0002   1.1246873184217653E-026
 -0.994521885925494802245458021114848219       -0.104528553109650874807985570102872678         4.5971134417108912E-026
 -0.992546140572832823736846270980798804       -0.121869433550724209236089238801101084         1.8437215277654087E-025
 -0.990268056033915715490885283623313847       -0.139173191379696271966144522160225719         7.3305968100218814E-025
 -0.987688326235400951674944209069114075       -0.156434555704013747639343337818178847         2.8835096392161677E-024
 -0.984807736988019296830918494499597801       -0.173648268544596232467159355528263367         1.1220737556322680E-023
 -0.981627165747209231643301500663655288       -0.190809086437467686446062900770713708         4.3191355020127402E-023
 -0.978147581345835511401080672153419002       -0.207911782030966443925984237629905328         1.6442260829325782E-022
 -0.974370043699073273674295358635797084       -0.224951145678047256863708345019937733         6.1893289205002985E-022
 -0.970295703481547590369912845067542005       -0.241921987023190340106856220198740156         2.3033772897667500E-021
 -0.965925801776826810592559097494091629       -0.258819136583434030813623796850022430         8.4731775255869889E-021
 -0.961261669699376462039245090736448010       -0.275637447323049464117609261625552768         3.0803852720662278E-020
 -0.956304727989088867438347555454793991       -0.292371796221377603850610255378841332         1.1065127838706064E-019
 -0.951056486578511986246430430048900602       -0.309017085833351049949275457740625666         3.9265662818356608E-019
 -0.945518544132909307897411128314412761       -0.325568245842225272459505323497169931         1.3762080077107421E-018
 -0.939692587563290898823924988486840721       -0.342020234604046295136756114820102111         4.7629540472076808E-018
 -0.933580391512563938719594780900687002       -0.358368040683384368798045360542066200         1.6273957242546319E-017
 -0.927183817814959269575342422342074688       -0.374606684379865835045734827091244765         5.4882556324883459E-017
 -0.920504814928898621408723191448477851       -0.390731219245038183943675768727125890         1.8264012660320549E-016
 -0.913545417343475268832878237696871809       -0.406736733589106253829231666009181427         5.9961335085315453E-016
 -0.906307744958728910216727185995645683       -0.422618351977080606793091233439041182         1.9415478497210471E-015
 -0.898794002439903543722126670446555651       -0.438371236713882338512822117298989223         6.1988453577969397E-015
 -0.891006478545885039535345332513546320       -0.453990589317951945103380195556437034         1.9509180495536028E-014
 -0.882947545432022972725309651885845876       -0.469471651982913371423580613943707646         6.0507264612964802E-014
 -0.874619657927549083963867557710478281       -0.484809709026848003785179758120529649         1.8487825115482703E-013
 -0.866025352787812473456988643248464792       -0.500000088328737144142387534407974225         5.5633695804232559E-013
 -0.857167247921559304503266461954460464       -0.515038162751635411444689631701463789         1.6482450505584482E-012
 -0.848048041593492394780628231896428872       -0.529919351552141557724210833690914242         4.8060580449070432E-012
 -0.838670511602353603448243439441908219       -0.544639121775737360429294528430341785         1.3787460362129204E-011
 -0.829037514434779378144548478128578966       -0.559192989637569557237087557712873049         3.8899569087716623E-011
 -0.819151984395187205692901480623958237       -0.573576521888254223768443636550850143         1.0789459780745845E-010
 -0.809016932711958011545712346647703732       -0.587785337164287556937695289558088565         2.9408265272528280E-010
 -0.798635446620186773481935377230061620       -0.601815107322651715708069929253278505         7.8734449970688243E-010
 -0.788010688421280752622136387588283819       -0.615661558759209185362413794483583723         2.0695998537509112E-009
 -0.777145894519691797265785898995054131       -0.629320473710484069571943630828721520         5.3385502062956100E-009
 -0.766044374437076140238743208265829084       -0.642787691538433775048754795209085657         1.3506796072622467E-008
 -0.754709509804181986243420373381238068       -0.656059109997819734859297579523895147         3.3499351867794470E-008
 -0.743144753330771970035413653225666339       -0.669130686485791116977719307096611264         8.1399798799053768E-008
 -0.731353627753894257041889548635589489       -0.681998439273300882755273910552442565         1.9366185942823164E-007
 -0.719339724764822653250633291550903696       -0.694658448717979094024518233512879057         4.5082801723422052E-007
 -0.707106703914992588825443349109046352       -0.707106858458094015859022157033806951         1.0261595474200925E-006
 -0.694658291501266237964246080054908442       -0.719339876587237322850290231359294288         2.2820415044570951E-006
 -0.681998279430866334061998727641964346       -0.731353776809375588388717730492972929         4.9542449777844863E-006
 -0.669130524066324432353157535114126574       -0.743144899573916217056129948906562295         1.0490272485505537E-005
 -0.656058945050795460001728696823887646       -0.754709653190442068032025016339554637         2.1643445903835180E-005
 -0.642787524114096374226292211892438804       -0.766044514922775210529656214635272697         4.3464117129927904E-005
 -0.629320303859832620671137790284564367       -0.777146032062036548825067111689514026         8.4856946255991412E-005
 -0.615661386533981845074224200048564553       -0.788010822978374452504142469800411939         1.6085248963605177E-004
 -0.601814932775309959583261201387752447       -0.798635578151042025180748081259086465         2.9560917646640237E-004
 -0.587785160348000199112289317084431610       -0.809017061176509240153862886916661856         5.2582901274657789E-004
 -0.573576342856881221226974524532138325       -0.819152109754302862264290505337514340         9.0364586340282245E-004
 -0.559192808445645603547037950700119238       -0.829037636650273859543994260933543080         1.4971006477004581E-003
 -0.544638938478455273944221008967031764       -0.838670630636998884056756446462911297         2.3852061089930771E-003
 -0.529919166205335469315672927782086463       -0.848048157411029366513281761466335956         3.6438135037274084E-003
 -0.515037975411763756884162424782481400       -0.857167360486708821685383868179574314         5.3189596888022312E-003
 -0.499999899052865466313843412050187721       -0.866025462066286099194270675422248023         7.3873771396925801E-003
 -0.484809517872631569966952209331191246       -0.874619763886059534733011190183828824         9.7104795773025991E-003
 -0.469471459008579610934454726200369477       -0.882947648038294258003594745813684755         1.1998157029619042E-002
 -0.453990394582282712662573270481883325       -0.891006577768662293380559560689626769         1.3809053318756054E-002
 -0.438371040276196008716607076254082577       -0.898794098248962545308034052769802492         1.4617735640263283E-002
 -0.422618153897214005162258991789872953       -0.906307837324885290424032742955875578         1.3966670883930409E-002
 -0.406736533927396429931370763219454378       -0.913545506238593400091271811721081781         1.1684864882891454E-002
 -0.390731018062304032142353084623430727       -0.920504900325900188082070281019780260         8.0992672515148786E-003
 -0.374606481737389568475075539232503360       -0.927183899687831516279399531286938897         4.1134563640122281E-003
 -0.358367836642892852205919265341287756       -0.933580469836367594059731663670408106         1.0242783582637455E-003
 -0.342020029227692242282767427131265828       -0.939692662314167772139206387938118930         3.4797803646820890E-005
 -0.325568039192568313795240990623725620       -0.945518615288089556696996038594448165         1.6049625229988128E-003
 -0.309016877973338676347780306681655874       -0.951056554116321052124557232930047120         4.9827626534055909E-003
 -0.292371587214325992189813900474928934       -0.956304791888954078355158018346973474         8.3215263510855089E-003
 -0.275637237232624190558418132569518588       -0.961261729941833298956328417730940565         9.5608296389979482E-003
 -0.258818925473630677647600941862122639       -0.965925858343524836554338034223070481         7.7365385175267570E-003
 -0.241921774958315002080831275548439389       -0.970295756355256040224816110357117518         3.8761436151378299E-003
 -0.224950932722696952919280364640661181       -0.974370092863686302733033090224457435         6.0917289962977709E-004
 -0.207911568250009440320691618077971511       -0.978147626786377101433230641902058185         3.8453579559925431E-004
 -0.190808871896023737249988640949801666       -0.981627207449837752717791930470330725         3.4136355519008483E-003
 -0.173648053308016743453908134800613172       -0.984807774940031723610826592976982238         7.1369461712335412E-003
 -0.156434339837861869613661713861904789       -0.987688360425236732882286117708175746         8.1527431069562950E-003
 -0.139172974949726929591949833196680369       -0.990268086451160295362720907480854662         5.3528467457632277E-003
 -0.121869216622864071448319996239866104       -0.992546167208220814400029291550153088         1.3344938831711913E-003
 -0.104528335749978272909480262506517784       -0.994521908770912806043694957261419667         1.5765787283496464E-004
  -8.71556145316622737933524597584847510E-0002 -0.996194709309183341986385415627463498         3.1068421291874366E-003
  -6.97563448673870160871253609623644073E-0002 -0.997564059271755323947158518733791962         6.9173877207264010E-003
  -5.23358267435377116053626178403906146E-0002 -0.998629541541341747447899654423660094         7.1065315477708505E-003
  -3.48993666189865570847290908313482303E-0002 -0.999390831561703675212017687751912455         3.3054392395222881E-003
  -1.74522758086938669329948137667972942E-0002 -0.999847697436513217093710211726674250         1.4417899084266607E-004
   1.31134170005586909090822172682261377E-0007 -0.999999999999991401914728472878349952         1.6960274473180399E-003
   1.74525380370891373748110259401195023E-0002 -0.999847692859299424227398564653173160         5.9273377513462538E-003
   3.48996287275597728861969236567449002E-0002 -0.999390822408670353218763000275535544         6.9734822987735333E-003
   5.23360886524480578187527193224436353E-0002 -0.998629527815276999100173955626166382         3.2278501453859021E-003
   6.97566064968544970123473697229713260E-0002 -0.997564040976840241767376541386083496         8.2319161310332654E-005
   8.71558758019920147388439066077443582E-0002 -0.996194686450990734645548235348329429         2.2859174656546430E-003
  0.104528596581584796024410245666273272       -0.994521881356405500829789321948810327         6.4500838748858726E-003
  0.121869476936295538231453564173828051       -0.992546135245749536273267239784754800         5.8793619822035334E-003
  0.139173234665689342692669621524870143       -0.990268049950461123243680031923063276         1.3982675951393613E-003
  0.156434598877243226553043386773397338       -0.987688319397428133947789790576977339         4.9588163844568813E-004
  0.173648311591911134908391799565688279       -0.984807729397611166500946408191497691         4.7612304460366824E-003
  0.190809129345755382557075175373207938       -0.981627157406677900685622375525709689         6.6483431001426660E-003
  0.207911824787156652885215631154678800       -0.978147572257721586597039520437049008         2.6507498371750736E-003
  0.224951188269116028220164475289736838       -0.974370033866145082717991497638147026         1.1212562263134487E-004
  0.241922029436164021001803038789296357       -0.970295692906800338608719951463056134         3.8673160931575663E-003
  0.258819178805393217881146894485652499       -0.965925790463481668658510414942184975         6.6462797762601262E-003
  0.275637489341132938860251214402973848       -0.961261657650879584649200124611326365         2.8717693599379702E-003
  0.292371838022786250291332403128703400       -0.956304715209110343661823245652356226         1.2008718529402546E-004
  0.309017127405351753366389309407786061       -0.951056473070944721560855407275078991         4.0942871998343611E-003
  0.325568287172154798016981095446419766       -0.945518529901867838371339872134536659         6.4263096011929147E-003
  0.342020275679315145228439971198063859       -0.939692572613110137789423187471354357         2.0390785256831365E-003
  0.358368081491480617930800874799178673       -0.933580375847797856315571648790964344         5.0260381493454455E-004
  0.374606724908358941093366045416078624       -0.927183801440379505564053885149031684         5.2710829942878186E-003
  0.390731259481582774610686945371304729       -0.920504797849493031687995500077889510         5.4950656148498294E-003
  0.406736773521445887171030064798880193       -0.913545399564446406086798487681705004         5.9731612581947699E-004
  0.422618391593051504647142048971754619       -0.906307726485492439167609288027339271         2.1011662046148166E-003
  0.438371276001417091703516156185355792       -0.898793983278086591466482401535212626         6.4247765562641954E-003
  0.453990628265083189291972959072880220       -0.891006458701324481466364139615305158         3.0052121050809285E-003
  0.469471690577777432483503219577997868       -0.882947524910763654563971854349184183         2.7275817902900143E-004
  0.484809747257688511592305004961241375       -0.874619636735841980440277525172603388         5.1152842068880209E-003
  0.500000126183908613679455528498636955       -0.866025330932112784202811483365477150         5.1563988419847046E-003
  0.515038200219606790129053811667189656       -0.857167225408524487735277859534016729         2.5499209191291066E-004
  0.529919388621499737878353941326027432       -0.848048018429980139374336511621332922         3.3168200832848996E-003
  0.544639158435190655824181919470780088       -0.838670487795419740019309906246976916         6.1686442577047213E-003
  0.559193025875951142649369010406605896       -0.829037489991675729774310905816467721         1.0601582403180620E-003
  0.573576557694525536503781156307051696       -0.819151959323359378952690611190560671         2.0230500168607573E-003
  0.587785372527541659284079895064576036       -0.809016907019043128492836829787352995         6.3810445289374171E-003
  0.601815142232116617294891509949997655       -0.798635420314011145318191182104864757         1.8212573010600451E-003
  0.615661593204251124413261225975799915       -0.788010661509857495723466880108444114         1.3805829592387982E-003
  0.629320507680610752051633703489234105       -0.777145867011218392309273084604488975         6.3361822888763153E-003
  0.642787725023297570717914337723846838       -0.766044346339931935170443745347566763         2.1514852237423292E-003
  0.656059142987220829262949536608687479       -0.754709481126925643847666586057929377         1.2526018395206116E-003
  0.669130718969680618407746460631913584       -0.743144724082138860883074703688550434         6.3341579617278475E-003
  0.681998471241783883240349327194573889       -0.731353597942793798611726027922532412         1.9560201943216158E-003
  0.694658480161317683415095201599927529       -0.719339694400335596034274685784315085         1.5861416096547448E-003
  0.707106889366710248089264075657926499       -0.707106673006368250242667141156567094         6.3609395142401213E-003
  0.719339906951716133473388282650630377       -0.694658260057919684931134735155333860         1.2921368343962215E-003
  0.731353806620467662496886765093059122       -0.681998247462375515070191643216607048         2.4865787201643142E-003
  0.743144928822540806711686323100814300       -0.669130491582427259933794445410664879         6.0924399898572047E-003
  0.754709681867689758351329533709055194       -0.656058912061386844462794327498010186         4.5429333609419136E-004
  0.766044543019910633577346160658554703       -0.642787490629225209566914574463052174         4.0254752943641456E-003
  0.777146059570501044491898862125162299       -0.629320269889698723590959870402617398         4.9891432954597588E-003
  0.788010849889788675557915460380594540       -0.615661352088932848010256489337176211         1.7819768407631131E-004
  0.798635604457208497696177127987053832       -0.601814897865838158720626198071521327         5.7610286675477624E-003
  0.809017086869414848543903948645635487       -0.587785124984739358328984510073130935         2.7891449079964930E-003
  0.819152134826121298152299915186789989       -0.573576307050603332946203301217721342         1.4847766108358950E-003
  0.829037661093368003733208080201134747       -0.559192772207257607483784241712690639         6.3072427168631108E-003
  0.838670654443923132870909703178038076       -0.544638901818995734745569305094587483         5.1951564503819236E-004
  0.848048180574531899799741645756458154       -0.529919129135971214106896668320552343         4.4328428029096452E-003
  0.857167382999733811789941120992329431       -0.515037937943786473744816848617889444         4.1845309933910644E-003
  0.866025483921975860234714012878016367       -0.499999861197688264720000062557366909         7.3426792545014928E-004
  0.874619785077756611516795175872773890       -0.484809479641785504247297766512628916         6.4039149857899672E-003
  0.882947668559543453953296518190855129       -0.469471420413710167799243175334578271         7.6182688060260446E-004
  0.891006597613212636849398642115242533       -0.453990355635146263875364174067450801         4.3430584837861816E-003
  0.898794117410769193686496451400488569       -0.438371000988656229989340561648853017         3.9989966403909116E-003
  0.906307855798111371457589992010713837       -0.422618114281238262364506766355598364         1.0883915673710032E-003
  0.913545524017611789848311700442647606       -0.406736493995052133714558887953070087         6.3219341581887273E-003
  0.920504917405295225030452991926165083       -0.390730977825754962089373343364966373         2.6950539375106042E-004
  0.927183916062400650949514831024774467       -0.374606441208892167894985102904240788         5.6005565679280219E-003
  0.933580485501122973791553771637536895       -0.358367795834792494702370141643170055         2.2164514424754087E-003
  0.939692677264337760430617191107839332       -0.342019988152419471233405181937440742         3.0098059318500576E-003
  0.945518629519120186690568409275429561       -0.325567997862635055887563808961509998         4.8764366392236302E-003
  0.951056567623877413790052270380248430       -0.309016836401334430324852115115295083         7.9568966191320624E-004
  0.956304804668921638945186964126764857       -0.292371545412913993966776591737215556         6.3519175899954747E-003
  0.961261741990319156332955636249573874       -0.275637195214537555877945617179575936         1.9934214219549968E-004
  0.965925869656858905004849612715995714       -0.258818883251668523449279607753090535         6.1329126418538573E-003
  0.970295766929992168405443087820590028       -0.241921732545338547765935381308598665         1.0976365173047673E-003
  0.974370102696603323400092808495775713       -0.224950890131625602698534949773264178         4.7833151884598465E-003
  0.978147635874479812641927926460271476       -0.207911525493816847838377819261270071         2.6996732751339218E-003
  0.981627215790357830189797424397610967       -0.190808828987733853683145101375285492         3.1349177873644133E-003
  0.984807782530428563992716225949902619       -0.173648010260699850290415839757999195         4.2650866572175516E-003
  0.987688367263198227637977006233251951       -0.156434296664630597317666546526506343         1.7621483649254406E-003
  0.990268092534603535064168540415248901       -0.139172931663732263369375998456886643         5.4095578270058967E-003
  0.992546172535292723201652219988060229       -0.121869173237291345329156897906971530         8.7033372734965733E-004
  0.994521913339990706147259921977813747       -0.104528292278043153367084243431258914         6.0746353563880615E-003
  0.996194713118875447924411430406087632        -8.71555709866067341241919411859886466E-0002   4.1098857690478056E-004
  0.997564062320901166534276388085346512        -6.97563012624753027772123760600347465E-0002   6.3761747036406042E-003
  0.998629543829012527271027227488958139        -5.23357830920523039120546674201507924E-0002   2.3446501956855099E-004
  0.999390833087202545551674310678851302        -3.48993229342241210646519133267217946E-0002   6.4716104335875279E-003
  0.999847698199375496190289800622249819        -1.74522321039612051485284269906112731E-0002   1.9354298066253384E-004
  0.999999999999984714515072840689658818         1.74845560007448822367050302696929444E-0007   6.4864072523136453E-003
