  0.999847695147914917436295809816708503         1.74524069228916522111858362661472825E-0002   1.2521369008698368E-002
  0.999390826985195607062940344733949867         3.48994976732734650543199355116778597E-0002   8.0176148150110289E-004
  0.998629534678317959575930634653532630         5.23359576979933347010847229643908543E-0002   1.6697079373032661E-003
  0.997564050124306359998034308801778905         6.97564756821213563218625214301280068E-0002   3.4632325228645907E-003
  0.996194697880095603682926241748623404         8.71557451668278936386270310571450901E-0002   2.7386725966191042E-004
  0.994521895063667704420800297768033939        0.104528466165782433211610649421396275         4.0966910645876056E-003
  0.992546151226993709333092441413208729        0.121869346779580852682922376352230995         1.0322817833614266E-003
  0.990268068200819223712492530780934597        0.139173104807709332764532367226833470         7.7309096646414558E-003
  0.987688339911340925643606204916342617        0.156434469357553893120259492662607705         5.1792039537225647E-003
  0.984807752168829912516915709132503467        0.173648182449965432223029917685344183         1.5151708311701755E-004
  0.981627182428266266815926520141163052        0.190809000620891200495589821455546190         3.3311784721558836E-003
  0.978147599522057754211603911383746369        0.207911696518584834245449239277322772         3.1955847497267789E-003
  0.974370063364924070442403128833205970        0.224951060495908424718122484241955261         2.2884542879274272E-003
  0.970295724631036532102147006761086347        0.241921902197241591606461299096606006         2.3297620918866610E-003
  0.965925824403511557719028416108127217        0.258819052139514173112654109540862306         5.2896073776175986E-003
  0.961261693796364706812775784908442687        0.275637363286880934662888232987779580         8.7944026375758944E-004
  0.956304753549040433398307213378131037        0.292371712618558635077489228591117500         7.8439389626526954E-003
  0.951056513593641064107708239521554345        0.309017002689347871811624282783598521         2.5054923030124869E-003
  0.945518572594986827183480939668289878        0.325568163182364355168939779460548979         1.4419323920329050E-003
  0.939692617463647034521568764658005063        0.342020152453506634474039075120798356         2.0077893947746095E-003
  0.933580422842090752191735080873594442        0.358367959067189816346630712909402387         1.9842255061183517E-003
  0.927183850564113482927536241325845349        0.374606603322877475683739439560022666         5.5030909776200444E-003
  0.920504849087704524464218200836928732        0.390731138771946762916169417092700791         4.7949301346228400E-003
  0.913545452901527757830738612901007897        0.406736653724424655707632192211788518         3.8166993536240569E-003
  0.906307781905196657307412084977758557        0.422618272745136388612646888569974634         2.3328994884939443E-003
  0.898794040763532296295062252426935959        0.438371158138810319362659871811427989         5.3758819391342154E-004
  0.891006518235001048373483121176722727        0.453990511423686854426402799844792841         4.1210167523434539E-003
  0.882947586474536547942422097213732668        0.469471574793182558265611602795640042         2.6845564303776895E-003
  0.874619700310958277641407788793682377        0.484809632565164209214189860160204984         7.1424926420933415E-003
  0.866025396499206887858747487660304177        0.500000012618391339039393727839959910         1.5040818020491042E-003
  0.857167292947624024707807591596534761        0.515038087815689701848005241798750175         3.2895437206003717E-003
  0.848048087920512044533583432635970605        0.529919277413422159888147661194031745         4.2468792607446987E-003
  0.838670559216216522999016036720943833        0.544639048456827647737182299415017223         1.1622979530118227E-003
  0.829037563320981922794815316243169524        0.559192917160803181086588463141025327         5.1801712844451852E-003
  0.819152034538838163747533868124502548        0.573576450275708310524607050795673959         1.0437682786997875E-003
  0.809016984097783140320365244792817499        0.587785266437775983026026785361160985         5.3979091059985967E-005
  0.798635499232533451985592901637715485        0.601815037503718462896086499932934015         1.0509262326887283E-002
  0.788010742244122749497361369301249354        0.615661489869121778253731003152362160         2.8198759467222868E-003
  0.777145949536634152534312636040838538        0.629320405770227097311897671348325631         3.9361959780870254E-003
  0.766044430631360159365386326869041164        0.642787624568702499214910798874101956         2.9509120167663392E-003
  0.754709567158690344997059468943269205        0.656059044019013785483942748762286364         8.3703911210423370E-004
  0.743144811828033928592063516710382069        0.669130621518008278622593599648899039         3.5893979667838221E-003
  0.731353687376090981741589584626622846        0.681998375336330972531360212151384108         4.3414218920964935E-004
  0.719339785493792644387097336229376941        0.694658385831297933421706599714744784         7.1213568998197783E-003
  0.707106765732237212815112488622781470        0.707106796640857498221887306863920064         6.1900028993908595E-004
  0.694658354387955362209592090680784153        0.719339815858275578307086741171830944         8.4016434874391571E-003
  0.681998343367844062792644093841188120        0.731353717187187248011012180630929571         3.9224853651168620E-003
  0.669130589034114941697619178744654981        0.743144841076662777996262660780988522         4.4348622447867104E-003
  0.656059011029608930512365939840951499        0.754709595835942361354835190747863622         8.4606189642183710E-004
  0.642787591083835019050354303156128041        0.766044458728499973423622612943820500         2.9058792201457299E-003
  0.629320371800096807531671597000179486        0.777145977045103102846221438615669219         4.1959972746859562E-003
  0.615661455424076310196027270612443722        0.788010769155541489473814005004364656         1.4449759832075126E-003
  0.601815002594250111671058053340791512        0.798635525538704502325405705266155607         5.8884047825104625E-003
  0.587785231074518511460878022799047427        0.809017009790693386042044443920646159         6.2583510296759088E-004
  0.573576414469433710016244813858093648        0.819152059610661295061859577439034968         3.2189061602663719E-003
  0.559192880922418390348509301577911528        0.829037587764080819074751175881631405         7.7453708288702586E-003
  0.544639011797371230440097550826292188        0.838670583023145579120764125682050594         1.7025302735428174E-003
  0.529919240344060942206369252116997182        0.848048111084019438880158396730344051         5.5315855927277275E-003
  0.515038050347715370935828210895342911        0.857167315460653928144274088163964237         6.1116840415181128E-003
  0.499999974763217003473612574031312448        0.866025418354901613006245653456597576         1.0022968076121751E-002
  0.484809594334320922450471303279985708        0.874619721502660367795277005968712453         1.7690671898334294E-004
  0.469471536198315806167712682590221808        0.882947606995790804998118325664629469         1.3135223217802553E-003
  0.453990472476553007938166999101461251        0.891006538079556499142563883518592460         7.5170880884428248E-004
  0.438371118851273053403341797470108670        0.898794059925344096612280341089766662         1.3574041860164997E-003
  0.422618233129163068286404746569758166        0.906307800378427933348908492907082764         2.6089531477793051E-003
  0.406736613792082690927983713502442018        0.913545470680551384082451297830557278         1.9332138280031585E-003
  0.390731098535399932555828000880699691        0.920504866167104837798920252115695941         9.7522299570109647E-003
  0.374606562794382222369530144775359981        0.927183866938687932268378949778684890         1.7799703225024463E-003
  0.358367918259091513028127522422806550        0.933580438506851483259792387860543962         7.0190211290188159E-003
  0.342020111378235823903162855653924355        0.939692632413822409184653609633304215         7.9931470785701581E-003
  0.325568121852432963436007944380443980        0.945518586826022876943425112760176529         7.2347955161873112E-003
  0.309016961117345397091245821544652191        0.951056527101202877283359408801845980         3.4720966509592635E-003
  0.292371670817148312745250088256908034        0.956304766329013475581693724467230186         8.0395523308220349E-003
  0.275637321268795879950969723825851233        0.961261705844856074196215471186490128         1.7927985616348979E-002
  0.258819009917553502479368865650354063        0.965925835716851162911405819689174388         1.3587463319693783E-003
  0.241921859784266524001175272305156874        0.970295735205778222073147864825840235         1.7788869103269190E-003
  0.224951017904838363929155510021169235        0.974370073197846676254169462774723196         4.3495832079667816E-003
  0.207911653762393433524309021727036186        0.978147608610166072218051269851313107         1.8258785432013931E-002
  0.190808957712602410656292985241170372        0.981627190768791971030840542224990171         3.6907372185015840E-004
  0.173648139402649534420297423652525326        0.984807759759232397872911831700827969         1.6533631507041539E-003
  0.156434426184323517515040677401082500        0.987688346749308081885087651849642382         1.2591082458097520E-003
  0.139173061521715464289610723508270186        0.990268074284268139686871279110781512         3.5234605918995510E-003
  0.121869303394008825125285631651573561        0.992546156554071307465739223897621079         5.9472255244188551E-003
  0.104528422693847912831826526702142082        0.994521899632751305180456415079662049         2.3265897205884743E-003
   8.71557016217728535506532056048487543E-0002  0.996194701689793419865635542169368312         2.9730899684663826E-003
   6.97564320772100428595337489246219696E-0002  0.997564053173457920679031653127443213         7.1456986091516215E-004
   5.23359140465082269999610498775049731E-0002  0.998629536965994463600346986980825924         5.0878534595500636E-003
   3.48994539885112290796465697708555039E-0002  0.999390828510700205967647790025240419         2.7999280227181188E-004
   1.74523632181590904644070244085130707E-0002  0.999847695910782927716711758728444791         1.6897669887832403E-003
  -4.37113900018624143885728940026521501E-0008  0.999999999999999044657192052540821985         3.7475251409455936E-004
  -1.74524506276241806119017778098082272E-0002  0.999847694385044996761270656096586605         2.4676909772081172E-003
  -3.48995413580356343470250949707193639E-0002  0.999390825459689098636555121502399173         3.3471430805296775E-003
  -5.23360013494783424046468284104885246E-0002  0.998629532390639547484426764628560154         6.6480520190473748E-004
  -6.97565192870325365014965925826954028E-0002  0.997564047075152893285755458086610835         3.4838018870829790E-003
  -8.71557887118827671993722236483335740E-0002  0.996194694070395884085337071045292433         2.0647357973477358E-003
 -0.104528509637716753870358017621507014        0.994521890494582203442464589751114551         6.3575775518662984E-004
 -0.121869390165152647386551210798062137        0.992546145899914214756791397649546299         2.5155179420449712E-003
 -0.139173148093702935323404535419267226        0.990268062117368415647159991097794025         1.6623692844877302E-003
 -0.156434512530783969828387876291539572        0.987688333073371882240220702253135526         4.5026977873559960E-004
 -0.173648225497280998238677978272808628        0.984807744578425545502913095773279027         1.9986257534815163E-003
 -0.190809043529179625758873788048559444        0.981627174087738687020074860912026163         7.3006270884858244E-005
 -0.207911739274775837712701542457992734        0.978147590433947567272607923977311738         6.8062812974043780E-003
 -0.224951103086978055696333888622914729        0.974370053531999602915772164911116483         7.4079961570274713E-004
 -0.241921944610216196975048627681302229        0.970295714056292988201061931838193202         8.9914013445937884E-004
 -0.258819094361474349224099310904746239        0.965925813090170106946072303296840415         9.0672089953702513E-004
 -0.275637405304965462718461506704251945        0.961261681747871502760444651130875874         2.6442324052028620E-003
 -0.292371754419968398779302574082548372        0.956304740769065564017183684202600870         2.4187852265228848E-003
 -0.309017044261349756097660638524264467        0.951056500086077433762056643701394497         3.4322579798987312E-005
 -0.325568204512295124843465228667533566        0.945518558363948970834800547839924837         4.4068273329309001E-004
 -0.342020193528776791551929655485476887        0.939692602513469864401316369246359316         4.4729488041861344E-003
 -0.358367999875287434936629316097532902        0.933580407177328237344992568408170917         1.9955126244527196E-003
 -0.374606643851372013242500146069166614        0.927183834189537262029846969957891286         2.8907311755125000E-003
 -0.390731179008492846712144299504787931        0.920504832008302452334141636158566954         1.0419076556447639E-003
 -0.406736693656765843341406942430673712        0.913545435122502386080869602813765279         9.7085734052249181E-004
 -0.422618312361108901448234282082682232        0.906307763431963649596673217160417263         1.5239180660790281E-003
 -0.438371197426346747732511667131300789        0.898794021601718778664998824812044710         1.3757933097844101E-003
 -0.453990550370819833481498670572039223        0.891006498390443895171064298605071911         2.9321409330447731E-003
 -0.469471613388048413350925494131814184        0.882947565953280603851472802731287357         7.9348868715507228E-004
 -0.484809670796006569659117027480580206        0.874619679119254516364257809146419965         8.9484140566994453E-004
 -0.500000050473564719262342824410602097        0.866025374643510508008981231136027207         4.3304152000206465E-003
 -0.515038125283663048684316245240033897        0.857167270434592483494124044418188262         3.1568112121509494E-003
 -0.529919314482782365060785131016448908        0.848048064757003029833725291630169462         6.7641435723162272E-004
 -0.544639085116283024400271306847725348        0.838670535409285864441493978787573693         5.8921390368589966E-005
 -0.559192953399186903382804295238852895        0.829037538877881442484732182631986857         1.2065535184672127E-003
 -0.573576486081981815108696129870507521        0.819152009467013467291198534394539664         3.7525193262571807E-003
 -0.587785301801032331518321730302586816        0.809016958404871348821571515342839912         2.1362316872252651E-004
 -0.601815072413185664241779358909376320        0.798635472926360875704419371350500556         2.1261415923582378E-003
 -0.615661524314166069975881782326297925        0.788010715332702503880118357074700178         2.5678558202196222E-003
 -0.629320439740356184658676651370178823        0.777145922028163717340816602821041611         1.4641591427730200E-003
 -0.642787658053568751214398955909187037        0.766044402534218881637075297041815062         3.8096843921774284E-003
 -0.656059077008417386932940972782913692        0.754709538481436886626569598749165221         1.5318454269688195E-003
 -0.669130654001900337049314331267985916        0.743144782579403659271761885879561337         7.2807690726667184E-005
 -0.681998407304816579185590511630339040        0.731353657564993318085196387416342878         8.4798104203184657E-004
 -0.694658417274639177360035340105386592        0.719339755129308336034926847361267119         1.2507488140305572E-003
 -0.707106827549476432569876881885463569        0.707106734823615576349611483818234243         4.8540541851971831E-003
 -0.719339846222757137794837045207853301        0.694658322944611463723751891345871284         1.4829530420293582E-004
 -0.731353746998282116893407215796433056        0.681998311399355849969503238427851457         8.6102831940219253E-004
 -0.743144870325290207484303433156953262        0.669130556550220326274453135063000843         4.7066516647844931E-003
 -0.754709624513192935699841970950017312        0.656058978040202822018273578400242520         7.8394095925390570E-004
 -0.766044486825638323811730470465262438        0.642787557598966310720793447809909758         2.8431037497961028E-003
 -0.777146004553570568276490450509594855        0.629320337829965315318063334565054987         1.5084472425772418E-004
 -0.788010796066958723809424844923356445        0.615661420979029665802836398359457273         4.7497820403416384E-004
 -0.798635551844874026723807519413185981        0.601814967684780610566760720151986025         1.8547774853268360E-003
 -0.809017035483602085986560021652288684        0.587785195711259916822943010683628365         2.8870502718412070E-003
 -0.819152084682482861234127757966315687        0.573576378663158013583677833591604651         2.8588265139021692E-003
 -0.829037612207178131324493058469903539        0.559192844684032531168636050710074555         1.2560204772440026E-003
 -0.838670606830073032806692758113987868        0.544638975137913772509087105777613159         6.7634243514441120E-004
 -0.848048134247525212873405925732897674        0.529919203274698712015520731680614438         4.5904712696763425E-003
 -0.857167337973682193803480518798070118        0.515038012879740055947856742049422680         9.9746296619816722E-004
 -0.866025440210594683451433969163370496        0.499999936908041712565071692321749891         6.6994961736656876E-004
 -0.874619742694360786825824969991150130        0.484809556103476709368034403962274223         8.2148611745816506E-006
 -0.882947627517043375018522278418648851        0.469471497603448157057302476172309862         3.2907710655000746E-003
 -0.891006557924110247478268668924027410        0.453990433529418294016865684070465369         3.2069739552490590E-004
 -0.898794079087154179616616478602355388        0.438371079563734949854632510239680987         5.4145349060874207E-003
 -0.906307818851657477721127144411111829        0.422618193513188940469583549752415466         6.1843731246251420E-004
 -0.913545488459573264835973687477705978        0.406736573859739949002537804454035319         4.1028557948493842E-004
 -0.920504883246503392338215156630361796        0.390731058298852355631196930260047114         3.7518298509618430E-003
 -0.927183883313260610052343808652543520        0.374606522265886253299949698928092646         1.6331004834470358E-003
 -0.933580454171610430549134558936014177        0.358367877450992524981197716084185471         9.6436416092652742E-004
 -0.939692647363995988390542339087213012        0.342020070302964359839379479013961975         2.0074757339559075E-004
 -0.945518601057057120114605876079705373        0.325568080522500949644748691932634387         1.7946350335007713E-003
 -0.951056540608762873288984342838206917        0.309016919545342331936604685834577763         2.5027822986401827E-003
 -0.956304779108984690567318798959234947        0.292371629015737431782665022433347317         3.5677338081564740E-003
 -0.961261717893345604910740689085869402        0.275637279250710298582786262569188039         1.7285178858833846E-003
 -0.965925847030188922523182897804730472        0.258818967695592337324324252126149805         1.0734895498741306E-003
 -0.970295745780518058114044301025616119        0.241921817371290994159271585168344221         1.5009042589553189E-003
 -0.974370083030767420351052379111883006        0.224950975313767873329514344105486927         2.6306312286564666E-003
 -0.978147617698272521291932634862173031        0.207911611006201635549362583447032822         1.5092389972019245E-003
 -0.981627199109315799664800991041015508        0.190808914804313256241065263655625818         2.4061632191793290E-004
 -0.984807767349633001570886960605404995        0.173648096355333304830562746061640450         5.9703705818050926E-004
 -0.987688353587273350964651977847547295        0.156434383011092843012813920977234369         4.3006128542109334E-003
 -0.990268080367715163570284612528996076        0.139173018235721329898722310189432012         1.6532533165761365E-003
 -0.992546161881147009154721566732241875        0.121869260008436564713723872884499872         3.3736073110650069E-003
 -0.994521904201833005721424211603684926        0.104528379221913192731088710663727642         8.2333234868689248E-004
 -0.996194705499489332633457693172708839         8.71556580767176469355339482017533676E-0002   4.9151996001299493E-004
 -0.997564056222607575328741665093576202         6.97563884722985961145935903430059321E-0002   2.6863752286867266E-003
 -0.998629539253669059557671450579849848         5.23358703950230193013592134145386271E-0002   2.1907907874999261E-003
 -0.999390830036202895350674542616576452         3.48994103037489264230884655950907440E-0002   2.3241350239441762E-004
 -0.999847696673649027602517045230861294         1.74523195134264953716488482407574735E-0002   4.5683146058585260E-004
 -0.999999999999996178628768210165113239        -8.74227800037247452584216606738406438E-0008   4.3641825516456557E-003
 -0.999847693622173165691637755172663386        -1.74524943323566756664713430357069651E-0002   1.0968293245015169E-003
 -0.999390823934180680688495035093930618        -3.48995850427977369576785803012697396E-0002   4.3641825516455967E-003
 -0.998629530102959227325839747940144280        -5.23360450009632501105639619512813261E-0002   4.5683146058583037E-004
 -0.997564044025997520542200926955608589        -6.97565628919435833983526471057494744E-0002   2.3241350239442960E-004
 -0.996194690260694261072875309197830449        -8.71558322569374742328055824684243031E-0002   2.1907907874999205E-003
 -0.994521885925494802245458021114848219       -0.104528553109650874807985570102872678         2.6863752286867930E-003
 -0.992546140572832823736846270980798804       -0.121869433550724209236089238801101084         4.9151996001299168E-004
 -0.990268056033915715490885283623313847       -0.139173191379696271966144522160225719         8.2333234868693650E-004
 -0.987688326235400951674944209069114075       -0.156434555704013747639343337818178847         3.3736073110650446E-003
 -0.984807736988019296830918494499597801       -0.173648268544596232467159355528263367         1.6532533165761580E-003
 -0.981627165747209231643301500663655288       -0.190809086437467686446062900770713708         4.3006128542110271E-003
 -0.978147581345835511401080672153419002       -0.207911782030966443925984237629905328         5.9703705818052845E-004
 -0.974370043699073273674295358635797084       -0.224951145678047256863708345019937733         2.4061632191793564E-004
 -0.970295703481547590369912845067542005       -0.241921987023190340106856220198740156         1.5092389972019278E-003
 -0.965925801776826810592559097494091629       -0.258819136583434030813623796850022430         2.6306312286565278E-003
 -0.961261669699376462039245090736448010       -0.275637447323049464117609261625552768         1.5009042589553335E-003
 -0.956304727989088867438347555454793991       -0.292371796221377603850610255378841332         1.0734895498742012E-003
 -0.951056486578511986246430430048900602       -0.309017085833351049949275457740625666         1.7285178858834288E-003
 -0.945518544132909307897411128314412761       -0.325568245842225272459505323497169931         3.5677338081564723E-003
 -0.939692587563290898823924988486840721       -0.342020234604046295136756114820102111         2.5027822986402742E-003
 -0.933580391512563938719594780900687002       -0.358368040683384368798045360542066200         1.7946350335008559E-003
 -0.927183817814959269575342422342074688       -0.374606684379865835045734827091244765         2.0074757339559978E-004
 -0.920504814928898621408723191448477851       -0.390731219245038183943675768727125890         9.6436416092649609E-004
 -0.913545417343475268832878237696871809       -0.406736733589106253829231666009181427         1.6331004834470647E-003
 -0.906307744958728910216727185995645683       -0.422618351977080606793091233439041182         3.7518298509619562E-003
 -0.898794002439903543722126670446555651       -0.438371236713882338512822117298989223         4.1028557948495506E-004
 -0.891006478545885039535345332513546320       -0.453990589317951945103380195556437034         6.1843731246255659E-004
 -0.882947545432022972725309651885845876       -0.469471651982913371423580613943707646         5.4145349060875118E-003
 -0.874619657927549083963867557710478281       -0.484809709026848003785179758120529649         3.2069739552488731E-004
 -0.866025352787812473456988643248464792       -0.500000088328737144142387534407974225         3.2907710655002073E-003
 -0.857167247921559304503266461954460464       -0.515038162751635411444689631701463789         8.2148611745819742E-006
 -0.848048041593492394780628231896428872       -0.529919351552141557724210833690914242         6.6994961736652344E-004
 -0.838670511602353603448243439441908219       -0.544639121775737360429294528430341785         9.9746296619815811E-004
 -0.829037514434779378144548478128578966       -0.559192989637569557237087557712873049         4.5904712696764579E-003
 -0.819151984395187205692901480623958237       -0.573576521888254223768443636550850143         6.7634243514443971E-004
 -0.809016932711958011545712346647703732       -0.587785337164287556937695289558088565         1.2560204772440768E-003
 -0.798635446620186773481935377230061620       -0.601815107322651715708069929253278505         2.8588265139021770E-003
 -0.788010688421280752622136387588283819       -0.615661558759209185362413794483583723         2.8870502718412777E-003
 -0.777145894519691797265785898995054131       -0.629320473710484069571943630828721520         1.8547774853268683E-003
 -0.766044374437076140238743208265829084       -0.642787691538433775048754795209085657         4.7497820403423317E-004
 -0.754709509804181986243420373381238068       -0.656059109997819734859297579523895147         1.5084472425771451E-004
 -0.743144753330771970035413653225666339       -0.669130686485791116977719307096611264         2.8431037497960729E-003
 -0.731353627753894257041889548635589489       -0.681998439273300882755273910552442565         7.8394095925394462E-004
 -0.719339724764822653250633291550903696       -0.694658448717979094024518233512879057         4.7066516647846423E-003
 -0.707106703914992588825443349109046352       -0.707106858458094015859022157033806951         8.6102831940219101E-004
 -0.694658291501266237964246080054908442       -0.719339876587237322850290231359294288         1.4829530420296452E-004
 -0.681998279430866334061998727641964346       -0.731353776809375588388717730492972929         4.8540541851972456E-003
 -0.669130524066324432353157535114126574       -0.743144899573916217056129948906562295         1.2507488140305612E-003
 -0.656058945050795460001728696823887646       -0.754709653190442068032025016339554637         8.4798104203187498E-004
 -0.642787524114096374226292211892438804       -0.766044514922775210529656214635272697         7.2807690726661180E-005
 -0.629320303859832620671137790284564367       -0.777146032062036548825067111689514026         1.5318454269688121E-003
 -0.615661386533981845074224200048564553       -0.788010822978374452504142469800411939         3.8096843921773841E-003
 -0.601814932775309959583261201387752447       -0.798635578151042025180748081259086465         1.4641591427730265E-003
 -0.587785160348000199112289317084431610       -0.809017061176509240153862886916661856         2.5678558202197198E-003
 -0.573576342856881221226974524532138325       -0.819152109754302862264290505337514340         2.1261415923582681E-003
 -0.559192808445645603547037950700119238       -0.829037636650273859543994260933543080         2.1362316872249623E-004
 -0.544638938478455273944221008967031764       -0.838670630636998884056756446462911297         3.7525193262572453E-003
 -0.529919166205335469315672927782086463       -0.848048157411029366513281761466335956         1.2065535184672055E-003
 -0.515037975411763756884162424782481400       -0.857167360486708821685383868179574314         5.8921390368579408E-005
 -0.499999899052865466313843412050187721       -0.866025462066286099194270675422248023         6.7641435723157794E-004
 -0.484809517872631569966952209331191246       -0.874619763886059534733011190183828824         3.1568112121510110E-003
 -0.469471459008579610934454726200369477       -0.882947648038294258003594745813684755         4.3304152000206344E-003
 -0.453990394582282712662573270481883325       -0.891006577768662293380559560689626769         8.9484140566996068E-004
 -0.438371040276196008716607076254082577       -0.898794098248962545308034052769802492         7.9348868715510491E-004
 -0.422618153897214005162258991789872953       -0.906307837324885290424032742955875578         2.9321409330449158E-003
 -0.406736533927396429931370763219454378       -0.913545506238593400091271811721081781         1.3757933097843960E-003
 -0.390731018062304032142353084623430727       -0.920504900325900188082070281019780260         1.5239180660790667E-003
 -0.374606481737389568475075539232503360       -0.927183899687831516279399531286938897         9.7085734052247230E-004
 -0.358367836642892852205919265341287756       -0.933580469836367594059731663670408106         1.0419076556447951E-003
 -0.342020029227692242282767427131265828       -0.939692662314167772139206387938118930         2.8907311755125291E-003
 -0.325568039192568313795240990623725620       -0.945518615288089556696996038594448165         1.9955126244527036E-003
 -0.309016877973338676347780306681655874       -0.951056554116321052124557232930047120         4.4729488041861413E-003
 -0.292371587214325992189813900474928934       -0.956304791888954078355158018346973474         4.4068273329310687E-004
 -0.275637237232624190558418132569518588       -0.961261729941833298956328417730940565         3.4322579798991940E-005
 -0.258818925473630677647600941862122639       -0.965925858343524836554338034223070481         2.4187852265228908E-003
 -0.241921774958315002080831275548439389       -0.970295756355256040224816110357117518         2.6442324052028269E-003
 -0.224950932722696952919280364640661181       -0.974370092863686302733033090224457435         9.0672089953701862E-004
 -0.207911568250009440320691618077971511       -0.978147626786377101433230641902058185         8.9914013445934534E-004
 -0.190808871896023737249988640949801666       -0.981627207449837752717791930470330725         7.4079961570273488E-004
 -0.173648053308016743453908134800613172       -0.984807774940031723610826592976982238         6.8062812974044422E-003
 -0.156434339837861869613661713861904789       -0.987688360425236732882286117708175746         7.3006270884852634E-005
 -0.139172974949726929591949833196680369       -0.990268086451160295362720907480854662         1.9986257534815237E-003
 -0.121869216622864071448319996239866104       -0.992546167208220814400029291550153088         4.5026977873558247E-004
 -0.104528335749978272909480262506517784       -0.994521908770912806043694957261419667         1.6623692844877484E-003
  -8.71556145316622737933524597584847510E-0002 -0.996194709309183341986385415627463498         2.5155179420449604E-003
  -6.97563448673870160871253609623644073E-0002 -0.997564059271755323947158518733791962         6.3575775518662442E-004
  -5.23358267435377116053626178403906146E-0002 -0.998629541541341747447899654423660094         2.0647357973477424E-003
  -3.48993666189865570847290908313482303E-0002 -0.999390831561703675212017687751912455         3.4838018870829721E-003
  -1.74522758086938669329948137667972942E-0002 -0.999847697436513217093710211726674250         6.6480520190476632E-004
   1.31134170005586909090822172682261377E-0007 -0.999999999999991401914728472878349952         3.3471430805296965E-003
   1.74525380370891373748110259401195023E-0002 -0.999847692859299424227398564653173160         2.4676909772080981E-003
   3.48996287275597728861969236567449002E-0002 -0.999390822408670353218763000275535544         3.7475251409454727E-004
   5.23360886524480578187527193224436353E-0002 -0.998629527815276999100173955626166382         1.6897669887832424E-003
   6.97566064968544970123473697229713260E-0002 -0.997564040976840241767376541386083496         2.7999280227182077E-004
   8.71558758019920147388439066077443582E-0002 -0.996194686450990734645548235348329429         5.0878534595500723E-003
  0.104528596581584796024410245666273272       -0.994521881356405500829789321948810327         7.1456986091522016E-004
  0.121869476936295538231453564173828051       -0.992546135245749536273267239784754800         2.9730899684663917E-003
  0.139173234665689342692669621524870143       -0.990268049950461123243680031923063276         2.3265897205884270E-003
  0.156434598877243226553043386773397338       -0.987688319397428133947789790576977339         5.9472255244188005E-003
  0.173648311591911134908391799565688279       -0.984807729397611166500946408191497691         3.5234605918994660E-003
  0.190809129345755382557075175373207938       -0.981627157406677900685622375525709689         1.2591082458096507E-003
  0.207911824787156652885215631154678800       -0.978147572257721586597039520437049008         1.6533631507040551E-003
  0.224951188269116028220164475289736838       -0.974370033866145082717991497638147026         3.6907372185008490E-004
  0.241922029436164021001803038789296357       -0.970295692906800338608719951463056134         1.8258785432013702E-002
  0.258819178805393217881146894485652499       -0.965925790463481668658510414942184975         4.3495832079664589E-003
  0.275637489341132938860251214402973848       -0.961261657650879584649200124611326365         1.7788869103267072E-003
  0.292371838022786250291332403128703400       -0.956304715209110343661823245652356226         1.3587463319693883E-003
  0.309017127405351753366389309407786061       -0.951056473070944721560855407275078991         1.7927985616348500E-002
  0.325568287172154798016981095446419766       -0.945518529901867838371339872134536659         8.0395523308218527E-003
  0.342020275679315145228439971198063859       -0.939692572613110137789423187471354357         3.4720966509589747E-003
  0.358368081491480617930800874799178673       -0.933580375847797856315571648790964344         7.2347955161871560E-003
  0.374606724908358941093366045416078624       -0.927183801440379505564053885149031684         7.9931470785696065E-003
  0.390731259481582774610686945371304729       -0.920504797849493031687995500077889510         7.0190211290189018E-003
  0.406736773521445887171030064798880193       -0.913545399564446406086798487681705004         1.7799703225023968E-003
  0.422618391593051504647142048971754619       -0.906307726485492439167609288027339271         9.7522299570108884E-003
  0.438371276001417091703516156185355792       -0.898793983278086591466482401535212626         1.9332138280029622E-003
  0.453990628265083189291972959072880220       -0.891006458701324481466364139615305158         2.6089531477792782E-003
  0.469471690577777432483503219577997868       -0.882947524910763654563971854349184183         1.3574041860165548E-003
  0.484809747257688511592305004961241375       -0.874619636735841980440277525172603388         7.5170880884428324E-004
  0.500000126183908613679455528498636955       -0.866025330932112784202811483365477150         1.3135223217803158E-003
  0.515038200219606790129053811667189656       -0.857167225408524487735277859534016729         1.7690671898335251E-004
  0.529919388621499737878353941326027432       -0.848048018429980139374336511621332922         1.0022968076121644E-002
  0.544639158435190655824181919470780088       -0.838670487795419740019309906246976916         6.1116840415182368E-003
  0.559193025875951142649369010406605896       -0.829037489991675729774310905816467721         5.5315855927276078E-003
  0.573576557694525536503781156307051696       -0.819151959323359378952690611190560671         1.7025302735427241E-003
  0.587785372527541659284079895064576036       -0.809016907019043128492836829787352995         7.7453708288698405E-003
  0.601815142232116617294891509949997655       -0.798635420314011145318191182104864757         3.2189061602663138E-003
  0.615661593204251124413261225975799915       -0.788010661509857495723466880108444114         6.2583510296749178E-004
  0.629320507680610752051633703489234105       -0.777145867011218392309273084604488975         5.8884047825105241E-003
  0.642787725023297570717914337723846838       -0.766044346339931935170443745347566763         1.4449759832075313E-003
  0.656059142987220829262949536608687479       -0.754709481126925643847666586057929377         4.1959972746861514E-003
  0.669130718969680618407746460631913584       -0.743144724082138860883074703688550434         2.9058792201457858E-003
  0.681998471241783883240349327194573889       -0.731353597942793798611726027922532412         8.4606189642198715E-004
  0.694658480161317683415095201599927529       -0.719339694400335596034274685784315085         4.4348622447865655E-003
  0.707106889366710248089264075657926499       -0.707106673006368250242667141156567094         3.9224853651166165E-003
  0.719339906951716133473388282650630377       -0.694658260057919684931134735155333860         8.4016434874389628E-003
  0.731353806620467662496886765093059122       -0.681998247462375515070191643216607048         6.1900028993904248E-004
  0.743144928822540806711686323100814300       -0.669130491582427259933794445410664879         7.1213568998197644E-003
  0.754709681867689758351329533709055194       -0.656058912061386844462794327498010186         4.3414218920974855E-004
  0.766044543019910633577346160658554703       -0.642787490629225209566914574463052174         3.5893979667840242E-003
  0.777146059570501044491898862125162299       -0.629320269889698723590959870402617398         8.3703911210416886E-004
  0.788010849889788675557915460380594540       -0.615661352088932848010256489337176211         2.9509120167664849E-003
  0.798635604457208497696177127987053832       -0.601814897865838158720626198071521327         3.9361959780868667E-003
  0.809017086869414848543903948645635487       -0.587785124984739358328984510073130935         2.8198759467222196E-003
  0.819152134826121298152299915186789989       -0.573576307050603332946203301217721342         1.0509262326887342E-002
  0.829037661093368003733208080201134747       -0.559192772207257607483784241712690639         5.3979091059967407E-005
  0.838670654443923132870909703178038076       -0.544638901818995734745569305094587483         1.0437682786997343E-003
  0.848048180574531899799741645756458154       -0.529919129135971214106896668320552343         5.1801712844455287E-003
  0.857167382999733811789941120992329431       -0.515037937943786473744816848617889444         1.1622979530118713E-003
  0.866025483921975860234714012878016367       -0.499999861197688264720000062557366909         4.2468792607446692E-003
  0.874619785077756611516795175872773890       -0.484809479641785504247297766512628916         3.2895437206003218E-003
  0.882947668559543453953296518190855129       -0.469471420413710167799243175334578271         1.5040818020489906E-003
  0.891006597613212636849398642115242533       -0.453990355635146263875364174067450801         7.1424926420933770E-003
  0.898794117410769193686496451400488569       -0.438371000988656229989340561648853017         2.6845564303775082E-003
  0.906307855798111371457589992010713837       -0.422618114281238262364506766355598364         4.1210167523437835E-003
  0.913545524017611789848311700442647606       -0.406736493995052133714558887953070087         5.3758819391335616E-004
  0.920504917405295225030452991926165083       -0.390730977825754962089373343364966373         2.3328994884941464E-003
  0.927183916062400650949514831024774467       -0.374606441208892167894985102904240788         3.8166993536240404E-003
  0.933580485501122973791553771637536895       -0.358367795834792494702370141643170055         4.7949301346228088E-003
  0.939692677264337760430617191107839332       -0.342019988152419471233405181937440742         5.5030909776201935E-003
  0.945518629519120186690568409275429561       -0.325567997862635055887563808961509998         1.9842255061182966E-003
  0.951056567623877413790052270380248430       -0.309016836401334430324852115115295083         2.0077893947745258E-003
  0.956304804668921638945186964126764857       -0.292371545412913993966776591737215556         1.4419323920330171E-003
  0.961261741990319156332955636249573874       -0.275637195214537555877945617179575936         2.5054923030126872E-003
  0.965925869656858905004849612715995714       -0.258818883251668523449279607753090535         7.8439389626528966E-003
  0.970295766929992168405443087820590028       -0.241921732545338547765935381308598665         8.7944026375749219E-004
  0.974370102696603323400092808495775713       -0.224950890131625602698534949773264178         5.2896073776175301E-003
  0.978147635874479812641927926460271476       -0.207911525493816847838377819261270071         2.3297620918865582E-003
  0.981627215790357830189797424397610967       -0.190808828987733853683145101375285492         2.2884542879273977E-003
  0.984807782530428563992716225949902619       -0.173648010260699850290415839757999195         3.1955847497270712E-003
  0.987688367263198227637977006233251951       -0.156434296664630597317666546526506343         3.3311784721559313E-003
  0.990268092534603535064168540415248901       -0.139172931663732263369375998456886643         1.5151708311699987E-004
  0.992546172535292723201652219988060229       -0.121869173237291345329156897906971530         5.1792039537224867E-003
  0.994521913339990706147259921977813747       -0.104528292278043153367084243431258914         7.7309096646415330E-003
  0.996194713118875447924411430406087632        -8.71555709866067341241919411859886466E-0002   1.0322817833614585E-003
  0.997564062320901166534276388085346512        -6.97563012624753027772123760600347465E-0002   4.0966910645875484E-003
  0.998629543829012527271027227488958139        -5.23357830920523039120546674201507924E-0002   2.7386725966198160E-004
  0.999390833087202545551674310678851302        -3.48993229342241210646519133267217946E-0002   3.4632325228645638E-003
  0.999847698199375496190289800622249819        -1.74522321039612051485284269906112731E-0002   1.6697079373032668E-003
  0.999999999999984714515072840689658818         1.74845560007448822367050302696929444E-0007   8.0176148150122323E-004
