   1.00000000000000000000000000000000000         9.6952893806492784E-005
   2.00000000000000000000000000000000000         3.8769345305247487E-004
   3.00000000000000000000000000000000000         8.7186745513109483E-004
   4.00000000000000000000000000000000000         1.5488836176675209E-003
   5.00000000000000000000000000000000000         2.4179212717231682E-003
   6.00000000000000000000000000000000000         3.4779174269491909E-003
   7.00000000000000000000000000000000000         4.7275821243764468E-003
   8.00000000000000000000000000000000000         6.1653997806468356E-003
   9.00000000000000000000000000000000000         7.7895975769587027E-003
   10.0000000000000000000000000000000000         9.5982176449758115E-003
   11.0000000000000000000000000000000000         1.1589049797143730E-002
   12.0000000000000000000000000000000000         1.3759657811209929E-002
   13.0000000000000000000000000000000000         1.6107428234612600E-002
   14.0000000000000000000000000000000000         1.8629469553557647E-002
   15.0000000000000000000000000000000000         2.1322719802569157E-002
   16.0000000000000000000000000000000000         2.4183883223424098E-002
   17.0000000000000000000000000000000000         2.7209516123326852E-002
   18.0000000000000000000000000000000000         3.0395887610192615E-002
   19.0000000000000000000000000000000000         3.3739137315353045E-002
   20.0000000000000000000000000000000000         3.7235202048554752E-002
   21.0000000000000000000000000000000000         4.0879771718785603E-002
   22.0000000000000000000000000000000000         4.4668459916995223E-002
   23.0000000000000000000000000000000000         4.8596630878644770E-002
   24.0000000000000000000000000000000000         5.2659491761363447E-002
   25.0000000000000000000000000000000000         5.6852119030715506E-002
   26.0000000000000000000000000000000000         6.1169382787443646E-002
   27.0000000000000000000000000000000000         6.5606016264321651E-002
   28.0000000000000000000000000000000000         7.0156627547051972E-002
   29.0000000000000000000000000000000000         7.4815674469701318E-002
   30.0000000000000000000000000000000000         7.9577481044430645E-002
   31.0000000000000000000000000000000000         8.4436225115332317E-002
   32.0000000000000000000000000000000000         8.9385969737090717E-002
   33.0000000000000000000000000000000000         9.4420797842928131E-002
   34.0000000000000000000000000000000000         9.9534454618173188E-002
   35.0000000000000000000000000000000000        0.10472074881508735     
   36.0000000000000000000000000000000000        0.10997341380880467     
   37.0000000000000000000000000000000000        0.11528589770323407     
   38.0000000000000000000000000000000000        0.12065188098819481     
   39.0000000000000000000000000000000000        0.12606477216112569     
   40.0000000000000000000000000000000000        0.13151795456881374     
   41.0000000000000000000000000000000000        0.13700485859297598     
   42.0000000000000000000000000000000000        0.14251871013803388     
   43.0000000000000000000000000000000000        0.14805285799440446     
   44.0000000000000000000000000000000000        0.15360054776912149     
   45.0000000000000000000000000000000000        0.15915494561988894     
   46.0000000000000000000000000000000000        0.16470938021563561     
   47.0000000000000000000000000000000000        0.17025703321147995     
   48.0000000000000000000000000000000000        0.17579115159159547     
   49.0000000000000000000000000000000000        0.18130503251140243     
   50.0000000000000000000000000000000000        0.18679192140843623     
   51.0000000000000000000000000000000000        0.19224511877460029     
   52.0000000000000000000000000000000000        0.19765804589540997     
   53.0000000000000000000000000000000000        0.20302399299754512     
   54.0000000000000000000000000000000000        0.20833650626050543     
   55.0000000000000000000000000000000000        0.21358914158558870     
   56.0000000000000000000000000000000000        0.21877545324540637     
   57.0000000000000000000000000000000000        0.22388909219394071     
   58.0000000000000000000000000000000000        0.22892388511860765     
   59.0000000000000000000000000000000000        0.23387366449579816     
   60.0000000000000000000000000000000000        0.23873236319158916     
   61.0000000000000000000000000000000000        0.24349421465586019     
   62.0000000000000000000000000000000000        0.24815325071355274     
   63.0000000000000000000000000000000000        0.25270387231815905     
   64.0000000000000000000000000000000000        0.25714050523704951     
   65.0000000000000000000000000000000000        0.26145776895386119     
   66.0000000000000000000000000000000000        0.26565037548250686     
   67.0000000000000000000000000000000000        0.26971325645609429     
   68.0000000000000000000000000000000000        0.27364144474350410     
   69.0000000000000000000000000000000000        0.27743011491735636     
   70.0000000000000000000000000000000000        0.28107473423520524     
   71.0000000000000000000000000000000000        0.28457074857682219     
   72.0000000000000000000000000000000000        0.28791398525215167     
   73.0000000000000000000000000000000000        0.29110036898316194     
   74.0000000000000000000000000000000000        0.29412595275748704     
   75.0000000000000000000000000000000000        0.29698716448033408     
   76.0000000000000000000000000000000000        0.29968038467551256     
   77.0000000000000000000000000000000000        0.30220245519079242     
   78.0000000000000000000000000000000000        0.30455018889216506     
   79.0000000000000000000000000000000000        0.30672083274106010     
   80.0000000000000000000000000000000000        0.30871171572729239     
   81.0000000000000000000000000000000000        0.31052028404864668     
   82.0000000000000000000000000000000000        0.31214449379158626     
   83.0000000000000000000000000000000000        0.31358229856768738     
   84.0000000000000000000000000000000000        0.31483191085062723     
   85.0000000000000000000000000000000000        0.31589195847038609     
   86.0000000000000000000000000000000000        0.31676101403517737     
   87.0000000000000000000000000000000000        0.31743801132526900     
   88.0000000000000000000000000000000000        0.31792218446527787     
   89.0000000000000000000000000000000000        0.31821292491779496     
   90.0000000000000000000000000000000000        0.31830985847947196     
   91.0000000000000000000000000000000000        0.31821292394662198     
   92.0000000000000000000000000000000000        0.31792218524464805     
   93.0000000000000000000000000000000000        0.31743800841648850     
   94.0000000000000000000000000000000000        0.31676099838641431     
   95.0000000000000000000000000000000000        0.31589195363819533     
   96.0000000000000000000000000000000000        0.31483195345568238     
   97.0000000000000000000000000000000000        0.31358229183559427     
   98.0000000000000000000000000000000000        0.31214446893743669     
   99.0000000000000000000000000000000000        0.31052027544944955     
   100.000000000000000000000000000000000        0.30871161050807944     
   101.000000000000000000000000000000000        0.30672082231668191     
   102.000000000000000000000000000000000        0.30455022113363428     
   103.000000000000000000000000000000000        0.30220244299200882     
   104.000000000000000000000000000000000        0.29968038354792981     
   105.000000000000000000000000000000000        0.29698715056656366     
   106.000000000000000000000000000000000        0.29412594415084559     
   107.000000000000000000000000000000000        0.29110035342219981     
   108.000000000000000000000000000000000        0.28791398842078814     
   109.000000000000000000000000000000000        0.28457073144449030     
   110.000000000000000000000000000000000        0.28107470174870985     
   111.000000000000000000000000000000000        0.27743009629709542     
   112.000000000000000000000000000000000        0.27364144269081231     
   113.000000000000000000000000000000000        0.26971323643863981     
   114.000000000000000000000000000000000        0.26565037779930106     
   115.000000000000000000000000000000000        0.26145774763672819     
   116.000000000000000000000000000000000        0.25714045599105279     
   117.000000000000000000000000000000000        0.25270384980522193     
   118.000000000000000000000000000000000        0.24815321190789627     
   119.000000000000000000000000000000000        0.24349419105675907     
   120.000000000000000000000000000000000        0.23873242277655515     
   121.000000000000000000000000000000000        0.23387363992554841     
   122.000000000000000000000000000000000        0.22892387646786636     
   123.000000000000000000000000000000000        0.22388906677221729     
   124.000000000000000000000000000000000        0.21877538202247643     
   125.000000000000000000000000000000000        0.21358911543625886     
   126.000000000000000000000000000000000        0.20833650884747801     
   127.000000000000000000000000000000000        0.20302396624800234     
   128.000000000000000000000000000000000        0.19765797074599775     
   129.000000000000000000000000000000000        0.19224509155517264     
   130.000000000000000000000000000000000        0.18679186283100005     
   131.000000000000000000000000000000000        0.18130500495468013     
   132.000000000000000000000000000000000        0.17579112524863777     
   133.000000000000000000000000000000000        0.17025700545173711     
   134.000000000000000000000000000000000        0.16470932354364279     
   135.000000000000000000000000000000000        0.15915491779235386     
   136.000000000000000000000000000000000        0.15360048362302944     
   137.000000000000000000000000000000000        0.14805283023466453     
   138.000000000000000000000000000000000        0.14251865126619190     
   139.000000000000000000000000000000000        0.13700483103625252     
   140.000000000000000000000000000000000        0.13151794356304641     
   141.000000000000000000000000000000000        0.12606474494169312     
   142.000000000000000000000000000000000        0.12065181304863415     
   143.000000000000000000000000000000000        0.11528587095368796     
   144.000000000000000000000000000000000        0.10997332125565466     
   145.000000000000000000000000000000000        0.10472072266576084     
   146.000000000000000000000000000000000         9.9534462875648294E-002
   147.000000000000000000000000000000000         9.4420772421211399E-002
   148.000000000000000000000000000000000         8.9385986296507430E-002
   149.000000000000000000000000000000000         8.4436200545081663E-002
   150.000000000000000000000000000000000         7.9577444616381984E-002
   151.000000000000000000000000000000000         7.4815650870612219E-002
   152.000000000000000000000000000000000         7.0156605899662203E-002
   153.000000000000000000000000000000000         6.5605993751376934E-002
   154.000000000000000000000000000000000         6.1169360919404780E-002
   155.000000000000000000000000000000000         5.6852097713589803E-002
   156.000000000000000000000000000000000         5.2659485670019754E-002
   157.000000000000000000000000000000000         4.8596610861197841E-002
   158.000000000000000000000000000000000         4.4668434127772202E-002
   159.000000000000000000000000000000000         4.0879753098530203E-002
   160.000000000000000000000000000000000         3.7235162221426366E-002
   161.000000000000000000000000000000000         3.3739120183013629E-002
   162.000000000000000000000000000000000         3.0395883604325370E-002
   163.000000000000000000000000000000000         2.7209500562368635E-002
   164.000000000000000000000000000000000         2.4183882133525916E-002
   165.000000000000000000000000000000000         2.1322705888802890E-002
   166.000000000000000000000000000000000         1.8629463143899738E-002
   167.000000000000000000000000000000000         1.6107416035823253E-002
   168.000000000000000000000000000000000         1.3759656618884029E-002
   169.000000000000000000000000000000000         1.1589039372767994E-002
   170.000000000000000000000000000000000         9.5981979927622502E-003
   171.000000000000000000000000000000000         7.7895889777788302E-003
   172.000000000000000000000000000000000         6.1653844940935624E-003
   173.000000000000000000000000000000000         4.7275753922891373E-003
   174.000000000000000000000000000000000         3.4779062759021516E-003
   175.000000000000000000000000000000000         2.4179164395247139E-003
   176.000000000000000000000000000000000         1.5488825908693705E-003
   177.000000000000000000000000000000000         8.7186454636462268E-004
   178.000000000000000000000000000000000         3.8769128526096406E-004
   179.000000000000000000000000000000000         9.6951922641896925E-005
   180.000000000000000000000000000000000         2.4284811212962694E-015
   181.000000000000000000000000000000000         9.6953864975719839E-005
   182.000000000000000000000000000000000         3.8769547504926725E-004
   183.000000000000000000000000000000000         8.7187036390327629E-004
   184.000000000000000000000000000000000         1.5488889637263522E-003
   185.000000000000000000000000000000000         2.4179261039258769E-003
   186.000000000000000000000000000000000         3.4779232433797091E-003
   187.000000000000000000000000000000000         4.7275888564696040E-003
   188.000000000000000000000000000000000         6.1653999020810845E-003
   189.000000000000000000000000000000000         7.7896061761416344E-003
   190.000000000000000000000000000000000         9.5982313429245781E-003
   191.000000000000000000000000000000000         1.1589060221526703E-002
   192.000000000000000000000000000000000         1.3759679485516107E-002
   193.000000000000000000000000000000000         1.6107440433401725E-002
   194.000000000000000000000000000000000         1.8629485731532402E-002
   195.000000000000000000000000000000000         2.1322733716338554E-002
   196.000000000000000000000000000000000         2.4183910780813656E-002
   197.000000000000000000000000000000000         2.7209531684290279E-002
   198.000000000000000000000000000000000         3.0395903532880623E-002
   199.000000000000000000000000000000000         3.3739154447695700E-002
   200.000000000000000000000000000000000         3.7235203727740383E-002
   201.000000000000000000000000000000000         4.0879790339037637E-002
   202.000000000000000000000000000000000         4.4668462933582342E-002
   203.000000000000000000000000000000000         4.8596650896102114E-002
   204.000000000000000000000000000000000         5.2659526099172571E-002
   205.000000000000000000000000000000000         5.6852140347848093E-002
   206.000000000000000000000000000000000         6.1169408211262530E-002
   207.000000000000000000000000000000000         6.5606038777271281E-002
   208.000000000000000000000000000000000         7.0156654037507177E-002
   209.000000000000000000000000000000000         7.4815698068790792E-002
   210.000000000000000000000000000000000         7.9577489131856069E-002
   211.000000000000000000000000000000000         8.4436249685596612E-002
   212.000000000000000000000000000000000         8.9386034473080148E-002
   213.000000000000000000000000000000000         9.4420823264647916E-002
   214.000000000000000000000000000000000         9.9534473097560028E-002
   215.000000000000000000000000000000000        0.10472077496442321     
   216.000000000000000000000000000000000        0.10997337017880525     
   217.000000000000000000000000000000000        0.11528592445277669     
   218.000000000000000000000000000000000        0.12065190807155306     
   219.000000000000000000000000000000000        0.12606479938056395     
   220.000000000000000000000000000000000        0.13151799915614656     
   221.000000000000000000000000000000000        0.13700488614968961     
   222.000000000000000000000000000000000        0.14251875205212411     
   223.000000000000000000000000000000000        0.14805288575415670     
   224.000000000000000000000000000000000        0.15360053656840122     
   225.000000000000000000000000000000000        0.15915497344742155     
   226.000000000000000000000000000000000        0.16470940039610202     
   227.000000000000000000000000000000000        0.17025706097123089     
   228.000000000000000000000000000000000        0.17579120586940897     
   229.000000000000000000000000000000000        0.18130506006811534     
   230.000000000000000000000000000000000        0.18679196550404112     
   231.000000000000000000000000000000000        0.19224514599404369     
   232.000000000000000000000000000000000        0.19765805755375956     
   233.000000000000000000000000000000000        0.20302401974708531     
   234.000000000000000000000000000000000        0.20833657804007805     
   235.000000000000000000000000000000000        0.21358916773491937     
   236.000000000000000000000000000000000        0.21877548664533189     
   237.000000000000000000000000000000000        0.22388911761565800     
   238.000000000000000000000000000000000        0.22892392545398083     
   239.000000000000000000000000000000000        0.23387368906605460     
   240.000000000000000000000000000000000        0.23873245581664315     
   241.000000000000000000000000000000000        0.24349423825494076     
   242.000000000000000000000000000000000        0.24815328746846962     
   243.000000000000000000000000000000000        0.25270389483110833     
   244.000000000000000000000000000000000        0.25714054991241364     
   245.000000000000000000000000000000000        0.26145779027097660     
   246.000000000000000000000000000000000        0.26565041415110380     
   247.000000000000000000000000000000000        0.26971327647354432     
   248.000000000000000000000000000000000        0.27364142867762858     
   249.000000000000000000000000000000000        0.27743013353761009     
   250.000000000000000000000000000000000        0.28107471122124394     
   251.000000000000000000000000000000000        0.28457076570916617     
   252.000000000000000000000000000000000        0.28791399199303408     
   253.000000000000000000000000000000000        0.29110038454412468     
   254.000000000000000000000000000000000        0.29412599259148386     
   255.000000000000000000000000000000000        0.29698717839409650     
   256.000000000000000000000000000000000        0.29968041176627136     
   257.000000000000000000000000000000000        0.30220246738957851     
   258.000000000000000000000000000000000        0.30455024126247471     
   259.000000000000000000000000000000000        0.30672084316542675     
   260.000000000000000000000000000000000        0.30871163755064412     
   261.000000000000000000000000000000000        0.31052029264782433     
   262.000000000000000000000000000000000        0.31214444616223613     
   263.000000000000000000000000000000000        0.31358230529976272     
   264.000000000000000000000000000000000        0.31483194592914332     
   265.000000000000000000000000000000000        0.31589196330257707     
   266.000000000000000000000000000000000        0.31676098623831694     
   267.000000000000000000000000000000000        0.31743801423402762     
   268.000000000000000000000000000000000        0.31792216353916480     
   269.000000000000000000000000000000000        0.31821292588895300     
   270.000000000000000000000000000000000        0.31830986493401064     
   271.000000000000000000000000000000000        0.31821292297545012     
   272.000000000000000000000000000000000        0.31792215728483220     
   273.000000000000000000000000000000000        0.31743800550772228     
   274.000000000000000000000000000000000        0.31676100005106161     
   275.000000000000000000000000000000000        0.31589194880599175     
   276.000000000000000000000000000000000        0.31483197459554524     
   277.000000000000000000000000000000000        0.31358228510349656     
   278.000000000000000000000000000000000        0.31214448676686590     
   279.000000000000000000000000000000000        0.31052026685027656     
   280.000000000000000000000000000000000        0.30871166866228711     
   281.000000000000000000000000000000000        0.30672081189229722     
   282.000000000000000000000000000000000        0.30455022913843605     
   283.000000000000000000000000000000000        0.30220243079321207     
   284.000000000000000000000000000000000        0.29968040651316563     
   285.000000000000000000000000000000000        0.29698713665278892     
   286.000000000000000000000000000000000        0.29412597147446595     
   287.000000000000000000000000000000000        0.29110033786123957     
   288.000000000000000000000000000000000        0.28791398431521104     
   289.000000000000000000000000000000000        0.28457071431213288     
   290.000000000000000000000000000000000        0.28107465934931219     
   291.000000000000000000000000000000000        0.27743007767684108     
   292.000000000000000000000000000000000        0.27364139946034505     
   293.000000000000000000000000000000000        0.26971321642118395     
   294.000000000000000000000000000000000        0.26565037516970252     
   295.000000000000000000000000000000000        0.26145772631959113     
   296.000000000000000000000000000000000        0.25714047220717645     
   297.000000000000000000000000000000000        0.25270382729226687     
   298.000000000000000000000000000000000        0.24815323862805366     
   299.000000000000000000000000000000000        0.24349416745768560     
   300.000000000000000000000000000000000        0.23873240693939382     
   301.000000000000000000000000000000000        0.23387361535528647     
   302.000000000000000000000000000000000        0.22892385243299143     
   303.000000000000000000000000000000000        0.22388904135050275     
   304.000000000000000000000000000000000        0.21877542404515490     
   305.000000000000000000000000000000000        0.21358908928692244     
   306.000000000000000000000000000000000        0.20833649406728744     
   307.000000000000000000000000000000000        0.20302393949846700     
   308.000000000000000000000000000000000        0.19765794671803213     
   309.000000000000000000000000000000000        0.19224506433572336     
   310.000000000000000000000000000000000        0.18679185356869091     
   311.000000000000000000000000000000000        0.18130497739796059     
   312.000000000000000000000000000000000        0.17579111825129182     
   313.000000000000000000000000000000000        0.17025697769198217     
   314.000000000000000000000000000000000        0.16470931357974120     
   315.000000000000000000000000000000000        0.15915488996482549     
   316.000000000000000000000000000000000        0.15360042651297653     
   317.000000000000000000000000000000000        0.14805280247491057     
   318.000000000000000000000000000000000        0.14251865710270778     
   319.000000000000000000000000000000000        0.13700480347953892     
   320.000000000000000000000000000000000        0.13151789074698458     
   321.000000000000000000000000000000000        0.12606471772225686     
   322.000000000000000000000000000000000        0.12065181842939797     
   323.000000000000000000000000000000000        0.11528584420415165     
   324.000000000000000000000000000000000        0.10997330038151060     
   325.000000000000000000000000000000000        0.10472069651643287     
   326.000000000000000000000000000000000         9.9534401569684294E-002
   327.000000000000000000000000000000000         9.4420746999500205E-002
   328.000000000000000000000000000000000         8.9385948337403723E-002
   329.000000000000000000000000000000000         8.4436175974829969E-002
   330.000000000000000000000000000000000         7.9577422450808483E-002
   331.000000000000000000000000000000000         7.4815627271530780E-002
   332.000000000000000000000000000000000         7.0156607413018046E-002
   333.000000000000000000000000000000000         6.5605971238426666E-002
   334.000000000000000000000000000000000         6.1169332587910144E-002
   335.000000000000000000000000000000000         5.6852076396469366E-002
   336.000000000000000000000000000000000         5.2659450321291018E-002
   337.000000000000000000000000000000000         4.8596590843744070E-002
   338.000000000000000000000000000000000         4.4668416054963599E-002
   339.000000000000000000000000000000000         4.0879734478281783E-002
   340.000000000000000000000000000000000         3.7235146037334521E-002
   341.000000000000000000000000000000000         3.3739103050676150E-002
   342.000000000000000000000000000000000         3.0395854348213177E-002
   343.000000000000000000000000000000000         2.7209485001416615E-002
   344.000000000000000000000000000000000         2.4183845665399595E-002
   345.000000000000000000000000000000000         2.1322691975042451E-002
   346.000000000000000000000000000000000         1.8629441424288493E-002
   347.000000000000000000000000000000000         1.6107403837043205E-002
   348.000000000000000000000000000000000         1.3759644760557858E-002
   349.000000000000000000000000000000000         1.1589028948397700E-002
   350.000000000000000000000000000000000         9.5981986768911703E-003
   351.000000000000000000000000000000000         7.7895803786046068E-003
   352.000000000000000000000000000000000         6.1653846169260149E-003
   353.000000000000000000000000000000000         4.7275686602057066E-003
   354.000000000000000000000000000000000         3.4779057618968758E-003
   355.000000000000000000000000000000000         2.4179116073312313E-003
   356.000000000000000000000000000000000         1.5488771062934735E-003
   357.000000000000000000000000000000000         8.7186163760207642E-004
   358.000000000000000000000000000000000         3.8768966418443985E-004
   359.000000000000000000000000000000000         9.6950951482153346E-005
   360.000000000000000000000000000000000         1.4489637650791163E-015
