   1.00000000000000000000000000000000000         9.6952893807156885E-005
   2.00000000000000000000000000000000000         3.8769345305381272E-004
   3.00000000000000000000000000000000000         8.7186745512929929E-004
   4.00000000000000000000000000000000000         1.5488773586088233E-003
   5.00000000000000000000000000000000000         2.4179212717238122E-003
   6.00000000000000000000000000000000000         3.4779172885420497E-003
   7.00000000000000000000000000000000000         4.7275821243764043E-003
   8.00000000000000000000000000000000000         6.1654314287398516E-003
   9.00000000000000000000000000000000000         7.7895975769634307E-003
   10.0000000000000000000000000000000000         9.5982170891184253E-003
   11.0000000000000000000000000000000000         1.1589049797138717E-002
   12.0000000000000000000000000000000000         1.3759611329023798E-002
   13.0000000000000000000000000000000000         1.6107428234621687E-002
   14.0000000000000000000000000000000000         1.8629468917058457E-002
   15.0000000000000000000000000000000000         2.1322719802568346E-002
   16.0000000000000000000000000000000000         2.4183820118564819E-002
   17.0000000000000000000000000000000000         2.7209516123326120E-002
   18.0000000000000000000000000000000000         3.0395876038891486E-002
   19.0000000000000000000000000000000000         3.3739137315353863E-002
   20.0000000000000000000000000000000000         3.7235281949798554E-002
   21.0000000000000000000000000000000000         4.0879771718793194E-002
   22.0000000000000000000000000000000000         4.4668463031507281E-002
   23.0000000000000000000000000000000000         4.8596630878637824E-002
   24.0000000000000000000000000000000000         5.2659451052677379E-002
   25.0000000000000000000000000000000000         5.6852119030710635E-002
   26.0000000000000000000000000000000000         6.1169406635797834E-002
   27.0000000000000000000000000000000000         6.5606016264328409E-002
   28.0000000000000000000000000000000000         7.0156616513247005E-002
   29.0000000000000000000000000000000000         7.4815674469707202E-002
   30.0000000000000000000000000000000000         7.9577515678096358E-002
   31.0000000000000000000000000000000000         8.4436225115316774E-002
   32.0000000000000000000000000000000000         8.9385787966420271E-002
   33.0000000000000000000000000000000000         9.4420797842928617E-002
   34.0000000000000000000000000000000000         9.9534456775773703E-002
   35.0000000000000000000000000000000000        0.10472074881508296     
   36.0000000000000000000000000000000000        0.10997364168111215     
   37.0000000000000000000000000000000000        0.11528589770322913     
   38.0000000000000000000000000000000000        0.12065188584996928     
   39.0000000000000000000000000000000000        0.12606477216111525     
   40.0000000000000000000000000000000000        0.13151784153506138     
   41.0000000000000000000000000000000000        0.13700485859298389     
   42.0000000000000000000000000000000000        0.14251864793637950     
   43.0000000000000000000000000000000000        0.14805285799439158     
   44.0000000000000000000000000000000000        0.15360068081179035     
   45.0000000000000000000000000000000000        0.15915494561988791     
   46.0000000000000000000000000000000000        0.16470941256354893     
   47.0000000000000000000000000000000000        0.17025703321148758     
   48.0000000000000000000000000000000000        0.17579108134059007     
   49.0000000000000000000000000000000000        0.18130503251143026     
   50.0000000000000000000000000000000000        0.18679196671205905     
   51.0000000000000000000000000000000000        0.19224511877459441     
   52.0000000000000000000000000000000000        0.19765820329073444     
   53.0000000000000000000000000000000000        0.20302399299753496     
   54.0000000000000000000000000000000000        0.20833641118569463     
   55.0000000000000000000000000000000000        0.21358914158559364     
   56.0000000000000000000000000000000000        0.21877553045407996     
   57.0000000000000000000000000000000000        0.22388909219393568     
   58.0000000000000000000000000000000000        0.22892390949773375     
   59.0000000000000000000000000000000000        0.23387366449577623     
   60.0000000000000000000000000000000000        0.23873212542949740     
   61.0000000000000000000000000000000000        0.24349421465588453     
   62.0000000000000000000000000000000000        0.24815321404536941     
   63.0000000000000000000000000000000000        0.25270387231813091     
   64.0000000000000000000000000000000000        0.25714048019297608     
   65.0000000000000000000000000000000000        0.26145776895387346     
   66.0000000000000000000000000000000000        0.26565032429182323     
   67.0000000000000000000000000000000000        0.26971325645610672     
   68.0000000000000000000000000000000000        0.27364152114027851     
   69.0000000000000000000000000000000000        0.27743011491736480     
   70.0000000000000000000000000000000000        0.28107487939771958     
   71.0000000000000000000000000000000000        0.28457074857679232     
   72.0000000000000000000000000000000000        0.28791393993457354     
   73.0000000000000000000000000000000000        0.29110036898315328     
   74.0000000000000000000000000000000000        0.29412579663019284     
   75.0000000000000000000000000000000000        0.29698716448037327     
   76.0000000000000000000000000000000000        0.29968025198126541     
   77.0000000000000000000000000000000000        0.30220245519078365     
   78.0000000000000000000000000000000000        0.30455007210597546     
   79.0000000000000000000000000000000000        0.30672083274108219     
   80.0000000000000000000000000000000000        0.30871194707681171     
   81.0000000000000000000000000000000000        0.31052028404866000     
   82.0000000000000000000000000000000000        0.31214451799335002     
   83.0000000000000000000000000000000000        0.31358229856772318     
   84.0000000000000000000000000000000000        0.31483167725337569     
   85.0000000000000000000000000000000000        0.31589195847037710     
   86.0000000000000000000000000000000000        0.31676110305110483     
   87.0000000000000000000000000000000000        0.31743801132529154     
   88.0000000000000000000000000000000000        0.31792218276312573     
   89.0000000000000000000000000000000000        0.31821292491782649     
   90.0000000000000000000000000000000000        0.31830977367005409     
   91.0000000000000000000000000000000000        0.31821292394662648     
   92.0000000000000000000000000000000000        0.31792219578483966     
   93.0000000000000000000000000000000000        0.31743800841646147     
   94.0000000000000000000000000000000000        0.31676103441070141     
   95.0000000000000000000000000000000000        0.31589195363823125     
   96.0000000000000000000000000000000000        0.31483193761664030     
   97.0000000000000000000000000000000000        0.31358229183561670     
   98.0000000000000000000000000000000000        0.31214441581191660     
   99.0000000000000000000000000000000000        0.31052027544939165     
   100.000000000000000000000000000000000        0.30871141120022572     
   101.000000000000000000000000000000000        0.30672082231670400     
   102.000000000000000000000000000000000        0.30455030036720115     
   103.000000000000000000000000000000000        0.30220244299202204     
   104.000000000000000000000000000000000        0.29968030456861194     
   105.000000000000000000000000000000000        0.29698715056658975     
   106.000000000000000000000000000000000        0.29412581565221768     
   107.000000000000000000000000000000000        0.29110035342218255     
   108.000000000000000000000000000000000        0.28791403096684010     
   109.000000000000000000000000000000000        0.28457073144450307     
   110.000000000000000000000000000000000        0.28107478121435492     
   111.000000000000000000000000000000000        0.27743009629707860     
   112.000000000000000000000000000000000        0.27364159683832945     
   113.000000000000000000000000000000000        0.26971323643864814     
   114.000000000000000000000000000000000        0.26565043009369033     
   115.000000000000000000000000000000000        0.26145774763671997     
   116.000000000000000000000000000000000        0.25714030801780452     
   117.000000000000000000000000000000000        0.25270384980524607     
   118.000000000000000000000000000000000        0.24815310442959534     
   119.000000000000000000000000000000000        0.24349419105672312     
   120.000000000000000000000000000000000        0.23873256159384723     
   121.000000000000000000000000000000000        0.23387363992555071     
   122.000000000000000000000000000000000        0.22892397446917032     
   123.000000000000000000000000000000000        0.22388906677218665     
   124.000000000000000000000000000000000        0.21877525483356372     
   125.000000000000000000000000000000000        0.21358911543626108     
   126.000000000000000000000000000000000        0.20833654450904435     
   127.000000000000000000000000000000000        0.20302396624799299     
   128.000000000000000000000000000000000        0.19765791147315517     
   129.000000000000000000000000000000000        0.19224509155520628     
   130.000000000000000000000000000000000        0.18679176785764448     
   131.000000000000000000000000000000000        0.18130500495469176     
   132.000000000000000000000000000000000        0.17579106099223710     
   133.000000000000000000000000000000000        0.17025700545176872     
   134.000000000000000000000000000000000        0.16470922601522603     
   135.000000000000000000000000000000000        0.15915491779234880     
   136.000000000000000000000000000000000        0.15360045315587226     
   137.000000000000000000000000000000000        0.14805283023468785     
   138.000000000000000000000000000000000        0.14251844867924277     
   139.000000000000000000000000000000000        0.13700483103623753     
   140.000000000000000000000000000000000        0.13151790432478624     
   141.000000000000000000000000000000000        0.12606474494169759     
   142.000000000000000000000000000000000        0.12065163368668509     
   143.000000000000000000000000000000000        0.11528587095366605     
   144.000000000000000000000000000000000        0.10997325173366483     
   145.000000000000000000000000000000000        0.10472072266576490     
   146.000000000000000000000000000000000         9.9534618297541094E-002
   147.000000000000000000000000000000000         9.4420772421212454E-002
   148.000000000000000000000000000000000         8.9385991593596212E-002
   149.000000000000000000000000000000000         8.4436200545080622E-002
   150.000000000000000000000000000000000         7.9577423770904820E-002
   151.000000000000000000000000000000000         7.4815650870606626E-002
   152.000000000000000000000000000000000         7.0156601267920587E-002
   153.000000000000000000000000000000000         6.5605993751395475E-002
   154.000000000000000000000000000000000         6.1169385039362846E-002
   155.000000000000000000000000000000000         5.6852097713589574E-002
   156.000000000000000000000000000000000         5.2659510609772545E-002
   157.000000000000000000000000000000000         4.8596610861213467E-002
   158.000000000000000000000000000000000         4.4668408178612812E-002
   159.000000000000000000000000000000000         4.0879753098528801E-002
   160.000000000000000000000000000000000         3.7235143392910779E-002
   161.000000000000000000000000000000000         3.3739120183014906E-002
   162.000000000000000000000000000000000         3.0395927611397082E-002
   163.000000000000000000000000000000000         2.7209500562366842E-002
   164.000000000000000000000000000000000         2.4183880482626385E-002
   165.000000000000000000000000000000000         2.1322705888798935E-002
   166.000000000000000000000000000000000         1.8629492453008122E-002
   167.000000000000000000000000000000000         1.6107416035818070E-002
   168.000000000000000000000000000000000         1.3759655704325363E-002
   169.000000000000000000000000000000000         1.1589039372764110E-002
   170.000000000000000000000000000000000         9.5981518311003561E-003
   171.000000000000000000000000000000000         7.7895889777790158E-003
   172.000000000000000000000000000000000         6.1653818690239398E-003
   173.000000000000000000000000000000000         4.7275753922911201E-003
   174.000000000000000000000000000000000         3.4778819933388946E-003
   175.000000000000000000000000000000000         2.4179164395247712E-003
   176.000000000000000000000000000000000         1.5488891390084986E-003
   177.000000000000000000000000000000000         8.7186454636562806E-004
   178.000000000000000000000000000000000         3.8769026536866508E-004
   179.000000000000000000000000000000000         9.6951922642267641E-005
   180.000000000000000000000000000000000         2.4092709122554768E-015
   181.000000000000000000000000000000000         9.6953864975552032E-005
   182.000000000000000000000000000000000         3.8769583884709142E-004
   183.000000000000000000000000000000000         8.7187036390285009E-004
   184.000000000000000000000000000000000         1.5488893341142407E-003
   185.000000000000000000000000000000000         2.4179261039242650E-003
   186.000000000000000000000000000000000         3.4779232433847181E-003
   187.000000000000000000000000000000000         4.7275888564732305E-003
   188.000000000000000000000000000000000         6.1653975801814111E-003
   189.000000000000000000000000000000000         7.7896061761430647E-003
   190.000000000000000000000000000000000         9.5982495987379825E-003
   191.000000000000000000000000000000000         1.1589060221533777E-002
   192.000000000000000000000000000000000         1.3759679604497836E-002
   193.000000000000000000000000000000000         1.6107440433403401E-002
   194.000000000000000000000000000000000         1.8629499106849121E-002
   195.000000000000000000000000000000000         2.1322733716337208E-002
   196.000000000000000000000000000000000         2.4183905325587087E-002
   197.000000000000000000000000000000000         2.7209531684294769E-002
   198.000000000000000000000000000000000         3.0395890008901000E-002
   199.000000000000000000000000000000000         3.3739154447694729E-002
   200.000000000000000000000000000000000         3.7235210692882867E-002
   201.000000000000000000000000000000000         4.0879790339021331E-002
   202.000000000000000000000000000000000         4.4668392634926772E-002
   203.000000000000000000000000000000000         4.8596650896105799E-002
   204.000000000000000000000000000000000         5.2659546851114410E-002
   205.000000000000000000000000000000000         5.6852140347853637E-002
   206.000000000000000000000000000000000         6.1169447789014487E-002
   207.000000000000000000000000000000000         6.5606038777276401E-002
   208.000000000000000000000000000000000         7.0156658395420235E-002
   209.000000000000000000000000000000000         7.4815698068797357E-002
   210.000000000000000000000000000000000         7.9577451711847200E-002
   211.000000000000000000000000000000000         8.4436249685618678E-002
   212.000000000000000000000000000000000         8.9386031463742674E-002
   213.000000000000000000000000000000000         9.4420823264651607E-002
   214.000000000000000000000000000000000         9.9534442306816018E-002
   215.000000000000000000000000000000000        0.10472077496444650     
   216.000000000000000000000000000000000        0.10997328262097705     
   217.000000000000000000000000000000000        0.11528592445276584     
   218.000000000000000000000000000000000        0.12065191330421639     
   219.000000000000000000000000000000000        0.12606479938056112     
   220.000000000000000000000000000000000        0.13151796344389038     
   221.000000000000000000000000000000000        0.13700488614967185     
   222.000000000000000000000000000000000        0.14251875392595079     
   223.000000000000000000000000000000000        0.14805288575416287     
   224.000000000000000000000000000000000        0.15360049406017512     
   225.000000000000000000000000000000000        0.15915497344741197     
   226.000000000000000000000000000000000        0.16470939840849114     
   227.000000000000000000000000000000000        0.17025706097125398     
   228.000000000000000000000000000000000        0.17579125533064671     
   229.000000000000000000000000000000000        0.18130506006811875     
   230.000000000000000000000000000000000        0.18679208591643717     
   231.000000000000000000000000000000000        0.19224514599407522     
   232.000000000000000000000000000000000        0.19765814590741571     
   233.000000000000000000000000000000000        0.20302401974706730     
   234.000000000000000000000000000000000        0.20833668687834292     
   235.000000000000000000000000000000000        0.21358916773493969     
   236.000000000000000000000000000000000        0.21877559804810334     
   237.000000000000000000000000000000000        0.22388911761565800     
   238.000000000000000000000000000000000        0.22892401879180482     
   239.000000000000000000000000000000000        0.23387368906605074     
   240.000000000000000000000000000000000        0.23873252642015486     
   241.000000000000000000000000000000000        0.24349423825494274     
   242.000000000000000000000000000000000        0.24815331238209981     
   243.000000000000000000000000000000000        0.25270389483109629     
   244.000000000000000000000000000000000        0.25714062722971470     
   245.000000000000000000000000000000000        0.26145779027094390     
   246.000000000000000000000000000000000        0.26565044390961995     
   247.000000000000000000000000000000000        0.26971327647355675     
   248.000000000000000000000000000000000        0.27364134579014493     
   249.000000000000000000000000000000000        0.27743013353762697     
   250.000000000000000000000000000000000        0.28107467232855177     
   251.000000000000000000000000000000000        0.28457076570916617     
   252.000000000000000000000000000000000        0.28791390340468448     
   253.000000000000000000000000000000000        0.29110038454414627     
   254.000000000000000000000000000000000        0.29412594935860942     
   255.000000000000000000000000000000000        0.29698717839413136     
   256.000000000000000000000000000000000        0.29968034219138057     
   257.000000000000000000000000000000000        0.30220246738957851     
   258.000000000000000000000000000000000        0.30455030920953757     
   259.000000000000000000000000000000000        0.30672084316541792     
   260.000000000000000000000000000000000        0.30871147427614087     
   261.000000000000000000000000000000000        0.31052029264784214     
   262.000000000000000000000000000000000        0.31214422151560761     
   263.000000000000000000000000000000000        0.31358230529975373     
   264.000000000000000000000000000000000        0.31483184414967819     
   265.000000000000000000000000000000000        0.31589196330254560     
   266.000000000000000000000000000000000        0.31676093274058992     
   267.000000000000000000000000000000000        0.31743801423402312     
   268.000000000000000000000000000000000        0.31792205893435749     
   269.000000000000000000000000000000000        0.31821292588896655     
   270.000000000000000000000000000000000        0.31830980917003504     
   271.000000000000000000000000000000000        0.31821292297545462     
   272.000000000000000000000000000000000        0.31792205074106339     
   273.000000000000000000000000000000000        0.31743800550773127     
   274.000000000000000000000000000000000        0.31676106099408552     
   275.000000000000000000000000000000000        0.31589194880603666     
   276.000000000000000000000000000000000        0.31483207992143308     
   277.000000000000000000000000000000000        0.31358228510350555     
   278.000000000000000000000000000000000        0.31214454839018624     
   279.000000000000000000000000000000000        0.31052026685027656     
   280.000000000000000000000000000000000        0.30871177387745929     
   281.000000000000000000000000000000000        0.30672081189231054     
   282.000000000000000000000000000000000        0.30455039532680422     
   283.000000000000000000000000000000000        0.30220243079320763     
   284.000000000000000000000000000000000        0.29968048966649308     
   285.000000000000000000000000000000000        0.29698713665280202     
   286.000000000000000000000000000000000        0.29412603229069612     
   287.000000000000000000000000000000000        0.29110033786123957     
   288.000000000000000000000000000000000        0.28791408199095814     
   289.000000000000000000000000000000000        0.28457071431209024     
   290.000000000000000000000000000000000        0.28107462851005516     
   291.000000000000000000000000000000000        0.27743007767684530     
   292.000000000000000000000000000000000        0.27364144605858648     
   293.000000000000000000000000000000000        0.26971321642119639     
   294.000000000000000000000000000000000        0.26565050869042900     
   295.000000000000000000000000000000000        0.26145772631955844     
   296.000000000000000000000000000000000        0.25714049588425814     
   297.000000000000000000000000000000000        0.25270382729227492     
   298.000000000000000000000000000000000        0.24815335520579965     
   299.000000000000000000000000000000000        0.24349416745772703     
   300.000000000000000000000000000000000        0.23873258293657021     
   301.000000000000000000000000000000000        0.23387361535526713     
   302.000000000000000000000000000000000        0.22892395482787084     
   303.000000000000000000000000000000000        0.22388904135049706     
   304.000000000000000000000000000000000        0.21877560206390942     
   305.000000000000000000000000000000000        0.21358908928689840     
   306.000000000000000000000000000000000        0.20833658231302435     
   307.000000000000000000000000000000000        0.20302393949849942     
   308.000000000000000000000000000000000        0.19765790082356799     
   309.000000000000000000000000000000000        0.19224506433570235     
   310.000000000000000000000000000000000        0.18679184023640663     
   311.000000000000000000000000000000000        0.18130497739797249     
   312.000000000000000000000000000000000        0.17579114704474641     
   313.000000000000000000000000000000000        0.17025697769198381     
   314.000000000000000000000000000000000        0.16470929636137258     
   315.000000000000000000000000000000000        0.15915488996484781     
   316.000000000000000000000000000000000        0.15360026419825254     
   317.000000000000000000000000000000000        0.14805280247490440     
   318.000000000000000000000000000000000        0.14251860531791000     
   319.000000000000000000000000000000000        0.13700480347954336     
   320.000000000000000000000000000000000        0.13151773715796489     
   321.000000000000000000000000000000000        0.12606471772225403     
   322.000000000000000000000000000000000        0.12065178478502030     
   323.000000000000000000000000000000000        0.11528584420415165     
   324.000000000000000000000000000000000        0.10997325602086623     
   325.000000000000000000000000000000000        0.10472069651643028     
   326.000000000000000000000000000000000         9.9534397220236964E-002
   327.000000000000000000000000000000000         9.4420746999518620E-002
   328.000000000000000000000000000000000         8.9385895369022569E-002
   329.000000000000000000000000000000000         8.4436175974827637E-002
   330.000000000000000000000000000000000         7.9577410307317534E-002
   331.000000000000000000000000000000000         7.4815627271537344E-002
   332.000000000000000000000000000000000         7.0156713406732060E-002
   333.000000000000000000000000000000000         6.5605971238418478E-002
   334.000000000000000000000000000000000         6.1169327893904786E-002
   335.000000000000000000000000000000000         5.6852076396484610E-002
   336.000000000000000000000000000000000         5.2659409251247465E-002
   337.000000000000000000000000000000000         4.8596590843735264E-002
   338.000000000000000000000000000000000         4.4668395765975463E-002
   339.000000000000000000000000000000000         4.0879734478287438E-002
   340.000000000000000000000000000000000         3.7235134872754823E-002
   341.000000000000000000000000000000000         3.3739103050668441E-002
   342.000000000000000000000000000000000         3.0395840307502201E-002
   343.000000000000000000000000000000000         2.7209485001424196E-002
   344.000000000000000000000000000000000         2.4183746266589652E-002
   345.000000000000000000000000000000000         2.1322691975041864E-002
   346.000000000000000000000000000000000         1.8629431784168437E-002
   347.000000000000000000000000000000000         1.6107403837046501E-002
   348.000000000000000000000000000000000         1.3759641416653609E-002
   349.000000000000000000000000000000000         1.1589028948398455E-002
   350.000000000000000000000000000000000         9.5981984228097044E-003
   351.000000000000000000000000000000000         7.7895803786054013E-003
   352.000000000000000000000000000000000         6.1654170610095987E-003
   353.000000000000000000000000000000000         4.7275686602055011E-003
   354.000000000000000000000000000000000         3.4779052017404498E-003
   355.000000000000000000000000000000000         2.4179116073317960E-003
   356.000000000000000000000000000000000         1.5488764015997960E-003
   357.000000000000000000000000000000000         8.7186163760160436E-004
   358.000000000000000000000000000000000         3.8769008459260240E-004
   359.000000000000000000000000000000000         9.6950951482240665E-005
   360.000000000000000000000000000000000         5.5012895063796450E-014
