   1.00000000000000000000000000000000000         9.6952893807118802E-005
   2.00000000000000000000000000000000000         3.8769345305373839E-004
   3.00000000000000000000000000000000000         8.7186745512940272E-004
   4.00000000000000000000000000000000000         1.5488777063339748E-003
   5.00000000000000000000000000000000000         2.4179212717237706E-003
   6.00000000000000000000000000000000000         3.4779172962313351E-003
   7.00000000000000000000000000000000000         4.7275821243764156E-003
   8.00000000000000000000000000000000000         6.1654296705103313E-003
   9.00000000000000000000000000000000000         7.7895975769631566E-003
   10.0000000000000000000000000000000000         9.5982171199993915E-003
   11.0000000000000000000000000000000000         1.1589049797139010E-002
   12.0000000000000000000000000000000000         1.3759613911365412E-002
   13.0000000000000000000000000000000000         1.6107428234621166E-002
   14.0000000000000000000000000000000000         1.8629468952419525E-002
   15.0000000000000000000000000000000000         2.1322719802568411E-002
   16.0000000000000000000000000000000000         2.4183823624388173E-002
   17.0000000000000000000000000000000000         2.7209516123326141E-002
   18.0000000000000000000000000000000000         3.0395876681741492E-002
   19.0000000000000000000000000000000000         3.3739137315353843E-002
   20.0000000000000000000000000000000000         3.7235277510838320E-002
   21.0000000000000000000000000000000000         4.0879771718792743E-002
   22.0000000000000000000000000000000000         4.4668462858478829E-002
   23.0000000000000000000000000000000000         4.8596630878638240E-002
   24.0000000000000000000000000000000000         5.2659453314270639E-002
   25.0000000000000000000000000000000000         5.6852119030710871E-002
   26.0000000000000000000000000000000000         6.1169405310889151E-002
   27.0000000000000000000000000000000000         6.5606016264328076E-002
   28.0000000000000000000000000000000000         7.0156617126236151E-002
   29.0000000000000000000000000000000000         7.4815674469706842E-002
   30.0000000000000000000000000000000000         7.9577513754003626E-002
   31.0000000000000000000000000000000000         8.4436225115317676E-002
   32.0000000000000000000000000000000000         8.9385798064785998E-002
   33.0000000000000000000000000000000000         9.4420797842928547E-002
   34.0000000000000000000000000000000000         9.9534456655907003E-002
   35.0000000000000000000000000000000000        0.10472074881508324     
   36.0000000000000000000000000000000000        0.10997362902153331     
   37.0000000000000000000000000000000000        0.11528589770322936     
   38.0000000000000000000000000000000000        0.12065188557987069     
   39.0000000000000000000000000000000000        0.12606477216111586     
   40.0000000000000000000000000000000000        0.13151784781471301     
   41.0000000000000000000000000000000000        0.13700485859298342     
   42.0000000000000000000000000000000000        0.14251865139202660     
   43.0000000000000000000000000000000000        0.14805285799439236     
   44.0000000000000000000000000000000000        0.15360067342052947     
   45.0000000000000000000000000000000000        0.15915494561988791     
   46.0000000000000000000000000000000000        0.16470941076644255     
   47.0000000000000000000000000000000000        0.17025703321148722     
   48.0000000000000000000000000000000000        0.17579108524342332     
   49.0000000000000000000000000000000000        0.18130503251142865     
   50.0000000000000000000000000000000000        0.18679196419519098     
   51.0000000000000000000000000000000000        0.19224511877459480     
   52.0000000000000000000000000000000000        0.19765819454654809     
   53.0000000000000000000000000000000000        0.20302399299753546     
   54.0000000000000000000000000000000000        0.20833641646762799     
   55.0000000000000000000000000000000000        0.21358914158559342     
   56.0000000000000000000000000000000000        0.21877552616470886     
   57.0000000000000000000000000000000000        0.22388909219393588     
   58.0000000000000000000000000000000000        0.22892390814333782     
   59.0000000000000000000000000000000000        0.23387366449577754     
   60.0000000000000000000000000000000000        0.23873213863849940     
   61.0000000000000000000000000000000000        0.24349421465588308     
   62.0000000000000000000000000000000000        0.24815321608249064     
   63.0000000000000000000000000000000000        0.25270387231813252     
   64.0000000000000000000000000000000000        0.25714048158431346     
   65.0000000000000000000000000000000000        0.26145776895387279     
   66.0000000000000000000000000000000000        0.26565032713574999     
   67.0000000000000000000000000000000000        0.26971325645610605     
   68.0000000000000000000000000000000000        0.27364151689601296     
   69.0000000000000000000000000000000000        0.27743011491736436     
   70.0000000000000000000000000000000000        0.28107487133313447     
   71.0000000000000000000000000000000000        0.28457074857679399     
   72.0000000000000000000000000000000000        0.28791394245221663     
   73.0000000000000000000000000000000000        0.29110036898315378     
   74.0000000000000000000000000000000000        0.29412580530393029     
   75.0000000000000000000000000000000000        0.29698716448037110     
   76.0000000000000000000000000000000000        0.29968025935316728     
   77.0000000000000000000000000000000000        0.30220245519078415     
   78.0000000000000000000000000000000000        0.30455007859409655     
   79.0000000000000000000000000000000000        0.30672083274108097     
   80.0000000000000000000000000000000000        0.30871193422405840     
   81.0000000000000000000000000000000000        0.31052028404865928     
   82.0000000000000000000000000000000000        0.31214451664880755     
   83.0000000000000000000000000000000000        0.31358229856772118     
   84.0000000000000000000000000000000000        0.31483169023099850     
   85.0000000000000000000000000000000000        0.31589195847037760     
   86.0000000000000000000000000000000000        0.31676109810577519     
   87.0000000000000000000000000000000000        0.31743801132529026     
   88.0000000000000000000000000000000000        0.31792218285768975     
   89.0000000000000000000000000000000000        0.31821292491782477     
   90.0000000000000000000000000000000000        0.31830977838168811     
   91.0000000000000000000000000000000000        0.31821292394662620     
   92.0000000000000000000000000000000000        0.31792219519927345     
   93.0000000000000000000000000000000000        0.31743800841646297     
   94.0000000000000000000000000000000000        0.31676103240935211     
   95.0000000000000000000000000000000000        0.31589195363822925     
   96.0000000000000000000000000000000000        0.31483193849658708     
   97.0000000000000000000000000000000000        0.31358229183561542     
   98.0000000000000000000000000000000000        0.31214441876333426     
   99.0000000000000000000000000000000000        0.31052027544939487     
   100.000000000000000000000000000000000        0.30871142227288256     
   101.000000000000000000000000000000000        0.30672082231670278     
   102.000000000000000000000000000000000        0.30455029596533606     
   103.000000000000000000000000000000000        0.30220244299202131     
   104.000000000000000000000000000000000        0.29968030895635156     
   105.000000000000000000000000000000000        0.29698715056658831     
   106.000000000000000000000000000000000        0.29412582279102961     
   107.000000000000000000000000000000000        0.29110035342218354     
   108.000000000000000000000000000000000        0.28791402860317045     
   109.000000000000000000000000000000000        0.28457073144450240     
   110.000000000000000000000000000000000        0.28107477679959658     
   111.000000000000000000000000000000000        0.27743009629707954     
   112.000000000000000000000000000000000        0.27364158827457735     
   113.000000000000000000000000000000000        0.26971323643864770     
   114.000000000000000000000000000000000        0.26565042718844639     
   115.000000000000000000000000000000000        0.26145774763672047     
   116.000000000000000000000000000000000        0.25714031623853939     
   117.000000000000000000000000000000000        0.25270384980524474     
   118.000000000000000000000000000000000        0.24815311040061144     
   119.000000000000000000000000000000000        0.24349419105672521     
   120.000000000000000000000000000000000        0.23873255388177439     
   121.000000000000000000000000000000000        0.23387363992555049     
   122.000000000000000000000000000000000        0.22892396902465287     
   123.000000000000000000000000000000000        0.22388906677218845     
   124.000000000000000000000000000000000        0.21877526189961347     
   125.000000000000000000000000000000000        0.21358911543626088     
   126.000000000000000000000000000000000        0.20833654252784611     
   127.000000000000000000000000000000000        0.20302396624799357     
   128.000000000000000000000000000000000        0.19765791476609063     
   129.000000000000000000000000000000000        0.19224509155520433     
   130.000000000000000000000000000000000        0.18679177313394138     
   131.000000000000000000000000000000000        0.18130500495469118     
   132.000000000000000000000000000000000        0.17579106456203683     
   133.000000000000000000000000000000000        0.17025700545176689     
   134.000000000000000000000000000000000        0.16470923143347066     
   135.000000000000000000000000000000000        0.15915491779234917     
   136.000000000000000000000000000000000        0.15360045484849202     
   137.000000000000000000000000000000000        0.14805283023468649     
   138.000000000000000000000000000000000        0.14251845993406947     
   139.000000000000000000000000000000000        0.13700483103623842     
   140.000000000000000000000000000000000        0.13151790650468942     
   141.000000000000000000000000000000000        0.12606474494169725     
   142.000000000000000000000000000000000        0.12065164365123432     
   143.000000000000000000000000000000000        0.11528587095366734     
   144.000000000000000000000000000000000        0.10997325559599704     
   145.000000000000000000000000000000000        0.10472072266576461     
   146.000000000000000000000000000000000         9.9534609662988313E-002
   147.000000000000000000000000000000000         9.4420772421212454E-002
   148.000000000000000000000000000000000         8.9385991299313489E-002
   149.000000000000000000000000000000000         8.4436200545080622E-002
   150.000000000000000000000000000000000         7.9577424928986826E-002
   151.000000000000000000000000000000000         7.4815650870606987E-002
   152.000000000000000000000000000000000         7.0156601525239559E-002
   153.000000000000000000000000000000000         6.5605993751394392E-002
   154.000000000000000000000000000000000         6.1169383699365046E-002
   155.000000000000000000000000000000000         5.6852097713589601E-002
   156.000000000000000000000000000000000         5.2659509224230565E-002
   157.000000000000000000000000000000000         4.8596610861212586E-002
   158.000000000000000000000000000000000         4.4668409620232580E-002
   159.000000000000000000000000000000000         4.0879753098528891E-002
   160.000000000000000000000000000000000         3.7235144438939292E-002
   161.000000000000000000000000000000000         3.3739120183014823E-002
   162.000000000000000000000000000000000         3.0395925166558931E-002
   163.000000000000000000000000000000000         2.7209500562366949E-002
   164.000000000000000000000000000000000         2.4183880574343026E-002
   165.000000000000000000000000000000000         2.1322705888799143E-002
   166.000000000000000000000000000000000         1.8629490824723718E-002
   167.000000000000000000000000000000000         1.6107416035818365E-002
   168.000000000000000000000000000000000         1.3759655755134177E-002
   169.000000000000000000000000000000000         1.1589039372764320E-002
   170.000000000000000000000000000000000         9.5981543956342157E-003
   171.000000000000000000000000000000000         7.7895889777790115E-003
   172.000000000000000000000000000000000         6.1653820148611259E-003
   173.000000000000000000000000000000000         4.7275753922910056E-003
   174.000000000000000000000000000000000         3.4778833423679627E-003
   175.000000000000000000000000000000000         2.4179164395247712E-003
   176.000000000000000000000000000000000         1.5488887752226285E-003
   177.000000000000000000000000000000000         8.7186454636557027E-004
   178.000000000000000000000000000000000         3.8769032202931321E-004
   179.000000000000000000000000000000000         9.6951922642247665E-005
   180.000000000000000000000000000000000         2.4103361448410977E-015
   181.000000000000000000000000000000000         9.6953864975561979E-005
   182.000000000000000000000000000000000         3.8769581863609670E-004
   183.000000000000000000000000000000000         8.7187036390287199E-004
   184.000000000000000000000000000000000         1.5488893135371347E-003
   185.000000000000000000000000000000000         2.4179261039243578E-003
   186.000000000000000000000000000000000         3.4779232433844397E-003
   187.000000000000000000000000000000000         4.7275888564730240E-003
   188.000000000000000000000000000000000         6.1653977091758261E-003
   189.000000000000000000000000000000000         7.7896061761429910E-003
   190.000000000000000000000000000000000         9.5982485845256711E-003
   191.000000000000000000000000000000000         1.1589060221533377E-002
   192.000000000000000000000000000000000         1.3759679597887740E-002
   193.000000000000000000000000000000000         1.6107440433403317E-002
   194.000000000000000000000000000000000         1.8629498363775844E-002
   195.000000000000000000000000000000000         2.1322733716337274E-002
   196.000000000000000000000000000000000         2.4183905628655213E-002
   197.000000000000000000000000000000000         2.7209531684294529E-002
   198.000000000000000000000000000000000         3.0395890760233125E-002
   199.000000000000000000000000000000000         3.3739154447694771E-002
   200.000000000000000000000000000000000         3.7235210305930487E-002
   201.000000000000000000000000000000000         4.0879790339022254E-002
   202.000000000000000000000000000000000         4.4668396540406184E-002
   203.000000000000000000000000000000000         4.8596650896105577E-002
   204.000000000000000000000000000000000         5.2659545698228644E-002
   205.000000000000000000000000000000000         5.6852140347853346E-002
   206.000000000000000000000000000000000         6.1169445590250150E-002
   207.000000000000000000000000000000000         6.5606038777276110E-002
   208.000000000000000000000000000000000         7.0156658153313942E-002
   209.000000000000000000000000000000000         7.4815698068796996E-002
   210.000000000000000000000000000000000         7.9577453790736344E-002
   211.000000000000000000000000000000000         8.4436249685617457E-002
   212.000000000000000000000000000000000         8.9386031630928078E-002
   213.000000000000000000000000000000000         9.4420823264651399E-002
   214.000000000000000000000000000000000         9.9534444017412779E-002
   215.000000000000000000000000000000000        0.10472077496444521     
   216.000000000000000000000000000000000        0.10997328748529993     
   217.000000000000000000000000000000000        0.11528592445276643     
   218.000000000000000000000000000000000        0.12065191301351286     
   219.000000000000000000000000000000000        0.12606479938056128     
   220.000000000000000000000000000000000        0.13151796542790450     
   221.000000000000000000000000000000000        0.13700488614967285     
   222.000000000000000000000000000000000        0.14251875382184931     
   223.000000000000000000000000000000000        0.14805288575416251     
   224.000000000000000000000000000000000        0.15360049642174306     
   225.000000000000000000000000000000000        0.15915497344741250     
   226.000000000000000000000000000000000        0.16470939851891395     
   227.000000000000000000000000000000000        0.17025706097125270     
   228.000000000000000000000000000000000        0.17579125258280001     
   229.000000000000000000000000000000000        0.18130506006811856     
   230.000000000000000000000000000000000        0.18679207922685859     
   231.000000000000000000000000000000000        0.19224514599407347     
   232.000000000000000000000000000000000        0.19765814099887874     
   233.000000000000000000000000000000000        0.20302401974706830     
   234.000000000000000000000000000000000        0.20833668083177190     
   235.000000000000000000000000000000000        0.21358916773493855     
   236.000000000000000000000000000000000        0.21877559185905973     
   237.000000000000000000000000000000000        0.22388911761565800     
   238.000000000000000000000000000000000        0.22892401360636966     
   239.000000000000000000000000000000000        0.23387368906605097     
   240.000000000000000000000000000000000        0.23873252249773724     
   241.000000000000000000000000000000000        0.24349423825494262     
   242.000000000000000000000000000000000        0.24815331099800922     
   243.000000000000000000000000000000000        0.25270389483109695     
   244.000000000000000000000000000000000        0.25714062293430867     
   245.000000000000000000000000000000000        0.26145779027094573     
   246.000000000000000000000000000000000        0.26565044225636902     
   247.000000000000000000000000000000000        0.26971327647355609     
   248.000000000000000000000000000000000        0.27364135039500481     
   249.000000000000000000000000000000000        0.27743013353762602     
   250.000000000000000000000000000000000        0.28107467448925683     
   251.000000000000000000000000000000000        0.28457076570916617     
   252.000000000000000000000000000000000        0.28791390832625907     
   253.000000000000000000000000000000000        0.29110038454414505     
   254.000000000000000000000000000000000        0.29412595176043571     
   255.000000000000000000000000000000000        0.29698717839412941     
   256.000000000000000000000000000000000        0.29968034605665211     
   257.000000000000000000000000000000000        0.30220246738957851     
   258.000000000000000000000000000000000        0.30455030543470052     
   259.000000000000000000000000000000000        0.30672084316541842     
   260.000000000000000000000000000000000        0.30871148334694548     
   261.000000000000000000000000000000000        0.31052029264784115     
   262.000000000000000000000000000000000        0.31214423399597374     
   263.000000000000000000000000000000000        0.31358230529975423     
   264.000000000000000000000000000000000        0.31483184980409246     
   265.000000000000000000000000000000000        0.31589196330254737     
   266.000000000000000000000000000000000        0.31676093571268576     
   267.000000000000000000000000000000000        0.31743801423402340     
   268.000000000000000000000000000000000        0.31792206474573526     
   269.000000000000000000000000000000000        0.31821292588896577     
   270.000000000000000000000000000000000        0.31830981226803357     
   271.000000000000000000000000000000000        0.31821292297545439     
   272.000000000000000000000000000000000        0.31792205666016121     
   273.000000000000000000000000000000000        0.31743800550773077     
   274.000000000000000000000000000000000        0.31676105760836182     
   275.000000000000000000000000000000000        0.31589194880603416     
   276.000000000000000000000000000000000        0.31483207406999436     
   277.000000000000000000000000000000000        0.31358228510350505     
   278.000000000000000000000000000000000        0.31214454496666832     
   279.000000000000000000000000000000000        0.31052026685027656     
   280.000000000000000000000000000000000        0.30871176803217149     
   281.000000000000000000000000000000000        0.30672081189230976     
   282.000000000000000000000000000000000        0.30455038609411594     
   283.000000000000000000000000000000000        0.30220243079320791     
   284.000000000000000000000000000000000        0.29968048504686345     
   285.000000000000000000000000000000000        0.29698713665280130     
   286.000000000000000000000000000000000        0.29412602891201650     
   287.000000000000000000000000000000000        0.29110033786123957     
   288.000000000000000000000000000000000        0.28791407656452728     
   289.000000000000000000000000000000000        0.28457071431209258     
   290.000000000000000000000000000000000        0.28107463022334722     
   291.000000000000000000000000000000000        0.27743007767684508     
   292.000000000000000000000000000000000        0.27364144346979519     
   293.000000000000000000000000000000000        0.26971321642119572     
   294.000000000000000000000000000000000        0.26565050127260997     
   295.000000000000000000000000000000000        0.26145772631956027     
   296.000000000000000000000000000000000        0.25714049456886467     
   297.000000000000000000000000000000000        0.25270382729227447     
   298.000000000000000000000000000000000        0.24815334872925748     
   299.000000000000000000000000000000000        0.24349416745772473     
   300.000000000000000000000000000000000        0.23873257315894761     
   301.000000000000000000000000000000000        0.23387361535526821     
   302.000000000000000000000000000000000        0.22892394913926584     
   303.000000000000000000000000000000000        0.22388904135049739     
   304.000000000000000000000000000000000        0.21877559217397671     
   305.000000000000000000000000000000000        0.21358908928689974     
   306.000000000000000000000000000000000        0.20833657741048292     
   307.000000000000000000000000000000000        0.20302393949849762     
   308.000000000000000000000000000000000        0.19765790337326031     
   309.000000000000000000000000000000000        0.19224506433570351     
   310.000000000000000000000000000000000        0.18679184097708906     
   311.000000000000000000000000000000000        0.18130497739797183     
   312.000000000000000000000000000000000        0.17579114544510999     
   313.000000000000000000000000000000000        0.17025697769198372     
   314.000000000000000000000000000000000        0.16470929731794859     
   315.000000000000000000000000000000000        0.15915488996484656     
   316.000000000000000000000000000000000        0.15360027321573494     
   317.000000000000000000000000000000000        0.14805280247490474     
   318.000000000000000000000000000000000        0.14251860819484297     
   319.000000000000000000000000000000000        0.13700480347954311     
   320.000000000000000000000000000000000        0.13151774569068586     
   321.000000000000000000000000000000000        0.12606471772225419     
   322.000000000000000000000000000000000        0.12065178665415227     
   323.000000000000000000000000000000000        0.11528584420415165     
   324.000000000000000000000000000000000        0.10997325848534624     
   325.000000000000000000000000000000000        0.10472069651643041     
   326.000000000000000000000000000000000         9.9534397461872925E-002
   327.000000000000000000000000000000000         9.4420746999517594E-002
   328.000000000000000000000000000000000         8.9385898311709996E-002
   329.000000000000000000000000000000000         8.4436175974827776E-002
   330.000000000000000000000000000000000         7.9577410981955893E-002
   331.000000000000000000000000000000000         7.4815627271536983E-002
   332.000000000000000000000000000000000         7.0156707518190295E-002
   333.000000000000000000000000000000000         6.5605971238418936E-002
   334.000000000000000000000000000000000         6.1169328154682859E-002
   335.000000000000000000000000000000000         5.6852076396483764E-002
   336.000000000000000000000000000000000         5.2659411532916131E-002
   337.000000000000000000000000000000000         4.8596590843735750E-002
   338.000000000000000000000000000000000         4.4668396893141366E-002
   339.000000000000000000000000000000000         4.0879734478287126E-002
   340.000000000000000000000000000000000         3.7235135493009205E-002
   341.000000000000000000000000000000000         3.3739103050668871E-002
   342.000000000000000000000000000000000         3.0395841087541613E-002
   343.000000000000000000000000000000000         2.7209485001423776E-002
   344.000000000000000000000000000000000         2.4183751788740403E-002
   345.000000000000000000000000000000000         2.1322691975041899E-002
   346.000000000000000000000000000000000         1.8629432319730594E-002
   347.000000000000000000000000000000000         1.6107403837046320E-002
   348.000000000000000000000000000000000         1.3759641602426056E-002
   349.000000000000000000000000000000000         1.1589028948398411E-002
   350.000000000000000000000000000000000         9.5981984369253419E-003
   351.000000000000000000000000000000000         7.7895803786053571E-003
   352.000000000000000000000000000000000         6.1654152585582708E-003
   353.000000000000000000000000000000000         4.7275686602055124E-003
   354.000000000000000000000000000000000         3.4779052328602501E-003
   355.000000000000000000000000000000000         2.4179116073317648E-003
   356.000000000000000000000000000000000         1.5488764407494404E-003
   357.000000000000000000000000000000000         8.7186163760163060E-004
   358.000000000000000000000000000000000         3.8769006123658736E-004
   359.000000000000000000000000000000000         9.6950951482235813E-005
   360.000000000000000000000000000000000         4.8137712538608433E-014
