   1.00000000000000000000000000000000000         9.6952893806618334E-005
   2.00000000000000000000000000000000000         3.8769345305273502E-004
   3.00000000000000000000000000000000000         8.7186745513075656E-004
   4.00000000000000000000000000000000000         1.5488824006273394E-003
   5.00000000000000000000000000000000000         2.4179212717232753E-003
   6.00000000000000000000000000000000000         3.4779174000366909E-003
   7.00000000000000000000000000000000000         4.7275821243764633E-003
   8.00000000000000000000000000000000000         6.1654059344363387E-003
   9.00000000000000000000000000000000000         7.7895975769595891E-003
   10.0000000000000000000000000000000000         9.5982175368924290E-003
   11.0000000000000000000000000000000000         1.1589049797142795E-002
   12.0000000000000000000000000000000000         1.3759648773000921E-002
   13.0000000000000000000000000000000000         1.6107428234614325E-002
   14.0000000000000000000000000000000000         1.8629469429793915E-002
   15.0000000000000000000000000000000000         2.1322719802569043E-002
   16.0000000000000000000000000000000000         2.4183870953028347E-002
   17.0000000000000000000000000000000000         2.7209516123326661E-002
   18.0000000000000000000000000000000000         3.0395885360217222E-002
   19.0000000000000000000000000000000000         3.3739137315353260E-002
   20.0000000000000000000000000000000000         3.7235217584901004E-002
   21.0000000000000000000000000000000000         4.0879771718787018E-002
   22.0000000000000000000000000000000000         4.4668460522594780E-002
   23.0000000000000000000000000000000000         4.8596630878643486E-002
   24.0000000000000000000000000000000000         5.2659483845784366E-002
   25.0000000000000000000000000000000000         5.6852119030714486E-002
   26.0000000000000000000000000000000000         6.1169387424623266E-002
   27.0000000000000000000000000000000000         6.5606016264323039E-002
   28.0000000000000000000000000000000000         7.0156625401589831E-002
   29.0000000000000000000000000000000000         7.4815674469702373E-002
   30.0000000000000000000000000000000000         7.9577487778753939E-002
   31.0000000000000000000000000000000000         8.4436225115329375E-002
   32.0000000000000000000000000000000000         8.9385934392779198E-002
   33.0000000000000000000000000000000000         9.4420797842928131E-002
   34.0000000000000000000000000000000000         9.9534455037706610E-002
   35.0000000000000000000000000000000000        0.10472074881508658     
   36.0000000000000000000000000000000000        0.10997345811729041     
   37.0000000000000000000000000000000000        0.11528589770323301     
   38.0000000000000000000000000000000000        0.12065188193353983     
   39.0000000000000000000000000000000000        0.12606477216112377     
   40.0000000000000000000000000000000000        0.13151793259002476     
   41.0000000000000000000000000000000000        0.13700485859297742     
   42.0000000000000000000000000000000000        0.14251869804326669     
   43.0000000000000000000000000000000000        0.14805285799440204     
   44.0000000000000000000000000000000000        0.15360057363852481     
   45.0000000000000000000000000000000000        0.15915494561988860     
   46.0000000000000000000000000000000000        0.16470938650550740     
   47.0000000000000000000000000000000000        0.17025703321148153     
   48.0000000000000000000000000000000000        0.17579113793167664     
   49.0000000000000000000000000000000000        0.18130503251140773     
   50.0000000000000000000000000000000000        0.18679193021747356     
   51.0000000000000000000000000000000000        0.19224511877459927     
   52.0000000000000000000000000000000000        0.19765807650005149     
   53.0000000000000000000000000000000000        0.20302399299754301     
   54.0000000000000000000000000000000000        0.20833648777373498     
   55.0000000000000000000000000000000000        0.21358914158558978     
   56.0000000000000000000000000000000000        0.21877546825820293     
   57.0000000000000000000000000000000000        0.22388909219393963     
   58.0000000000000000000000000000000000        0.22892388985899317     
   59.0000000000000000000000000000000000        0.23387366449579403     
   60.0000000000000000000000000000000000        0.23873231696006206     
   61.0000000000000000000000000000000000        0.24349421465586479     
   62.0000000000000000000000000000000000        0.24815324358362797     
   63.0000000000000000000000000000000000        0.25270387231815361     
   64.0000000000000000000000000000000000        0.25714050036736846     
   65.0000000000000000000000000000000000        0.26145776895386358     
   66.0000000000000000000000000000000000        0.26565036552876242     
   67.0000000000000000000000000000000000        0.26971325645609673     
   68.0000000000000000000000000000000000        0.27364145959843161     
   69.0000000000000000000000000000000000        0.27743011491735803     
   70.0000000000000000000000000000000000        0.28107476246124674     
   71.0000000000000000000000000000000000        0.28457074857681636     
   72.0000000000000000000000000000000000        0.28791397644040007     
   73.0000000000000000000000000000000000        0.29110036898316027     
   74.0000000000000000000000000000000000        0.29412592239939883     
   75.0000000000000000000000000000000000        0.29698716448034168     
   76.0000000000000000000000000000000000        0.29968035887385108     
   77.0000000000000000000000000000000000        0.30220245519079075     
   78.0000000000000000000000000000000000        0.30455016618373754     
   79.0000000000000000000000000000000000        0.30672083274106438     
   80.0000000000000000000000000000000000        0.30871176071191436     
   81.0000000000000000000000000000000000        0.31052028404864923     
   82.0000000000000000000000000000000000        0.31214449849748466     
   83.0000000000000000000000000000000000        0.31358229856769432     
   84.0000000000000000000000000000000000        0.31483186542893266     
   85.0000000000000000000000000000000000        0.31589195847038437     
   86.0000000000000000000000000000000000        0.31676103134382894     
   87.0000000000000000000000000000000000        0.31743801132527338     
   88.0000000000000000000000000000000000        0.31792218413430384     
   89.0000000000000000000000000000000000        0.31821292491780107     
   90.0000000000000000000000000000000000        0.31830984198875090     
   91.0000000000000000000000000000000000        0.31821292394662287     
   92.0000000000000000000000000000000000        0.31792218729412974     
   93.0000000000000000000000000000000000        0.31743800841648323     
   94.0000000000000000000000000000000000        0.31676100539113666     
   95.0000000000000000000000000000000000        0.31589195363820233     
   96.0000000000000000000000000000000000        0.31483195037586859     
   97.0000000000000000000000000000000000        0.31358229183559866     
   98.0000000000000000000000000000000000        0.31214445860747408     
   99.0000000000000000000000000000000000        0.31052027544943828     
   100.000000000000000000000000000000000        0.30871157175376951     
   101.000000000000000000000000000000000        0.30672082231668618     
   102.000000000000000000000000000000000        0.30455023654016039     
   103.000000000000000000000000000000000        0.30220244299201138     
   104.000000000000000000000000000000000        0.29968036819083943     
   105.000000000000000000000000000000000        0.29698715056656871     
   106.000000000000000000000000000000000        0.29412591916499908     
   107.000000000000000000000000000000000        0.29110035342219648     
   108.000000000000000000000000000000000        0.28791399669363132     
   109.000000000000000000000000000000000        0.28457073144449280     
   110.000000000000000000000000000000000        0.28107471720036215     
   111.000000000000000000000000000000000        0.27743009629709214     
   112.000000000000000000000000000000000        0.27364147266393724     
   113.000000000000000000000000000000000        0.26971323643864148     
   114.000000000000000000000000000000000        0.26565038796765411     
   115.000000000000000000000000000000000        0.26145774763672658     
   116.000000000000000000000000000000000        0.25714042721847341     
   117.000000000000000000000000000000000        0.25270384980522664     
   118.000000000000000000000000000000000        0.24815319100933592     
   119.000000000000000000000000000000000        0.24349419105675216     
   120.000000000000000000000000000000000        0.23873244976880323     
   121.000000000000000000000000000000000        0.23387363992554877     
   122.000000000000000000000000000000000        0.22892389552367381     
   123.000000000000000000000000000000000        0.22388906677221140     
   124.000000000000000000000000000000000        0.21877535729129605     
   125.000000000000000000000000000000000        0.21358911543625922     
   126.000000000000000000000000000000000        0.20833651578167120     
   127.000000000000000000000000000000000        0.20302396624800059     
   128.000000000000000000000000000000000        0.19765795922072213     
   129.000000000000000000000000000000000        0.19224509155517910     
   130.000000000000000000000000000000000        0.18679184436395679     
   131.000000000000000000000000000000000        0.18130500495468244     
   132.000000000000000000000000000000000        0.17579111275433673     
   133.000000000000000000000000000000000        0.17025700545174319     
   134.000000000000000000000000000000000        0.16470930457978172     
   135.000000000000000000000000000000000        0.15915491779235294     
   136.000000000000000000000000000000000        0.15360047769885973     
   137.000000000000000000000000000000000        0.14805283023466900     
   138.000000000000000000000000000000000        0.14251861187427384     
   139.000000000000000000000000000000000        0.13700483103624966     
   140.000000000000000000000000000000000        0.13151793593338426     
   141.000000000000000000000000000000000        0.12606474494169395     
   142.000000000000000000000000000000000        0.12065177817268917     
   143.000000000000000000000000000000000        0.11528587095368373     
   144.000000000000000000000000000000000        0.10997330773748826     
   145.000000000000000000000000000000000        0.10472072266576160     
   146.000000000000000000000000000000000         9.9534493096562399E-002
   147.000000000000000000000000000000000         9.4420772421211635E-002
   148.000000000000000000000000000000000         8.9385987326496913E-002
   149.000000000000000000000000000000000         8.4436200545081441E-002
   150.000000000000000000000000000000000         7.9577440563094543E-002
   151.000000000000000000000000000000000         7.4815650870611150E-002
   152.000000000000000000000000000000000         7.0156604999045760E-002
   153.000000000000000000000000000000000         6.5605993751380515E-002
   154.000000000000000000000000000000000         6.1169365609396252E-002
   155.000000000000000000000000000000000         5.6852097713589803E-002
   156.000000000000000000000000000000000         5.2659490519415666E-002
   157.000000000000000000000000000000000         4.8596610861200838E-002
   158.000000000000000000000000000000000         4.4668429082101731E-002
   159.000000000000000000000000000000000         4.0879753098529967E-002
   160.000000000000000000000000000000000         3.7235158560325742E-002
   161.000000000000000000000000000000000         3.3739120183013845E-002
   162.000000000000000000000000000000000         3.0395892161253487E-002
   163.000000000000000000000000000000000         2.7209500562368316E-002
   164.000000000000000000000000000000000         2.4183881812517672E-002
   165.000000000000000000000000000000000         2.1322705888802095E-002
   166.000000000000000000000000000000000         1.8629468842891229E-002
   167.000000000000000000000000000000000         1.6107416035822268E-002
   168.000000000000000000000000000000000         1.3759656441053175E-002
   169.000000000000000000000000000000000         1.1589039372767221E-002
   170.000000000000000000000000000000000         9.5981890168748540E-003
   171.000000000000000000000000000000000         7.7895889777788814E-003
   172.000000000000000000000000000000000         6.1653839836633148E-003
   173.000000000000000000000000000000000         4.7275753922895111E-003
   174.000000000000000000000000000000000         3.4779015542859902E-003
   175.000000000000000000000000000000000         2.4179164395247343E-003
   176.000000000000000000000000000000000         1.5488838641175614E-003
   177.000000000000000000000000000000000         8.7186454636481263E-004
   178.000000000000000000000000000000000         3.8769108694846754E-004
   179.000000000000000000000000000000000         9.6951922641970854E-005
   180.000000000000000000000000000000000         2.4247398285646428E-015
   181.000000000000000000000000000000000         9.6953864975689021E-005
   182.000000000000000000000000000000000         3.8769554578771973E-004
   183.000000000000000000000000000000000         8.7187036390318792E-004
   184.000000000000000000000000000000000         1.5488890357462160E-003
   185.000000000000000000000000000000000         2.4179261039255725E-003
   186.000000000000000000000000000000000         3.4779232433806832E-003
   187.000000000000000000000000000000000         4.7275888564702988E-003
   188.000000000000000000000000000000000         6.1653994506005580E-003
   189.000000000000000000000000000000000         7.7896061761419258E-003
   190.000000000000000000000000000000000         9.5982348926647136E-003
   191.000000000000000000000000000000000         1.1589060221528062E-002
   192.000000000000000000000000000000000         1.3759679508651443E-002
   193.000000000000000000000000000000000         1.6107440433402072E-002
   194.000000000000000000000000000000000         1.8629488332288054E-002
   195.000000000000000000000000000000000         2.1322733716338270E-002
   196.000000000000000000000000000000000         2.4183909720075111E-002
   197.000000000000000000000000000000000         2.7209531684291178E-002
   198.000000000000000000000000000000000         3.0395900903217685E-002
   199.000000000000000000000000000000000         3.3739154447695485E-002
   200.000000000000000000000000000000000         3.7235205082073598E-002
   201.000000000000000000000000000000000         4.0879790339034494E-002
   202.000000000000000000000000000000000         4.4668449264394984E-002
   203.000000000000000000000000000000000         4.8596650896102801E-002
   204.000000000000000000000000000000000         5.2659530134272055E-002
   205.000000000000000000000000000000000         5.6852140347849203E-002
   206.000000000000000000000000000000000         6.1169415906935518E-002
   207.000000000000000000000000000000000         6.5606038777272280E-002
   208.000000000000000000000000000000000         7.0156654884879141E-002
   209.000000000000000000000000000000000         7.4815698068792069E-002
   210.000000000000000000000000000000000         7.9577481855742552E-002
   211.000000000000000000000000000000000         8.4436249685600900E-002
   212.000000000000000000000000000000000         8.9386033887931191E-002
   213.000000000000000000000000000000000         9.4420823264648637E-002
   214.000000000000000000000000000000000         9.9534467110470537E-002
   215.000000000000000000000000000000000        0.10472077496442773     
   216.000000000000000000000000000000000        0.10997335315366925     
   217.000000000000000000000000000000000        0.11528592445277458     
   218.000000000000000000000000000000000        0.12065190908901537     
   219.000000000000000000000000000000000        0.12606479938056342     
   220.000000000000000000000000000000000        0.13151799221209637     
   221.000000000000000000000000000000000        0.13700488614968617     
   222.000000000000000000000000000000000        0.14251875241647929     
   223.000000000000000000000000000000000        0.14805288575415790     
   224.000000000000000000000000000000000        0.15360052830291235     
   225.000000000000000000000000000000000        0.15915497344741969     
   226.000000000000000000000000000000000        0.16470940000962211     
   227.000000000000000000000000000000000        0.17025706097123539     
   228.000000000000000000000000000000000        0.17579121548687132     
   229.000000000000000000000000000000000        0.18130506006811600     
   230.000000000000000000000000000000000        0.18679198891755955     
   231.000000000000000000000000000000000        0.19224514599404982     
   232.000000000000000000000000000000000        0.19765807473363561     
   233.000000000000000000000000000000000        0.20302401974708181     
   234.000000000000000000000000000000000        0.20833659920307177     
   235.000000000000000000000000000000000        0.21358916773492331     
   236.000000000000000000000000000000000        0.21877550830697967     
   237.000000000000000000000000000000000        0.22388911761565800     
   238.000000000000000000000000000000000        0.22892394360300067     
   239.000000000000000000000000000000000        0.23387368906605385     
   240.000000000000000000000000000000000        0.23873246954510294     
   241.000000000000000000000000000000000        0.24349423825494115     
   242.000000000000000000000000000000000        0.24815329231278649     
   243.000000000000000000000000000000000        0.25270389483110600     
   244.000000000000000000000000000000000        0.25714056494633203     
   245.000000000000000000000000000000000        0.26145779027097021     
   246.000000000000000000000000000000000        0.26565041993748179     
   247.000000000000000000000000000000000        0.26971327647354670     
   248.000000000000000000000000000000000        0.27364141256061691     
   249.000000000000000000000000000000000        0.27743013353761337     
   250.000000000000000000000000000000000        0.28107470365877579     
   251.000000000000000000000000000000000        0.28457076570916617     
   252.000000000000000000000000000000000        0.28791397476752062     
   253.000000000000000000000000000000000        0.29110038454412890     
   254.000000000000000000000000000000000        0.29412598418509139     
   255.000000000000000000000000000000000        0.29698717839410327     
   256.000000000000000000000000000000000        0.29968039823781972     
   257.000000000000000000000000000000000        0.30220246738957851     
   258.000000000000000000000000000000000        0.30455025447440298     
   259.000000000000000000000000000000000        0.30672084316542503     
   260.000000000000000000000000000000000        0.30871160580282064     
   261.000000000000000000000000000000000        0.31052029264782782     
   262.000000000000000000000000000000000        0.31214440248094094     
   263.000000000000000000000000000000000        0.31358230529976094     
   264.000000000000000000000000000000000        0.31483192613869049     
   265.000000000000000000000000000000000        0.31589196330257091     
   266.000000000000000000000000000000000        0.31676097583598078     
   267.000000000000000000000000000000000        0.31743801423402679     
   268.000000000000000000000000000000000        0.31792214319933981     
   269.000000000000000000000000000000000        0.31821292588895567     
   270.000000000000000000000000000000000        0.31830985409101503     
   271.000000000000000000000000000000000        0.31821292297545101     
   272.000000000000000000000000000000000        0.31792213656798685     
   273.000000000000000000000000000000000        0.31743800550772400     
   274.000000000000000000000000000000000        0.31676101190109357     
   275.000000000000000000000000000000000        0.31589194880600047     
   276.000000000000000000000000000000000        0.31483199507557763     
   277.000000000000000000000000000000000        0.31358228510349834     
   278.000000000000000000000000000000000        0.31214449874917771     
   279.000000000000000000000000000000000        0.31052026685027656     
   280.000000000000000000000000000000000        0.30871168912079139     
   281.000000000000000000000000000000000        0.30672081189229983     
   282.000000000000000000000000000000000        0.30455026145283742     
   283.000000000000000000000000000000000        0.30220243079321119     
   284.000000000000000000000000000000000        0.29968042268186729     
   285.000000000000000000000000000000000        0.29698713665279147     
   286.000000000000000000000000000000000        0.29412598329984357     
   287.000000000000000000000000000000000        0.29110033786123957     
   288.000000000000000000000000000000000        0.28791400330771610     
   289.000000000000000000000000000000000        0.28457071431212455     
   290.000000000000000000000000000000000        0.28107465335278986     
   291.000000000000000000000000000000000        0.27743007767684191     
   292.000000000000000000000000000000000        0.27364140852111390     
   293.000000000000000000000000000000000        0.26971321642118634     
   294.000000000000000000000000000000000        0.26565040113206340     
   295.000000000000000000000000000000000        0.26145772631958475     
   296.000000000000000000000000000000000        0.25714047681105334     
   297.000000000000000000000000000000000        0.25270382729226842     
   298.000000000000000000000000000000000        0.24815326129594659     
   299.000000000000000000000000000000000        0.24349416745769367     
   300.000000000000000000000000000000000        0.23873244116106193     
   301.000000000000000000000000000000000        0.23387361535528270     
   302.000000000000000000000000000000000        0.22892387234310507     
   303.000000000000000000000000000000000        0.22388904135050164     
   304.000000000000000000000000000000000        0.21877545865990705     
   305.000000000000000000000000000000000        0.21358908928691775     
   306.000000000000000000000000000000000        0.20833651122617924     
   307.000000000000000000000000000000000        0.20302393949847330     
   308.000000000000000000000000000000000        0.19765793779410812     
   309.000000000000000000000000000000000        0.19224506433571928     
   310.000000000000000000000000000000000        0.18679185097630227     
   311.000000000000000000000000000000000        0.18130497739796289     
   312.000000000000000000000000000000000        0.17579112385001891     
   313.000000000000000000000000000000000        0.17025697769198248     
   314.000000000000000000000000000000000        0.16470931023172500     
   315.000000000000000000000000000000000        0.15915488996482982     
   316.000000000000000000000000000000000        0.15360039495177349     
   317.000000000000000000000000000000000        0.14805280247490935     
   318.000000000000000000000000000000000        0.14251864703344080     
   319.000000000000000000000000000000000        0.13700480347953978     
   320.000000000000000000000000000000000        0.13151786088244596     
   321.000000000000000000000000000000000        0.12606471772225630     
   322.000000000000000000000000000000000        0.12065181188743528     
   323.000000000000000000000000000000000        0.11528584420415165     
   324.000000000000000000000000000000000        0.10997329175582905     
   325.000000000000000000000000000000000        0.10472069651643236     
   326.000000000000000000000000000000000         9.9534400723958416E-002
   327.000000000000000000000000000000000         9.4420746999503785E-002
   328.000000000000000000000000000000000         8.9385938037995036E-002
   329.000000000000000000000000000000000         8.4436175974829511E-002
   330.000000000000000000000000000000000         7.9577420089574052E-002
   331.000000000000000000000000000000000         7.4815627271532056E-002
   332.000000000000000000000000000000000         7.0156628022900611E-002
   333.000000000000000000000000000000000         6.5605971238425070E-002
   334.000000000000000000000000000000000         6.1169331675186865E-002
   335.000000000000000000000000000000000         5.6852076396472329E-002
   336.000000000000000000000000000000000         5.2659442335447962E-002
   337.000000000000000000000000000000000         4.8596590843742356E-002
   338.000000000000000000000000000000000         4.4668412109882240E-002
   339.000000000000000000000000000000000         4.0879734478282879E-002
   340.000000000000000000000000000000000         3.7235143866443894E-002
   341.000000000000000000000000000000000         3.3739103050674651E-002
   342.000000000000000000000000000000000         3.0395851618074680E-002
   343.000000000000000000000000000000000         2.7209485001418090E-002
   344.000000000000000000000000000000000         2.4183826337837219E-002
   345.000000000000000000000000000000000         2.1322691975042336E-002
   346.000000000000000000000000000000000         1.8629439549820510E-002
   347.000000000000000000000000000000000         1.6107403837043847E-002
   348.000000000000000000000000000000000         1.3759644110354222E-002
   349.000000000000000000000000000000000         1.1589028948397848E-002
   350.000000000000000000000000000000000         9.5981986274864418E-003
   351.000000000000000000000000000000000         7.7895803786047612E-003
   352.000000000000000000000000000000000         6.1653909254911366E-003
   353.000000000000000000000000000000000         4.7275686602056667E-003
   354.000000000000000000000000000000000         3.4779056529775669E-003
   355.000000000000000000000000000000000         2.4179116073313411E-003
   356.000000000000000000000000000000000         1.5488769692696904E-003
   357.000000000000000000000000000000000         8.7186163760198459E-004
   358.000000000000000000000000000000000         3.8768974593045356E-004
   359.000000000000000000000000000000000         9.6950951482170327E-005
   360.000000000000000000000000000000000         2.2329118014219712E-016
