   1.00000000000000000000000000000000000         9.6952893806800589E-005
   2.00000000000000000000000000000000000         3.8769345305310663E-004
   3.00000000000000000000000000000000000         8.7186745513026390E-004
   4.00000000000000000000000000000000000         1.5488806619993378E-003
   5.00000000000000000000000000000000000         2.4179212717234445E-003
   6.00000000000000000000000000000000000         3.4779173615902630E-003
   7.00000000000000000000000000000000000         4.7275821243764676E-003
   8.00000000000000000000000000000000000         6.1654147255695265E-003
   9.00000000000000000000000000000000000         7.7895975769608833E-003
   10.0000000000000000000000000000000000         9.5982173824875998E-003
   11.0000000000000000000000000000000000         1.1589049797141426E-002
   12.0000000000000000000000000000000000         1.3759635861278917E-002
   13.0000000000000000000000000000000000         1.6107428234616819E-002
   14.0000000000000000000000000000000000         1.8629469252988584E-002
   15.0000000000000000000000000000000000         2.1322719802568859E-002
   16.0000000000000000000000000000000000         2.4183853423896957E-002
   17.0000000000000000000000000000000000         2.7209516123326415E-002
   18.0000000000000000000000000000000000         3.0395882145966807E-002
   19.0000000000000000000000000000000000         3.3739137315353537E-002
   20.0000000000000000000000000000000000         3.7235239779686978E-002
   21.0000000000000000000000000000000000         4.0879771718789072E-002
   22.0000000000000000000000000000000000         4.4668461387737016E-002
   23.0000000000000000000000000000000000         4.8596630878641613E-002
   24.0000000000000000000000000000000000         5.2659472537815291E-002
   25.0000000000000000000000000000000000         5.6852119030713071E-002
   26.0000000000000000000000000000000000         6.1169394049165882E-002
   27.0000000000000000000000000000000000         6.5606016264325037E-002
   28.0000000000000000000000000000000000         7.0156622336643965E-002
   29.0000000000000000000000000000000000         7.4815674469703899E-002
   30.0000000000000000000000000000000000         7.9577497399216296E-002
   31.0000000000000000000000000000000000         8.4436225115325184E-002
   32.0000000000000000000000000000000000         8.9385883900917742E-002
   33.0000000000000000000000000000000000         9.4420797842928131E-002
   34.0000000000000000000000000000000000         9.9534455637040095E-002
   35.0000000000000000000000000000000000        0.10472074881508552     
   36.0000000000000000000000000000000000        0.10997352141514267     
   37.0000000000000000000000000000000000        0.11528589770323151     
   38.0000000000000000000000000000000000        0.12065188328403274     
   39.0000000000000000000000000000000000        0.12606477216112100     
   40.0000000000000000000000000000000000        0.13151790119175796     
   41.0000000000000000000000000000000000        0.13700485859297948     
   42.0000000000000000000000000000000000        0.14251868076502874     
   43.0000000000000000000000000000000000        0.14805285799439863     
   44.0000000000000000000000000000000000        0.15360061059481905     
   45.0000000000000000000000000000000000        0.15915494561988816     
   46.0000000000000000000000000000000000        0.16470939549103875     
   47.0000000000000000000000000000000000        0.17025703321148383     
   48.0000000000000000000000000000000000        0.17579111841750783     
   49.0000000000000000000000000000000000        0.18130503251141528     
   50.0000000000000000000000000000000000        0.18679194280181299     
   51.0000000000000000000000000000000000        0.19224511877459780     
   52.0000000000000000000000000000000000        0.19765812022097204     
   53.0000000000000000000000000000000000        0.20302399299754001     
   54.0000000000000000000000000000000000        0.20833646136406428     
   55.0000000000000000000000000000000000        0.21358914158559131     
   56.0000000000000000000000000000000000        0.21877548970505609     
   57.0000000000000000000000000000000000        0.22388909219393804     
   58.0000000000000000000000000000000000        0.22892389663097257     
   59.0000000000000000000000000000000000        0.23387366449578811     
   60.0000000000000000000000000000000000        0.23873225091503109     
   61.0000000000000000000000000000000000        0.24349421465587137     
   62.0000000000000000000000000000000000        0.24815323339802137     
   63.0000000000000000000000000000000000        0.25270387231814578     
   64.0000000000000000000000000000000000        0.25714049341068135     
   65.0000000000000000000000000000000000        0.26145776895386702     
   66.0000000000000000000000000000000000        0.26565035130912784     
   67.0000000000000000000000000000000000        0.26971325645610017     
   68.0000000000000000000000000000000000        0.27364148081975737     
   69.0000000000000000000000000000000000        0.27743011491736036     
   70.0000000000000000000000000000000000        0.28107480278416563     
   71.0000000000000000000000000000000000        0.28457074857680809     
   72.0000000000000000000000000000000000        0.28791396385218376     
   73.0000000000000000000000000000000000        0.29110036898315783     
   74.0000000000000000000000000000000000        0.29412587903070403     
   75.0000000000000000000000000000000000        0.29698716448035262     
   76.0000000000000000000000000000000000        0.29968032201433664     
   77.0000000000000000000000000000000000        0.30220245519078831     
   78.0000000000000000000000000000000000        0.30455013374312828     
   79.0000000000000000000000000000000000        0.30672083274107054     
   80.0000000000000000000000000000000000        0.30871182497566574     
   81.0000000000000000000000000000000000        0.31052028404865295     
   82.0000000000000000000000000000000000        0.31214450522019682     
   83.0000000000000000000000000000000000        0.31358229856770425     
   84.0000000000000000000000000000000000        0.31483180054080323     
   85.0000000000000000000000000000000000        0.31589195847038187     
   86.0000000000000000000000000000000000        0.31676105607047489     
   87.0000000000000000000000000000000000        0.31743801132527966     
   88.0000000000000000000000000000000000        0.31792218366148384     
   89.0000000000000000000000000000000000        0.31821292491780984     
   90.0000000000000000000000000000000000        0.31830981843057876     
   91.0000000000000000000000000000000000        0.31821292394662409     
   92.0000000000000000000000000000000000        0.31792219022196072     
   93.0000000000000000000000000000000000        0.31743800841647574     
   94.0000000000000000000000000000000000        0.31676101539788298     
   95.0000000000000000000000000000000000        0.31589195363821232     
   96.0000000000000000000000000000000000        0.31483194597613468     
   97.0000000000000000000000000000000000        0.31358229183560488     
   98.0000000000000000000000000000000000        0.31214444385038498     
   99.0000000000000000000000000000000000        0.31052027544942218     
   100.000000000000000000000000000000000        0.30871151639047384     
   101.000000000000000000000000000000000        0.30672082231669234     
   102.000000000000000000000000000000000        0.30455025854948403     
   103.000000000000000000000000000000000        0.30220244299201504     
   104.000000000000000000000000000000000        0.29968034625213952     
   105.000000000000000000000000000000000        0.29698715056657599     
   106.000000000000000000000000000000000        0.29412588347093449     
   107.000000000000000000000000000000000        0.29110035342219165     
   108.000000000000000000000000000000000        0.28791400851197896     
   109.000000000000000000000000000000000        0.28457073144449635     
   110.000000000000000000000000000000000        0.28107473927415194     
   111.000000000000000000000000000000000        0.27743009629708748     
   112.000000000000000000000000000000000        0.27364151548269000     
   113.000000000000000000000000000000000        0.26971323643864376     
   114.000000000000000000000000000000000        0.26565040249387312     
   115.000000000000000000000000000000000        0.26145774763672430     
   116.000000000000000000000000000000000        0.25714038611479134     
   117.000000000000000000000000000000000        0.25270384980523336     
   118.000000000000000000000000000000000        0.24815316115425126     
   119.000000000000000000000000000000000        0.24349419105674230     
   120.000000000000000000000000000000000        0.23873248832916028     
   121.000000000000000000000000000000000        0.23387363992554933     
   122.000000000000000000000000000000000        0.22892392274625728     
   123.000000000000000000000000000000000        0.22388906677220299     
   124.000000000000000000000000000000000        0.21877532196104083     
   125.000000000000000000000000000000000        0.21358911543625975     
   126.000000000000000000000000000000000        0.20833652568766173     
   127.000000000000000000000000000000000        0.20302396624799807     
   128.000000000000000000000000000000000        0.19765794275604320     
   129.000000000000000000000000000000000        0.19224509155518837     
   130.000000000000000000000000000000000        0.18679181798246802     
   131.000000000000000000000000000000000        0.18130500495468577     
   132.000000000000000000000000000000000        0.17579109490533598     
   133.000000000000000000000000000000000        0.17025700545175190     
   134.000000000000000000000000000000000        0.16470927748855349     
   135.000000000000000000000000000000000        0.15915491779235161     
   136.000000000000000000000000000000000        0.15360046923576037     
   137.000000000000000000000000000000000        0.14805283023467541     
   138.000000000000000000000000000000000        0.14251855560011464     
   139.000000000000000000000000000000000        0.13700483103624553     
   140.000000000000000000000000000000000        0.13151792503386728     
   141.000000000000000000000000000000000        0.12606474494169514     
   142.000000000000000000000000000000000        0.12065172834991937     
   143.000000000000000000000000000000000        0.11528587095367770     
   144.000000000000000000000000000000000        0.10997328842582339     
   145.000000000000000000000000000000000        0.10472072266576267     
   146.000000000000000000000000000000000         9.9534536269304780E-002
   147.000000000000000000000000000000000         9.4420772421211982E-002
   148.000000000000000000000000000000000         8.9385988797910446E-002
   149.000000000000000000000000000000000         8.4436200545081108E-002
   150.000000000000000000000000000000000         7.9577434772684100E-002
   151.000000000000000000000000000000000         7.4815650870609637E-002
   152.000000000000000000000000000000000         7.0156603712450860E-002
   153.000000000000000000000000000000000         6.5605993751385636E-002
   154.000000000000000000000000000000000         6.1169372309384386E-002
   155.000000000000000000000000000000000         5.6852097713589803E-002
   156.000000000000000000000000000000000         5.2659497447124504E-002
   157.000000000000000000000000000000000         4.8596610861205126E-002
   158.000000000000000000000000000000000         4.4668421874001552E-002
   159.000000000000000000000000000000000         4.0879753098529634E-002
   160.000000000000000000000000000000000         3.7235153330182298E-002
   161.000000000000000000000000000000000         3.3739120183014150E-002
   162.000000000000000000000000000000000         3.0395904385438599E-002
   163.000000000000000000000000000000000         2.7209500562367858E-002
   164.000000000000000000000000000000000         2.4183881353934466E-002
   165.000000000000000000000000000000000         2.1322705888800961E-002
   166.000000000000000000000000000000000         1.8629476984309157E-002
   167.000000000000000000000000000000000         1.6107416035820860E-002
   168.000000000000000000000000000000000         1.3759656187009099E-002
   169.000000000000000000000000000000000         1.1589039372766128E-002
   170.000000000000000000000000000000000         9.5981761941858548E-003
   171.000000000000000000000000000000000         7.7895889777789447E-003
   172.000000000000000000000000000000000         6.1653832544772821E-003
   173.000000000000000000000000000000000         4.7275753922900532E-003
   174.000000000000000000000000000000000         3.4778948091256055E-003
   175.000000000000000000000000000000000         2.4179164395247564E-003
   176.000000000000000000000000000000000         1.5488856830444561E-003
   177.000000000000000000000000000000000         8.7186454636508878E-004
   178.000000000000000000000000000000000         3.8769080364498904E-004
   179.000000000000000000000000000000000         9.6951922642074870E-005
   180.000000000000000000000000000000000         2.4194001277691674E-015
   181.000000000000000000000000000000000         9.6953864975643416E-005
   182.000000000000000000000000000000000         3.8769564684266295E-004
   183.000000000000000000000000000000000         8.7187036390306671E-004
   184.000000000000000000000000000000000         1.5488891386317386E-003
   185.000000000000000000000000000000000         2.4179261039251301E-003
   186.000000000000000000000000000000000         3.4779232433820744E-003
   187.000000000000000000000000000000000         4.7275888564712971E-003
   188.000000000000000000000000000000000         6.1653988056284068E-003
   189.000000000000000000000000000000000         7.7896061761423352E-003
   190.000000000000000000000000000000000         9.5982399637231895E-003
   191.000000000000000000000000000000000         1.1589060221530013E-002
   192.000000000000000000000000000000000         1.3759679541701923E-002
   193.000000000000000000000000000000000         1.6107440433402564E-002
   194.000000000000000000000000000000000         1.8629492047653587E-002
   195.000000000000000000000000000000000         2.1322733716337867E-002
   196.000000000000000000000000000000000         2.4183908204734365E-002
   197.000000000000000000000000000000000         2.7209531684292462E-002
   198.000000000000000000000000000000000         3.0395897146556539E-002
   199.000000000000000000000000000000000         3.3739154447695180E-002
   200.000000000000000000000000000000000         3.7235207016835366E-002
   201.000000000000000000000000000000000         4.0879790339030005E-002
   202.000000000000000000000000000000000         4.4668429736988098E-002
   203.000000000000000000000000000000000         4.8596650896103780E-002
   204.000000000000000000000000000000000         5.2659535898700149E-002
   205.000000000000000000000000000000000         5.6852140347850792E-002
   206.000000000000000000000000000000000         6.1169426900754914E-002
   207.000000000000000000000000000000000         6.5606038777273695E-002
   208.000000000000000000000000000000000         7.0156656095410538E-002
   209.000000000000000000000000000000000         7.4815698068793887E-002
   210.000000000000000000000000000000000         7.9577471461295235E-002
   211.000000000000000000000000000000000         8.4436249685607034E-002
   212.000000000000000000000000000000000         8.9386033052004113E-002
   213.000000000000000000000000000000000         9.4420823264649664E-002
   214.000000000000000000000000000000000         9.9534458557485869E-002
   215.000000000000000000000000000000000        0.10472077496443420     
   216.000000000000000000000000000000000        0.10997332883204870     
   217.000000000000000000000000000000000        0.11528592445277157     
   218.000000000000000000000000000000000        0.12065191054253295     
   219.000000000000000000000000000000000        0.12606479938056261     
   220.000000000000000000000000000000000        0.13151798229202499     
   221.000000000000000000000000000000000        0.13700488614968123     
   222.000000000000000000000000000000000        0.14251875293698671     
   223.000000000000000000000000000000000        0.14805288575415962     
   224.000000000000000000000000000000000        0.15360051649507150     
   225.000000000000000000000000000000000        0.15915497344741703     
   226.000000000000000000000000000000000        0.16470939945750798     
   227.000000000000000000000000000000000        0.17025706097124180     
   228.000000000000000000000000000000000        0.17579122922610371     
   229.000000000000000000000000000000000        0.18130506006811695     
   230.000000000000000000000000000000000        0.18679202236544554     
   231.000000000000000000000000000000000        0.19224514599405856     
   232.000000000000000000000000000000000        0.19765809927631695     
   233.000000000000000000000000000000000        0.20302401974707679     
   234.000000000000000000000000000000000        0.20833662943592179     
   235.000000000000000000000000000000000        0.21358916773492898     
   236.000000000000000000000000000000000        0.21877553925219265     
   237.000000000000000000000000000000000        0.22388911761565800     
   238.000000000000000000000000000000000        0.22892396953017310     
   239.000000000000000000000000000000000        0.23387368906605280     
   240.000000000000000000000000000000000        0.23873248915718903     
   241.000000000000000000000000000000000        0.24349423825494168     
   242.000000000000000000000000000000000        0.24815329923323928     
   243.000000000000000000000000000000000        0.25270389483110262     
   244.000000000000000000000000000000000        0.25714058642335902     
   245.000000000000000000000000000000000        0.26145779027096117     
   246.000000000000000000000000000000000        0.26565042820373624     
   247.000000000000000000000000000000000        0.26971327647355020     
   248.000000000000000000000000000000000        0.27364138953631528     
   249.000000000000000000000000000000000        0.27743013353761808     
   250.000000000000000000000000000000000        0.28107469285525005     
   251.000000000000000000000000000000000        0.28457076570916617     
   252.000000000000000000000000000000000        0.28791395015964505     
   253.000000000000000000000000000000000        0.29110038454413489     
   254.000000000000000000000000000000000        0.29412597217595943     
   255.000000000000000000000000000000000        0.29698717839411293     
   256.000000000000000000000000000000000        0.29968037891146082     
   257.000000000000000000000000000000000        0.30220246738957851     
   258.000000000000000000000000000000000        0.30455027334858675     
   259.000000000000000000000000000000000        0.30672084316542259     
   260.000000000000000000000000000000000        0.30871156044879000     
   261.000000000000000000000000000000000        0.31052029264783276     
   262.000000000000000000000000000000000        0.31214434007909592     
   263.000000000000000000000000000000000        0.31358230529975850     
   264.000000000000000000000000000000000        0.31483189786661608     
   265.000000000000000000000000000000000        0.31589196330256220     
   266.000000000000000000000000000000000        0.31676096097550083     
   267.000000000000000000000000000000000        0.31743801423402551     
   268.000000000000000000000000000000000        0.31792211414244809     
   269.000000000000000000000000000000000        0.31821292588895939     
   270.000000000000000000000000000000000        0.31830983860102158     
   271.000000000000000000000000000000000        0.31821292297545223     
   272.000000000000000000000000000000000        0.31792210697249473     
   273.000000000000000000000000000000000        0.31743800550772650     
   274.000000000000000000000000000000000        0.31676102882971108     
   275.000000000000000000000000000000000        0.31589194880601296     
   276.000000000000000000000000000000000        0.31483202433276786     
   277.000000000000000000000000000000000        0.31358228510350078     
   278.000000000000000000000000000000000        0.31214451586676645     
   279.000000000000000000000000000000000        0.31052026685027656     
   280.000000000000000000000000000000000        0.30871171834722727     
   281.000000000000000000000000000000000        0.30672081189230349     
   282.000000000000000000000000000000000        0.30455030761627094     
   283.000000000000000000000000000000000        0.30220243079320996     
   284.000000000000000000000000000000000        0.29968044578001324     
   285.000000000000000000000000000000000        0.29698713665279508     
   286.000000000000000000000000000000000        0.29412600019324053     
   287.000000000000000000000000000000000        0.29110033786123957     
   288.000000000000000000000000000000000        0.28791403043986730     
   289.000000000000000000000000000000000        0.28457071431211273     
   290.000000000000000000000000000000000        0.28107464478632954     
   291.000000000000000000000000000000000        0.27743007767684308     
   292.000000000000000000000000000000000        0.27364142146506970     
   293.000000000000000000000000000000000        0.26971321642118984     
   294.000000000000000000000000000000000        0.26565043822115253     
   295.000000000000000000000000000000000        0.26145772631957570     
   296.000000000000000000000000000000000        0.25714048338802042     
   297.000000000000000000000000000000000        0.25270382729227064     
   298.000000000000000000000000000000000        0.24815329367865252     
   299.000000000000000000000000000000000        0.24349416745770516     
   300.000000000000000000000000000000000        0.23873249004916347     
   301.000000000000000000000000000000000        0.23387361535527734     
   302.000000000000000000000000000000000        0.22892390078612607     
   303.000000000000000000000000000000000        0.22388904135050006     
   304.000000000000000000000000000000000        0.21877550810955773     
   305.000000000000000000000000000000000        0.21358908928691109     
   306.000000000000000000000000000000000        0.20833653573888308     
   307.000000000000000000000000000000000        0.20302393949848233     
   308.000000000000000000000000000000000        0.19765792504564561     
   309.000000000000000000000000000000000        0.19224506433571342     
   310.000000000000000000000000000000000        0.18679184727288994     
   311.000000000000000000000000000000000        0.18130497739796622     
   312.000000000000000000000000000000000        0.17579113184820064     
   313.000000000000000000000000000000000        0.17025697769198295     
   314.000000000000000000000000000000000        0.16470930544884479     
   315.000000000000000000000000000000000        0.15915488996483601     
   316.000000000000000000000000000000000        0.15360034986434618     
   317.000000000000000000000000000000000        0.14805280247490765     
   318.000000000000000000000000000000000        0.14251863264877432     
   319.000000000000000000000000000000000        0.13700480347954103     
   320.000000000000000000000000000000000        0.13151781821882522     
   321.000000000000000000000000000000000        0.12606471772225553     
   322.000000000000000000000000000000000        0.12065180254177460     
   323.000000000000000000000000000000000        0.11528584420415165     
   324.000000000000000000000000000000000        0.10997327943342743     
   325.000000000000000000000000000000000        0.10472069651643164     
   326.000000000000000000000000000000000         9.9534399515778596E-002
   327.000000000000000000000000000000000         9.4420746999508892E-002
   328.000000000000000000000000000000000         8.9385923324555111E-002
   329.000000000000000000000000000000000         8.4436175974828873E-002
   330.000000000000000000000000000000000         7.9577416716382077E-002
   331.000000000000000000000000000000000         7.4815627271533874E-002
   332.000000000000000000000000000000000         7.0156657465595240E-002
   333.000000000000000000000000000000000         6.5605971238422794E-002
   334.000000000000000000000000000000000         6.1169330371296481E-002
   335.000000000000000000000000000000000         5.6852076396476568E-002
   336.000000000000000000000000000000000         5.2659430927101791E-002
   337.000000000000000000000000000000000         4.8596590843739913E-002
   338.000000000000000000000000000000000         4.4668406474052035E-002
   339.000000000000000000000000000000000         4.0879734478284455E-002
   340.000000000000000000000000000000000         3.7235140765171676E-002
   341.000000000000000000000000000000000         3.3739103050672507E-002
   342.000000000000000000000000000000000         3.0395847717877036E-002
   343.000000000000000000000000000000000         2.7209485001420196E-002
   344.000000000000000000000000000000000         2.4183798727047224E-002
   345.000000000000000000000000000000000         2.1322691975042173E-002
   346.000000000000000000000000000000000         1.8629436872009266E-002
   347.000000000000000000000000000000000         1.6107403837044763E-002
   348.000000000000000000000000000000000         1.3759643181491912E-002
   349.000000000000000000000000000000000         1.1589028948398056E-002
   350.000000000000000000000000000000000         9.5981985569082561E-003
   351.000000000000000000000000000000000         7.7895803786049824E-003
   352.000000000000000000000000000000000         6.1653999377326253E-003
   353.000000000000000000000000000000000         4.7275686602056095E-003
   354.000000000000000000000000000000000         3.4779054973785579E-003
   355.000000000000000000000000000000000         2.4179116073314980E-003
   356.000000000000000000000000000000000         1.5488767735214392E-003
   357.000000000000000000000000000000000         8.7186163760185351E-004
   358.000000000000000000000000000000000         3.8768986271048821E-004
   359.000000000000000000000000000000000         9.6950951482194586E-005
   360.000000000000000000000000000000000         8.2208517545092835E-015
