   1.00000000000000000000000000000000000         9.6952893806439495E-005
   2.00000000000000000000000000000000000         3.8769345305236336E-004
   3.00000000000000000000000000000000000         8.7186745513123827E-004
   4.00000000000000000000000000000000000         1.5488841392563167E-003
   5.00000000000000000000000000000000000         2.4179212717231249E-003
   6.00000000000000000000000000000000000         3.4779174384831197E-003
   7.00000000000000000000000000000000000         4.7275821243764346E-003
   8.00000000000000000000000000000000000         6.1653971433094177E-003
   9.00000000000000000000000000000000000         7.7895975769583280E-003
   10.0000000000000000000000000000000000         9.5982176912972599E-003
   11.0000000000000000000000000000000000         1.1589049797144124E-002
   12.0000000000000000000000000000000000         1.3759661684728983E-002
   13.0000000000000000000000000000000000         1.6107428234611868E-002
   14.0000000000000000000000000000000000         1.8629469606599246E-002
   15.0000000000000000000000000000000000         2.1322719802569199E-002
   16.0000000000000000000000000000000000         2.4183888482166089E-002
   17.0000000000000000000000000000000000         2.7209516123326935E-002
   18.0000000000000000000000000000000000         3.0395888574467806E-002
   19.0000000000000000000000000000000000         3.3739137315352954E-002
   20.0000000000000000000000000000000000         3.7235195390121642E-002
   21.0000000000000000000000000000000000         4.0879771718784999E-002
   22.0000000000000000000000000000000000         4.4668459657452551E-002
   23.0000000000000000000000000000000000         4.8596630878645325E-002
   24.0000000000000000000000000000000000         5.2659495153754662E-002
   25.0000000000000000000000000000000000         5.6852119030715943E-002
   26.0000000000000000000000000000000000         6.1169380800081004E-002
   27.0000000000000000000000000000000000         6.5606016264321054E-002
   28.0000000000000000000000000000000000         7.0156628466535753E-002
   29.0000000000000000000000000000000000         7.4815674469700860E-002
   30.0000000000000000000000000000000000         7.9577478158292178E-002
   31.0000000000000000000000000000000000         8.4436225115333580E-002
   32.0000000000000000000000000000000000         8.9385984884654920E-002
   33.0000000000000000000000000000000000         9.4420797842928131E-002
   34.0000000000000000000000000000000000         9.9534454438373138E-002
   35.0000000000000000000000000000000000        0.10472074881508767     
   36.0000000000000000000000000000000000        0.10997339481945637     
   37.0000000000000000000000000000000000        0.11528589770323452     
   38.0000000000000000000000000000000000        0.12065188058304693     
   39.0000000000000000000000000000000000        0.12606477216112652     
   40.0000000000000000000000000000000000        0.13151796398829529     
   41.0000000000000000000000000000000000        0.13700485859297537     
   42.0000000000000000000000000000000000        0.14251871532150567     
   43.0000000000000000000000000000000000        0.14805285799440546     
   44.0000000000000000000000000000000000        0.15360053668223503     
   45.0000000000000000000000000000000000        0.15915494561988905     
   46.0000000000000000000000000000000000        0.16470937751997630     
   47.0000000000000000000000000000000000        0.17025703321147925     
   48.0000000000000000000000000000000000        0.17579115744584656     
   49.0000000000000000000000000000000000        0.18130503251140015     
   50.0000000000000000000000000000000000        0.18679191763313455     
   51.0000000000000000000000000000000000        0.19224511877460074     
   52.0000000000000000000000000000000000        0.19765803277913577     
   53.0000000000000000000000000000000000        0.20302399299754600     
   54.0000000000000000000000000000000000        0.20833651418340732     
   55.0000000000000000000000000000000000        0.21358914158558825     
   56.0000000000000000000000000000000000        0.21877544681135083     
   57.0000000000000000000000000000000000        0.22388909219394121     
   58.0000000000000000000000000000000000        0.22892388308701386     
   59.0000000000000000000000000000000000        0.23387366449579991     
   60.0000000000000000000000000000000000        0.23873238300510216     
   61.0000000000000000000000000000000000        0.24349421465585822     
   62.0000000000000000000000000000000000        0.24815325376923478     
   63.0000000000000000000000000000000000        0.25270387231816138     
   64.0000000000000000000000000000000000        0.25714050732405569     
   65.0000000000000000000000000000000000        0.26145776895386019     
   66.0000000000000000000000000000000000        0.26565037974839739     
   67.0000000000000000000000000000000000        0.26971325645609323     
   68.0000000000000000000000000000000000        0.27364143837710669     
   69.0000000000000000000000000000000000        0.27743011491735570     
   70.0000000000000000000000000000000000        0.28107472213833068     
   71.0000000000000000000000000000000000        0.28457074857682468     
   72.0000000000000000000000000000000000        0.28791398902861670     
   73.0000000000000000000000000000000000        0.29110036898316266     
   74.0000000000000000000000000000000000        0.29412596576809674     
   75.0000000000000000000000000000000000        0.29698716448033080     
   76.0000000000000000000000000000000000        0.29968039573336785     
   77.0000000000000000000000000000000000        0.30220245519079320     
   78.0000000000000000000000000000000000        0.30455019862434857     
   79.0000000000000000000000000000000000        0.30672083274105821     
   80.0000000000000000000000000000000000        0.30871169644816970     
   81.0000000000000000000000000000000000        0.31052028404864557     
   82.0000000000000000000000000000000000        0.31214449177477266     
   83.0000000000000000000000000000000000        0.31358229856768438     
   84.0000000000000000000000000000000000        0.31483193031706880     
   85.0000000000000000000000000000000000        0.31589195847038687     
   86.0000000000000000000000000000000000        0.31676100661718398     
   87.0000000000000000000000000000000000        0.31743801132526711     
   88.0000000000000000000000000000000000        0.31792218460712390     
   89.0000000000000000000000000000000000        0.31821292491779229     
   90.0000000000000000000000000000000000        0.31830986554692392     
   91.0000000000000000000000000000000000        0.31821292394662160     
   92.0000000000000000000000000000000000        0.31792218436629877     
   93.0000000000000000000000000000000000        0.31743800841649078     
   94.0000000000000000000000000000000000        0.31676099538439045     
   95.0000000000000000000000000000000000        0.31589195363819234     
   96.0000000000000000000000000000000000        0.31483195477560255     
   97.0000000000000000000000000000000000        0.31358229183559244     
   98.0000000000000000000000000000000000        0.31214447336456352     
   99.0000000000000000000000000000000000        0.31052027544945437     
   100.000000000000000000000000000000000        0.30871162711707018     
   101.000000000000000000000000000000000        0.30672082231668002     
   102.000000000000000000000000000000000        0.30455021453083753     
   103.000000000000000000000000000000000        0.30220244299200771     
   104.000000000000000000000000000000000        0.29968039012954012     
   105.000000000000000000000000000000000        0.29698715056656144     
   106.000000000000000000000000000000000        0.29412595485906584     
   107.000000000000000000000000000000000        0.29110035342220125     
   108.000000000000000000000000000000000        0.28791398487528397     
   109.000000000000000000000000000000000        0.28457073144448924     
   110.000000000000000000000000000000000        0.28107469512657324     
   111.000000000000000000000000000000000        0.27743009629709686     
   112.000000000000000000000000000000000        0.27364142984518780     
   113.000000000000000000000000000000000        0.26971323643863915     
   114.000000000000000000000000000000000        0.26565037344143549     
   115.000000000000000000000000000000000        0.26145774763672885     
   116.000000000000000000000000000000000        0.25714046832215876     
   117.000000000000000000000000000000000        0.25270384980521993     
   118.000000000000000000000000000000000        0.24815322086442240     
   119.000000000000000000000000000000000        0.24349419105676204     
   120.000000000000000000000000000000000        0.23873241120844932     
   121.000000000000000000000000000000000        0.23387363992554824     
   122.000000000000000000000000000000000        0.22892386830109196     
   123.000000000000000000000000000000000        0.22388906677221981     
   124.000000000000000000000000000000000        0.21877539262155415     
   125.000000000000000000000000000000000        0.21358911543625872     
   126.000000000000000000000000000000000        0.20833650587568095     
   127.000000000000000000000000000000000        0.20302396624800309     
   128.000000000000000000000000000000000        0.19765797568540172     
   129.000000000000000000000000000000000        0.19224509155516986     
   130.000000000000000000000000000000000        0.18679187074544742     
   131.000000000000000000000000000000000        0.18130500495467913     
   132.000000000000000000000000000000000        0.17579113060333837     
   133.000000000000000000000000000000000        0.17025700545173450     
   134.000000000000000000000000000000000        0.16470933167101215     
   135.000000000000000000000000000000000        0.15915491779235427     
   136.000000000000000000000000000000000        0.15360048616195934     
   137.000000000000000000000000000000000        0.14805283023466262     
   138.000000000000000000000000000000000        0.14251866814844416     
   139.000000000000000000000000000000000        0.13700483103625377     
   140.000000000000000000000000000000000        0.13151794683290169     
   141.000000000000000000000000000000000        0.12606474494169276     
   142.000000000000000000000000000000000        0.12065182799546925     
   143.000000000000000000000000000000000        0.11528587095368976     
   144.000000000000000000000000000000000        0.10997332704915480     
   145.000000000000000000000000000000000        0.10472072266576052     
   146.000000000000000000000000000000000         9.9534449923829371E-002
   147.000000000000000000000000000000000         9.4420772421211302E-002
   148.000000000000000000000000000000000         8.9385985855083380E-002
   149.000000000000000000000000000000000         8.4436200545081760E-002
   150.000000000000000000000000000000000         7.9577446353505207E-002
   151.000000000000000000000000000000000         7.4815650870612663E-002
   152.000000000000000000000000000000000         7.0156606285640674E-002
   153.000000000000000000000000000000000         6.5605993751375394E-002
   154.000000000000000000000000000000000         6.1169358909408486E-002
   155.000000000000000000000000000000000         5.6852097713589803E-002
   156.000000000000000000000000000000000         5.2659483591707287E-002
   157.000000000000000000000000000000000         4.8596610861196557E-002
   158.000000000000000000000000000000000         4.4668436290202493E-002
   159.000000000000000000000000000000000         4.0879753098530307E-002
   160.000000000000000000000000000000000         3.7235163790469546E-002
   161.000000000000000000000000000000000         3.3739120183013539E-002
   162.000000000000000000000000000000000         3.0395879937070831E-002
   163.000000000000000000000000000000000         2.7209500562368774E-002
   164.000000000000000000000000000000000         2.4183882271100882E-002
   165.000000000000000000000000000000000         2.1322705888803230E-002
   166.000000000000000000000000000000000         1.8629460701475080E-002
   167.000000000000000000000000000000000         1.6107416035823677E-002
   168.000000000000000000000000000000000         1.3759656695097253E-002
   169.000000000000000000000000000000000         1.1589039372768329E-002
   170.000000000000000000000000000000000         9.5982018395724192E-003
   171.000000000000000000000000000000000         7.7895889777788050E-003
   172.000000000000000000000000000000000         6.1653847128493901E-003
   173.000000000000000000000000000000000         4.7275753922889786E-003
   174.000000000000000000000000000000000         3.4779082994529161E-003
   175.000000000000000000000000000000000         2.4179164395247039E-003
   176.000000000000000000000000000000000         1.5488820451917346E-003
   177.000000000000000000000000000000000         8.7186454636454223E-004
   178.000000000000000000000000000000000         3.8769137025204952E-004
   179.000000000000000000000000000000000         9.6951922641864982E-005
   180.000000000000000000000000000000000         2.4300854153668377E-015
   181.000000000000000000000000000000000         9.6953864975732782E-005
   182.000000000000000000000000000000000         3.8769544473278962E-004
   183.000000000000000000000000000000000         8.7187036390331499E-004
   184.000000000000000000000000000000000         1.5488889328606969E-003
   185.000000000000000000000000000000000         2.4179261039260058E-003
   186.000000000000000000000000000000000         3.4779232433792919E-003
   187.000000000000000000000000000000000         4.7275888564693083E-003
   188.000000000000000000000000000000000         6.1654000955727439E-003
   189.000000000000000000000000000000000         7.7896061761415095E-003
   190.000000000000000000000000000000000         9.5982298216075786E-003
   191.000000000000000000000000000000000         1.1589060221526120E-002
   192.000000000000000000000000000000000         1.3759679475600963E-002
   193.000000000000000000000000000000000         1.6107440433401576E-002
   194.000000000000000000000000000000000         1.8629484616922893E-002
   195.000000000000000000000000000000000         2.1322733716338676E-002
   196.000000000000000000000000000000000         2.4183911235415897E-002
   197.000000000000000000000000000000000         2.7209531684289898E-002
   198.000000000000000000000000000000000         3.0395904659879062E-002
   199.000000000000000000000000000000000         3.3739154447695791E-002
   200.000000000000000000000000000000000         3.7235203147311872E-002
   201.000000000000000000000000000000000         4.0879790339038984E-002
   202.000000000000000000000000000000000         4.4668468791806137E-002
   203.000000000000000000000000000000000         4.8596650896101823E-002
   204.000000000000000000000000000000000         5.2659524369844272E-002
   205.000000000000000000000000000000000         5.6852140347847614E-002
   206.000000000000000000000000000000000         6.1169404913117113E-002
   207.000000000000000000000000000000000         6.5606038777270850E-002
   208.000000000000000000000000000000000         7.0156653674347758E-002
   209.000000000000000000000000000000000         7.4815698068790251E-002
   210.000000000000000000000000000000000         7.9577492250190549E-002
   211.000000000000000000000000000000000         8.4436249685594780E-002
   212.000000000000000000000000000000000         8.9386034723858268E-002
   213.000000000000000000000000000000000         9.4420823264647610E-002
   214.000000000000000000000000000000000         9.9534475663455579E-002
   215.000000000000000000000000000000000        0.10472077496442127     
   216.000000000000000000000000000000000        0.10997337747529251     
   217.000000000000000000000000000000000        0.11528592445277759     
   218.000000000000000000000000000000000        0.12065190763549778     
   219.000000000000000000000000000000000        0.12606479938056420     
   220.000000000000000000000000000000000        0.13151800213216810     
   221.000000000000000000000000000000000        0.13700488614969109     
   222.000000000000000000000000000000000        0.14251875189597188     
   223.000000000000000000000000000000000        0.14805288575415618     
   224.000000000000000000000000000000000        0.15360054011075366     
   225.000000000000000000000000000000000        0.15915497344742235     
   226.000000000000000000000000000000000        0.16470940056173627     
   227.000000000000000000000000000000000        0.17025706097122897     
   228.000000000000000000000000000000000        0.17579120174763946     
   229.000000000000000000000000000000000        0.18130506006811506     
   230.000000000000000000000000000000000        0.18679195546967653     
   231.000000000000000000000000000000000        0.19224514599404105     
   232.000000000000000000000000000000000        0.19765805019095578     
   233.000000000000000000000000000000000        0.20302401974708681     
   234.000000000000000000000000000000000        0.20833656897022393     
   235.000000000000000000000000000000000        0.21358916773491768     
   236.000000000000000000000000000000000        0.21877547736176889     
   237.000000000000000000000000000000000        0.22388911761565800     
   238.000000000000000000000000000000000        0.22892391767582967     
   239.000000000000000000000000000000000        0.23387368906605494     
   240.000000000000000000000000000000000        0.23873244993301765     
   241.000000000000000000000000000000000        0.24349423825494060     
   242.000000000000000000000000000000000        0.24815328539233381     
   243.000000000000000000000000000000000        0.25270389483110933     
   244.000000000000000000000000000000000        0.25714054346930593     
   245.000000000000000000000000000000000        0.26145779027097932     
   246.000000000000000000000000000000000        0.26565041167122749     
   247.000000000000000000000000000000000        0.26971327647354326     
   248.000000000000000000000000000000000        0.27364143558491949     
   249.000000000000000000000000000000000        0.27743013353760870     
   250.000000000000000000000000000000000        0.28107471446230170     
   251.000000000000000000000000000000000        0.28457076570916617     
   252.000000000000000000000000000000000        0.28791399937539719     
   253.000000000000000000000000000000000        0.29110038454412290     
   254.000000000000000000000000000000000        0.29412599619422353     
   255.000000000000000000000000000000000        0.29698717839409361     
   256.000000000000000000000000000000000        0.29968041756417924     
   257.000000000000000000000000000000000        0.30220246738957851     
   258.000000000000000000000000000000000        0.30455023560021982     
   259.000000000000000000000000000000000        0.30672084316542747     
   260.000000000000000000000000000000000        0.30871165115685467     
   261.000000000000000000000000000000000        0.31052029264782288     
   262.000000000000000000000000000000000        0.31214446488279218     
   263.000000000000000000000000000000000        0.31358230529976344     
   264.000000000000000000000000000000000        0.31483195441076617     
   265.000000000000000000000000000000000        0.31589196330257968     
   266.000000000000000000000000000000000        0.31676099069646108     
   267.000000000000000000000000000000000        0.31743801423402801     
   268.000000000000000000000000000000000        0.31792217225623282     
   269.000000000000000000000000000000000        0.31821292588895189     
   270.000000000000000000000000000000000        0.31830986958100882     
   271.000000000000000000000000000000000        0.31821292297544973     
   272.000000000000000000000000000000000        0.31792216616348040     
   273.000000000000000000000000000000000        0.31743800550772150     
   274.000000000000000000000000000000000        0.31676099497247656     
   275.000000000000000000000000000000000        0.31589194880598798     
   276.000000000000000000000000000000000        0.31483196581838874     
   277.000000000000000000000000000000000        0.31358228510349584     
   278.000000000000000000000000000000000        0.31214448163158948     
   279.000000000000000000000000000000000        0.31052026685027656     
   280.000000000000000000000000000000000        0.30871165989435689     
   281.000000000000000000000000000000000        0.30672081189229611     
   282.000000000000000000000000000000000        0.30455021528940746     
   283.000000000000000000000000000000000        0.30220243079321241     
   284.000000000000000000000000000000000        0.29968039958372222     
   285.000000000000000000000000000000000        0.29698713665278786     
   286.000000000000000000000000000000000        0.29412596640644706     
   287.000000000000000000000000000000000        0.29110033786123957     
   288.000000000000000000000000000000000        0.28791397617556619     
   289.000000000000000000000000000000000        0.28457071431213643     
   290.000000000000000000000000000000000        0.28107466191925040     
   291.000000000000000000000000000000000        0.27743007767684075     
   292.000000000000000000000000000000000        0.27364139557715844     
   293.000000000000000000000000000000000        0.26971321642118290     
   294.000000000000000000000000000000000        0.26565036404297682     
   295.000000000000000000000000000000000        0.26145772631959385     
   296.000000000000000000000000000000000        0.25714047023408632     
   297.000000000000000000000000000000000        0.25270382729226620     
   298.000000000000000000000000000000000        0.24815322891324273     
   299.000000000000000000000000000000000        0.24349416745768215     
   300.000000000000000000000000000000000        0.23873239227296539     
   301.000000000000000000000000000000000        0.23387361535528808     
   302.000000000000000000000000000000000        0.22892384390008585     
   303.000000000000000000000000000000000        0.22388904135050322     
   304.000000000000000000000000000000000        0.21877540921026198     
   305.000000000000000000000000000000000        0.21358908928692444     
   306.000000000000000000000000000000000        0.20833648671347685     
   307.000000000000000000000000000000000        0.20302393949846431     
   308.000000000000000000000000000000000        0.19765795054257104     
   309.000000000000000000000000000000000        0.19224506433572511     
   310.000000000000000000000000000000000        0.18679185467971463     
   311.000000000000000000000000000000000        0.18130497739795959     
   312.000000000000000000000000000000000        0.17579111585183738     
   313.000000000000000000000000000000000        0.17025697769198203     
   314.000000000000000000000000000000000        0.16470931501460528     
   315.000000000000000000000000000000000        0.15915488996482363     
   316.000000000000000000000000000000000        0.15360044003920742     
   317.000000000000000000000000000000000        0.14805280247491107     
   318.000000000000000000000000000000000        0.14251866141810801     
   319.000000000000000000000000000000000        0.13700480347953856     
   320.000000000000000000000000000000000        0.13151790354607362     
   321.000000000000000000000000000000000        0.12606471772225711     
   322.000000000000000000000000000000000        0.12065182123309633     
   323.000000000000000000000000000000000        0.11528584420415165     
   324.000000000000000000000000000000000        0.10997330407823136     
   325.000000000000000000000000000000000        0.10472069651643308     
   326.000000000000000000000000000000000         9.9534401932138236E-002
   327.000000000000000000000000000000000         9.4420746999498664E-002
   328.000000000000000000000000000000000         8.9385952751436182E-002
   329.000000000000000000000000000000000         8.4436175974830163E-002
   330.000000000000000000000000000000000         7.9577423462766098E-002
   331.000000000000000000000000000000000         7.4815627271530238E-002
   332.000000000000000000000000000000000         7.0156598580212157E-002
   333.000000000000000000000000000000000         6.5605971238427346E-002
   334.000000000000000000000000000000000         6.1169332979077264E-002
   335.000000000000000000000000000000000         5.6852076396468096E-002
   336.000000000000000000000000000000000         5.2659453743795367E-002
   337.000000000000000000000000000000000         4.8596590843744805E-002
   338.000000000000000000000000000000000         4.4668417745712806E-002
   339.000000000000000000000000000000000         4.0879734478281311E-002
   340.000000000000000000000000000000000         3.7235146967716237E-002
   341.000000000000000000000000000000000         3.3739103050676789E-002
   342.000000000000000000000000000000000         3.0395855518272574E-002
   343.000000000000000000000000000000000         2.7209485001415984E-002
   344.000000000000000000000000000000000         2.4183853948642978E-002
   345.000000000000000000000000000000000         2.1322691975042499E-002
   346.000000000000000000000000000000000         1.8629442227631944E-002
   347.000000000000000000000000000000000         1.6107403837042931E-002
   348.000000000000000000000000000000000         1.3759645039216563E-002
   349.000000000000000000000000000000000         1.1589028948397638E-002
   350.000000000000000000000000000000000         9.5981986980646274E-003
   351.000000000000000000000000000000000         7.7895803786045409E-003
   352.000000000000000000000000000000000         6.1653819132562356E-003
   353.000000000000000000000000000000000         4.7275686602057240E-003
   354.000000000000000000000000000000000         3.4779058085765797E-003
   355.000000000000000000000000000000000         2.4179116073311841E-003
   356.000000000000000000000000000000000         1.5488771650179539E-003
   357.000000000000000000000000000000000         8.7186163760211578E-004
   358.000000000000000000000000000000000         3.8768962915043659E-004
   359.000000000000000000000000000000000         9.6950951482146068E-005
   360.000000000000000000000000000000000         3.6945793233919050E-015
