   1.00000000000000000000000000000000000         9.6952893806636400E-005
   2.00000000000000000000000000000000000         3.8769345305277215E-004
   3.00000000000000000000000000000000000         8.7186745513070788E-004
   4.00000000000000000000000000000000000         1.5488822267644953E-003
   5.00000000000000000000000000000000000         2.4179212717232914E-003
   6.00000000000000000000000000000000000         3.4779173961920484E-003
   7.00000000000000000000000000000000000         4.7275821243764659E-003
   8.00000000000000000000000000000000000         6.1654068135493754E-003
   9.00000000000000000000000000000000000         7.7895975769597166E-003
   10.0000000000000000000000000000000000         9.5982175214519468E-003
   11.0000000000000000000000000000000000         1.1589049797142660E-002
   12.0000000000000000000000000000000000         1.3759647481828449E-002
   13.0000000000000000000000000000000000         1.6107428234614574E-002
   14.0000000000000000000000000000000000         1.8629469412113381E-002
   15.0000000000000000000000000000000000         2.1322719802569029E-002
   16.0000000000000000000000000000000000         2.4183869200114921E-002
   17.0000000000000000000000000000000000         2.7209516123326633E-002
   18.0000000000000000000000000000000000         3.0395885038792172E-002
   19.0000000000000000000000000000000000         3.3739137315353288E-002
   20.0000000000000000000000000000000000         3.7235219804379299E-002
   21.0000000000000000000000000000000000         4.0879771718787219E-002
   22.0000000000000000000000000000000000         4.4668460609108999E-002
   23.0000000000000000000000000000000000         4.8596630878643306E-002
   24.0000000000000000000000000000000000         5.2659482714987403E-002
   25.0000000000000000000000000000000000         5.6852119030714340E-002
   26.0000000000000000000000000000000000         6.1169388087077510E-002
   27.0000000000000000000000000000000000         6.5606016264323247E-002
   28.0000000000000000000000000000000000         7.0156625095095237E-002
   29.0000000000000000000000000000000000         7.4815674469702526E-002
   30.0000000000000000000000000000000000         7.9577488740800159E-002
   31.0000000000000000000000000000000000         8.4436225115328958E-002
   32.0000000000000000000000000000000000         8.9385929343592421E-002
   33.0000000000000000000000000000000000         9.4420797842928131E-002
   34.0000000000000000000000000000000000         9.9534455097639959E-002
   35.0000000000000000000000000000000000        0.10472074881508647     
   36.0000000000000000000000000000000000        0.10997346444707481     
   37.0000000000000000000000000000000000        0.11528589770323286     
   38.0000000000000000000000000000000000        0.12065188206858912     
   39.0000000000000000000000000000000000        0.12606477216112350     
   40.0000000000000000000000000000000000        0.13151792945019791     
   41.0000000000000000000000000000000000        0.13700485859297762     
   42.0000000000000000000000000000000000        0.14251869631544284     
   43.0000000000000000000000000000000000        0.14805285799440171     
   44.0000000000000000000000000000000000        0.15360057733415403     
   45.0000000000000000000000000000000000        0.15915494561988858     
   46.0000000000000000000000000000000000        0.16470938740406052     
   47.0000000000000000000000000000000000        0.17025703321148178     
   48.0000000000000000000000000000000000        0.17579113598025972     
   49.0000000000000000000000000000000000        0.18130503251140848     
   50.0000000000000000000000000000000000        0.18679193147590747     
   51.0000000000000000000000000000000000        0.19224511877459913     
   52.0000000000000000000000000000000000        0.19765808087214332     
   53.0000000000000000000000000000000000        0.20302399299754270     
   54.0000000000000000000000000000000000        0.20833648513276781     
   55.0000000000000000000000000000000000        0.21358914158558995     
   56.0000000000000000000000000000000000        0.21877547040288819     
   57.0000000000000000000000000000000000        0.22388909219393946     
   58.0000000000000000000000000000000000        0.22892389053619111     
   59.0000000000000000000000000000000000        0.23387366449579342     
   60.0000000000000000000000000000000000        0.23873231035555856     
   61.0000000000000000000000000000000000        0.24349421465586546     
   62.0000000000000000000000000000000000        0.24815324256506732     
   63.0000000000000000000000000000000000        0.25270387231815283     
   64.0000000000000000000000000000000000        0.25714049967169977     
   65.0000000000000000000000000000000000        0.26145776895386391     
   66.0000000000000000000000000000000000        0.26565036410679893     
   67.0000000000000000000000000000000000        0.26971325645609706     
   68.0000000000000000000000000000000000        0.27364146172056414     
   69.0000000000000000000000000000000000        0.27743011491735825     
   70.0000000000000000000000000000000000        0.28107476649353852     
   71.0000000000000000000000000000000000        0.28457074857681552     
   72.0000000000000000000000000000000000        0.28791397518157846     
   73.0000000000000000000000000000000000        0.29110036898316000     
   74.0000000000000000000000000000000000        0.29412591806252919     
   75.0000000000000000000000000000000000        0.29698716448034279     
   76.0000000000000000000000000000000000        0.29968035518789954     
   77.0000000000000000000000000000000000        0.30220245519079048     
   78.0000000000000000000000000000000000        0.30455016293967657     
   79.0000000000000000000000000000000000        0.30672083274106499     
   80.0000000000000000000000000000000000        0.30871176713828918     
   81.0000000000000000000000000000000000        0.31052028404864962     
   82.0000000000000000000000000000000000        0.31214449916975590     
   83.0000000000000000000000000000000000        0.31358229856769532     
   84.0000000000000000000000000000000000        0.31483185894011939     
   85.0000000000000000000000000000000000        0.31589195847038409     
   86.0000000000000000000000000000000000        0.31676103381649351     
   87.0000000000000000000000000000000000        0.31743801132527399     
   88.0000000000000000000000000000000000        0.31792218408702183     
   89.0000000000000000000000000000000000        0.31821292491780195     
   90.0000000000000000000000000000000000        0.31830983963293369     
   91.0000000000000000000000000000000000        0.31821292394662298     
   92.0000000000000000000000000000000000        0.31792218758691282     
   93.0000000000000000000000000000000000        0.31743800841648251     
   94.0000000000000000000000000000000000        0.31676100639181126     
   95.0000000000000000000000000000000000        0.31589195363820333     
   96.0000000000000000000000000000000000        0.31483194993589519     
   97.0000000000000000000000000000000000        0.31358229183559927     
   98.0000000000000000000000000000000000        0.31214445713176514     
   99.0000000000000000000000000000000000        0.31052027544943667     
   100.000000000000000000000000000000000        0.30871156621743973     
   101.000000000000000000000000000000000        0.30672082231668679     
   102.000000000000000000000000000000000        0.30455023874109272     
   103.000000000000000000000000000000000        0.30220244299201177     
   104.000000000000000000000000000000000        0.29968036599696940     
   105.000000000000000000000000000000000        0.29698715056656944     
   106.000000000000000000000000000000000        0.29412591559559254     
   107.000000000000000000000000000000000        0.29110035342219598     
   108.000000000000000000000000000000000        0.28791399787546612     
   109.000000000000000000000000000000000        0.28457073144449313     
   110.000000000000000000000000000000000        0.28107471940774109     
   111.000000000000000000000000000000000        0.27743009629709170     
   112.000000000000000000000000000000000        0.27364147694581237     
   113.000000000000000000000000000000000        0.26971323643864170     
   114.000000000000000000000000000000000        0.26565038942027602     
   115.000000000000000000000000000000000        0.26145774763672636     
   116.000000000000000000000000000000000        0.25714042310810509     
   117.000000000000000000000000000000000        0.25270384980522731     
   118.000000000000000000000000000000000        0.24815318802382738     
   119.000000000000000000000000000000000        0.24349419105675119     
   120.000000000000000000000000000000000        0.23873245362483880     
   121.000000000000000000000000000000000        0.23387363992554883     
   122.000000000000000000000000000000000        0.22892389824593207     
   123.000000000000000000000000000000000        0.22388906677221054     
   124.000000000000000000000000000000000        0.21877535375827040     
   125.000000000000000000000000000000000        0.21358911543625927     
   126.000000000000000000000000000000000        0.20833651677227025     
   127.000000000000000000000000000000000        0.20302396624800034     
   128.000000000000000000000000000000000        0.19765795757425419     
   129.000000000000000000000000000000000        0.19224509155518005     
   130.000000000000000000000000000000000        0.18679184172580784     
   131.000000000000000000000000000000000        0.18130500495468277     
   132.000000000000000000000000000000000        0.17579111096943661     
   133.000000000000000000000000000000000        0.17025700545174408     
   134.000000000000000000000000000000000        0.16470930187065880     
   135.000000000000000000000000000000000        0.15915491779235280     
   136.000000000000000000000000000000000        0.15360047685254979     
   137.000000000000000000000000000000000        0.14805283023466964     
   138.000000000000000000000000000000000        0.14251860624685742     
   139.000000000000000000000000000000000        0.13700483103624925     
   140.000000000000000000000000000000000        0.13151793484343252     
   141.000000000000000000000000000000000        0.12606474494169406     
   142.000000000000000000000000000000000        0.12065177319041172     
   143.000000000000000000000000000000000        0.11528587095368313     
   144.000000000000000000000000000000000        0.10997330580632170     
   145.000000000000000000000000000000000        0.10472072266576170     
   146.000000000000000000000000000000000         9.9534497413836215E-002
   147.000000000000000000000000000000000         9.4420772421211677E-002
   148.000000000000000000000000000000000         8.9385987473638268E-002
   149.000000000000000000000000000000000         8.4436200545081400E-002
   150.000000000000000000000000000000000         7.9577439984053491E-002
   151.000000000000000000000000000000000         7.4815650870610997E-002
   152.000000000000000000000000000000000         7.0156604870386274E-002
   153.000000000000000000000000000000000         6.5605993751381028E-002
   154.000000000000000000000000000000000         6.1169366279395052E-002
   155.000000000000000000000000000000000         5.6852097713589803E-002
   156.000000000000000000000000000000000         5.2659491212186528E-002
   157.000000000000000000000000000000000         4.8596610861201268E-002
   158.000000000000000000000000000000000         4.4668428361291687E-002
   159.000000000000000000000000000000000         4.0879753098529932E-002
   160.000000000000000000000000000000000         3.7235158037311381E-002
   161.000000000000000000000000000000000         3.3739120183013872E-002
   162.000000000000000000000000000000000         3.0395893383671886E-002
   163.000000000000000000000000000000000         2.7209500562368268E-002
   164.000000000000000000000000000000000         2.4183881766659348E-002
   165.000000000000000000000000000000000         2.1322705888801981E-002
   166.000000000000000000000000000000000         1.8629469657032941E-002
   167.000000000000000000000000000000000         1.6107416035822126E-002
   168.000000000000000000000000000000000         1.3759656415648767E-002
   169.000000000000000000000000000000000         1.1589039372767111E-002
   170.000000000000000000000000000000000         9.5981877346055684E-003
   171.000000000000000000000000000000000         7.7895889777788883E-003
   172.000000000000000000000000000000000         6.1653839107447097E-003
   173.000000000000000000000000000000000         4.7275753922895649E-003
   174.000000000000000000000000000000000         3.4779008797696576E-003
   175.000000000000000000000000000000000         2.4179164395247373E-003
   176.000000000000000000000000000000000         1.5488840460102027E-003
   177.000000000000000000000000000000000         8.7186454636484006E-004
   178.000000000000000000000000000000000         3.8769105861811504E-004
   179.000000000000000000000000000000000         9.6951922641981330E-005
   180.000000000000000000000000000000000         2.4242055936145729E-015
   181.000000000000000000000000000000000         9.6953864975684548E-005
   182.000000000000000000000000000000000         3.8769555589321343E-004
   183.000000000000000000000000000000000         8.7187036390317567E-004
   184.000000000000000000000000000000000         1.5488890460347681E-003
   185.000000000000000000000000000000000         2.4179261039255287E-003
   186.000000000000000000000000000000000         3.4779232433808224E-003
   187.000000000000000000000000000000000         4.7275888564703985E-003
   188.000000000000000000000000000000000         6.1653993861033414E-003
   189.000000000000000000000000000000000         7.7896061761419675E-003
   190.000000000000000000000000000000000         9.5982353997705015E-003
   191.000000000000000000000000000000000         1.1589060221528256E-002
   192.000000000000000000000000000000000         1.3759679511956491E-002
   193.000000000000000000000000000000000         1.6107440433402120E-002
   194.000000000000000000000000000000000         1.8629488703824592E-002
   195.000000000000000000000000000000000         2.1322733716338232E-002
   196.000000000000000000000000000000000         2.4183909568541034E-002
   197.000000000000000000000000000000000         2.7209531684291306E-002
   198.000000000000000000000000000000000         3.0395900527551558E-002
   199.000000000000000000000000000000000         3.3739154447695451E-002
   200.000000000000000000000000000000000         3.7235205275549771E-002
   201.000000000000000000000000000000000         4.0879790339034050E-002
   202.000000000000000000000000000000000         4.4668447311654105E-002
   203.000000000000000000000000000000000         4.8596650896102898E-002
   204.000000000000000000000000000000000         5.2659530710714851E-002
   205.000000000000000000000000000000000         5.6852140347849363E-002
   206.000000000000000000000000000000000         6.1169417006317416E-002
   207.000000000000000000000000000000000         6.5606038777272419E-002
   208.000000000000000000000000000000000         7.0156655005932281E-002
   209.000000000000000000000000000000000         7.4815698068792250E-002
   210.000000000000000000000000000000000         7.9577480816297785E-002
   211.000000000000000000000000000000000         8.4436249685601511E-002
   212.000000000000000000000000000000000         8.9386033804338474E-002
   213.000000000000000000000000000000000         9.4420823264648734E-002
   214.000000000000000000000000000000000         9.9534466255172052E-002
   215.000000000000000000000000000000000        0.10472077496442839     
   216.000000000000000000000000000000000        0.10997335072150709     
   217.000000000000000000000000000000000        0.11528592445277427     
   218.000000000000000000000000000000000        0.12065190923436712     
   219.000000000000000000000000000000000        0.12606479938056334     
   220.000000000000000000000000000000000        0.13151799122008920     
   221.000000000000000000000000000000000        0.13700488614968567     
   222.000000000000000000000000000000000        0.14251875246853005     
   223.000000000000000000000000000000000        0.14805288575415806     
   224.000000000000000000000000000000000        0.15360052712212824     
   225.000000000000000000000000000000000        0.15915497344741941     
   226.000000000000000000000000000000000        0.16470939995441072     
   227.000000000000000000000000000000000        0.17025706097123602     
   228.000000000000000000000000000000000        0.17579121686079452     
   229.000000000000000000000000000000000        0.18130506006811609     
   230.000000000000000000000000000000000        0.18679199226234799     
   231.000000000000000000000000000000000        0.19224514599405068     
   232.000000000000000000000000000000000        0.19765807718790368     
   233.000000000000000000000000000000000        0.20302401974708131     
   234.000000000000000000000000000000000        0.20833660222635667     
   235.000000000000000000000000000000000        0.21358916773492390     
   236.000000000000000000000000000000000        0.21877551140150089     
   237.000000000000000000000000000000000        0.22388911761565800     
   238.000000000000000000000000000000000        0.22892394619571785     
   239.000000000000000000000000000000000        0.23387368906605374     
   240.000000000000000000000000000000000        0.23873247150631149     
   241.000000000000000000000000000000000        0.24349423825494121     
   242.000000000000000000000000000000000        0.24815329300483177     
   243.000000000000000000000000000000000        0.25270389483110567     
   244.000000000000000000000000000000000        0.25714056709403466     
   245.000000000000000000000000000000000        0.26145779027096933     
   246.000000000000000000000000000000000        0.26565042076410722     
   247.000000000000000000000000000000000        0.26971327647354709     
   248.000000000000000000000000000000000        0.27364141025818667     
   249.000000000000000000000000000000000        0.27743013353761387     
   250.000000000000000000000000000000000        0.28107470257842321     
   251.000000000000000000000000000000000        0.28457076570916617     
   252.000000000000000000000000000000000        0.28791397230673299     
   253.000000000000000000000000000000000        0.29110038454412945     
   254.000000000000000000000000000000000        0.29412598298417814     
   255.000000000000000000000000000000000        0.29698717839410421     
   256.000000000000000000000000000000000        0.29968039630518378     
   257.000000000000000000000000000000000        0.30220246738957851     
   258.000000000000000000000000000000000        0.30455025636182137     
   259.000000000000000000000000000000000        0.30672084316542481     
   260.000000000000000000000000000000000        0.30871160126741742     
   261.000000000000000000000000000000000        0.31052029264782832     
   262.000000000000000000000000000000000        0.31214439624075613     
   263.000000000000000000000000000000000        0.31358230529976072     
   264.000000000000000000000000000000000        0.31483192331148296     
   265.000000000000000000000000000000000        0.31589196330257008     
   266.000000000000000000000000000000000        0.31676097434993278     
   267.000000000000000000000000000000000        0.31743801423402662     
   268.000000000000000000000000000000000        0.31792214029365057     
   269.000000000000000000000000000000000        0.31821292588895600     
   270.000000000000000000000000000000000        0.31830985254201566     
   271.000000000000000000000000000000000        0.31821292297545112     
   272.000000000000000000000000000000000        0.31792213360843757     
   273.000000000000000000000000000000000        0.31743800550772427     
   274.000000000000000000000000000000000        0.31676101359395531     
   275.000000000000000000000000000000000        0.31589194880600169     
   276.000000000000000000000000000000000        0.31483199800129658     
   277.000000000000000000000000000000000        0.31358228510349856     
   278.000000000000000000000000000000000        0.31214450046093656     
   279.000000000000000000000000000000000        0.31052026685027656     
   280.000000000000000000000000000000000        0.30871169204343490     
   281.000000000000000000000000000000000        0.30672081189230016     
   282.000000000000000000000000000000000        0.30455026606918062     
   283.000000000000000000000000000000000        0.30220243079321107     
   284.000000000000000000000000000000000        0.29968042499168185     
   285.000000000000000000000000000000000        0.29698713665279186     
   286.000000000000000000000000000000000        0.29412598498918324     
   287.000000000000000000000000000000000        0.29110033786123957     
   288.000000000000000000000000000000000        0.28791400602093120     
   289.000000000000000000000000000000000        0.28457071431212339     
   290.000000000000000000000000000000000        0.28107465249614383     
   291.000000000000000000000000000000000        0.27743007767684202     
   292.000000000000000000000000000000000        0.27364140981550950     
   293.000000000000000000000000000000000        0.26971321642118673     
   294.000000000000000000000000000000000        0.26565040484097219     
   295.000000000000000000000000000000000        0.26145772631958386     
   296.000000000000000000000000000000000        0.25714047746875007     
   297.000000000000000000000000000000000        0.25270382729226865     
   298.000000000000000000000000000000000        0.24815326453421707     
   299.000000000000000000000000000000000        0.24349416745769481     
   300.000000000000000000000000000000000        0.23873244604987184     
   301.000000000000000000000000000000000        0.23387361535528217     
   302.000000000000000000000000000000000        0.22892387518740712     
   303.000000000000000000000000000000000        0.22388904135050147     
   304.000000000000000000000000000000000        0.21877546360487188     
   305.000000000000000000000000000000000        0.21358908928691708     
   306.000000000000000000000000000000000        0.20833651367744957     
   307.000000000000000000000000000000000        0.20302393949847422     
   308.000000000000000000000000000000000        0.19765793651926186     
   309.000000000000000000000000000000000        0.19224506433571870     
   310.000000000000000000000000000000000        0.18679185060596104     
   311.000000000000000000000000000000000        0.18130497739796322     
   312.000000000000000000000000000000000        0.17579112464983707     
   313.000000000000000000000000000000000        0.17025697769198253     
   314.000000000000000000000000000000000        0.16470930975343698     
   315.000000000000000000000000000000000        0.15915488996483043     
   316.000000000000000000000000000000000        0.15360039044303045     
   317.000000000000000000000000000000000        0.14805280247490918     
   318.000000000000000000000000000000000        0.14251864559497412     
   319.000000000000000000000000000000000        0.13700480347953992     
   320.000000000000000000000000000000000        0.13151785661608356     
   321.000000000000000000000000000000000        0.12606471772225625     
   322.000000000000000000000000000000000        0.12065181095286920     
   323.000000000000000000000000000000000        0.11528584420415165     
   324.000000000000000000000000000000000        0.10997329052358885     
   325.000000000000000000000000000000000        0.10472069651643229     
   326.000000000000000000000000000000000         9.9534400603140435E-002
   327.000000000000000000000000000000000         9.4420746999504299E-002
   328.000000000000000000000000000000000         8.9385936566650989E-002
   329.000000000000000000000000000000000         8.4436175974829455E-002
   330.000000000000000000000000000000000         7.9577419752254852E-002
   331.000000000000000000000000000000000         7.4815627271532237E-002
   332.000000000000000000000000000000000         7.0156630967169800E-002
   333.000000000000000000000000000000000         6.5605971238424848E-002
   334.000000000000000000000000000000000         6.1169331544797825E-002
   335.000000000000000000000000000000000         5.6852076396472752E-002
   336.000000000000000000000000000000000         5.2659441194613292E-002
   337.000000000000000000000000000000000         4.8596590843742113E-002
   338.000000000000000000000000000000000         4.4668411546299205E-002
   339.000000000000000000000000000000000         4.0879734478283039E-002
   340.000000000000000000000000000000000         3.7235143556316665E-002
   341.000000000000000000000000000000000         3.3739103050674436E-002
   342.000000000000000000000000000000000         3.0395851228054903E-002
   343.000000000000000000000000000000000         2.7209485001418302E-002
   344.000000000000000000000000000000000         2.4183823576757510E-002
   345.000000000000000000000000000000000         2.1322691975042319E-002
   346.000000000000000000000000000000000         1.8629439282039376E-002
   347.000000000000000000000000000000000         1.6107403837043937E-002
   348.000000000000000000000000000000000         1.3759644017467990E-002
   349.000000000000000000000000000000000         1.1589028948397868E-002
   350.000000000000000000000000000000000         9.5981986204286222E-003
   351.000000000000000000000000000000000         7.7895803786047838E-003
   352.000000000000000000000000000000000         6.1653918267149891E-003
   353.000000000000000000000000000000000         4.7275686602056615E-003
   354.000000000000000000000000000000000         3.4779056374176658E-003
   355.000000000000000000000000000000000         2.4179116073313567E-003
   356.000000000000000000000000000000000         1.5488769496948647E-003
   357.000000000000000000000000000000000         8.7186163760197158E-004
   358.000000000000000000000000000000000         3.8768975760845626E-004
   359.000000000000000000000000000000000         9.6950951482172753E-005
   360.000000000000000000000000000000000         5.0694904528260790E-016
