   1.00000000000000000000000000000000000         9.6952893808114100E-005
   2.00000000000000000000000000000000000         3.8769345305559650E-004
   3.00000000000000000000000000000000000         8.7186745512669080E-004
   4.00000000000000000000000000000000000         1.5488690132168985E-003
   5.00000000000000000000000000000000000         2.4179212717250257E-003
   6.00000000000000000000000000000000000         3.4779171039991987E-003
   7.00000000000000000000000000000000000         4.7275821243758570E-003
   8.00000000000000000000000000000000000         6.1654736263235602E-003
   9.00000000000000000000000000000000000         7.7895975769703609E-003
   10.0000000000000000000000000000000000         9.5982163479752698E-003
   11.0000000000000000000000000000000000         1.1589049797131276E-002
   12.0000000000000000000000000000000000         1.3759549352897754E-002
   13.0000000000000000000000000000000000         1.6107428234634687E-002
   14.0000000000000000000000000000000000         1.8629468068392892E-002
   15.0000000000000000000000000000000000         2.1322719802566233E-002
   16.0000000000000000000000000000000000         2.4183735978880516E-002
   17.0000000000000000000000000000000000         2.7209516123326286E-002
   18.0000000000000000000000000000000000         3.0395860610493410E-002
   19.0000000000000000000000000000000000         3.3739137315353676E-002
   20.0000000000000000000000000000000000         3.7235388484923644E-002
   21.0000000000000000000000000000000000         4.0879771718804699E-002
   22.0000000000000000000000000000000000         4.4668467184190194E-002
   23.0000000000000000000000000000000000         4.8596630878627055E-002
   24.0000000000000000000000000000000000         5.2659396774453776E-002
   25.0000000000000000000000000000000000         5.6852119030705736E-002
   26.0000000000000000000000000000000000         6.1169438433610654E-002
   27.0000000000000000000000000000000000         6.5606016264335779E-002
   28.0000000000000000000000000000000000         7.0156601801508400E-002
   29.0000000000000000000000000000000000         7.4815674469716806E-002
   30.0000000000000000000000000000000000         7.9577561856329040E-002
   31.0000000000000000000000000000000000         8.4436225115294181E-002
   32.0000000000000000000000000000000000         8.9385545605813840E-002
   33.0000000000000000000000000000000000         9.4420797842931212E-002
   34.0000000000000000000000000000000000         9.9534459652574431E-002
   35.0000000000000000000000000000000000        0.10472074881507505     
   36.0000000000000000000000000000000000        0.10997394551122268     
   37.0000000000000000000000000000000000        0.11528589770322473     
   38.0000000000000000000000000000000000        0.12065189233233539     
   39.0000000000000000000000000000000000        0.12606477216109904     
   40.0000000000000000000000000000000000        0.13151769082346718     
   41.0000000000000000000000000000000000        0.13700485859299685     
   42.0000000000000000000000000000000000        0.14251856500086144     
   43.0000000000000000000000000000000000        0.14805285799437201     
   44.0000000000000000000000000000000000        0.15360085820210512     
   45.0000000000000000000000000000000000        0.15915494561988905     
   46.0000000000000000000000000000000000        0.16470945569410497     
   47.0000000000000000000000000000000000        0.17025703321149518     
   48.0000000000000000000000000000000000        0.17579098767260468     
   49.0000000000000000000000000000000000        0.18130503251147004     
   50.0000000000000000000000000000000000        0.18679202711689807     
   51.0000000000000000000000000000000000        0.19224511877458383     
   52.0000000000000000000000000000000000        0.19765841315126456     
   53.0000000000000000000000000000000000        0.20302399299752419     
   54.0000000000000000000000000000000000        0.20833628441931396     
   55.0000000000000000000000000000000000        0.21358914158559733     
   56.0000000000000000000000000000000000        0.21877563339899928     
   57.0000000000000000000000000000000000        0.22388909219393191     
   58.0000000000000000000000000000000000        0.22892394200323724     
   59.0000000000000000000000000000000000        0.23387366449574409     
   60.0000000000000000000000000000000000        0.23873180841355923     
   61.0000000000000000000000000000000000        0.24349421465591997     
   62.0000000000000000000000000000000000        0.24815316515446253     
   63.0000000000000000000000000000000000        0.25270387231808883     
   64.0000000000000000000000000000000000        0.25714044680088011     
   65.0000000000000000000000000000000000        0.26145776895389444     
   66.0000000000000000000000000000000000        0.26565025603758607     
   67.0000000000000000000000000000000000        0.26971325645611860     
   68.0000000000000000000000000000000000        0.27364162300266098     
   69.0000000000000000000000000000000000        0.27743011491738084     
   70.0000000000000000000000000000000000        0.28107507294779704     
   71.0000000000000000000000000000000000        0.28457074857674780     
   72.0000000000000000000000000000000000        0.28791387951114150     
   73.0000000000000000000000000000000000        0.29110036898314662     
   74.0000000000000000000000000000000000        0.29412558846053166     
   75.0000000000000000000000000000000000        0.29698716448042073     
   76.0000000000000000000000000000000000        0.29968007505564820     
   77.0000000000000000000000000000000000        0.30220245519077671     
   78.0000000000000000000000000000000000        0.30454991639109086     
   79.0000000000000000000000000000000000        0.30672083274110695     
   80.0000000000000000000000000000000000        0.30871225554297238     
   81.0000000000000000000000000000000000        0.31052028404868265     
   82.0000000000000000000000000000000000        0.31214455026236987     
   83.0000000000000000000000000000000000        0.31358229856776604     
   84.0000000000000000000000000000000000        0.31483136579050847     
   85.0000000000000000000000000000000000        0.31589195847036988     
   86.0000000000000000000000000000000000        0.31676122173902760     
   87.0000000000000000000000000000000000        0.31743801132531679     
   88.0000000000000000000000000000000000        0.31792218049358950     
   89.0000000000000000000000000000000000        0.31821292491787334     
   90.0000000000000000000000000000000000        0.31830966059084786     
   91.0000000000000000000000000000000000        0.31821292394662787     
   92.0000000000000000000000000000000000        0.31792220983842878     
   93.0000000000000000000000000000000000        0.31743800841643005     
   94.0000000000000000000000000000000000        0.31676108244308743     
   95.0000000000000000000000000000000000        0.31589195363827455     
   96.0000000000000000000000000000000000        0.31483191649791814     
   97.0000000000000000000000000000000000        0.31358229183565112     
   98.0000000000000000000000000000000000        0.31214434497789689     
   99.0000000000000000000000000000000000        0.31052027544930999     
   100.000000000000000000000000000000000        0.30871114545652084     
   101.000000000000000000000000000000000        0.30672082231673797     
   102.000000000000000000000000000000000        0.30455040601197303     
   103.000000000000000000000000000000000        0.30220244299203519     
   104.000000000000000000000000000000000        0.29968019926287098     
   105.000000000000000000000000000000000        0.29698715056662889     
   106.000000000000000000000000000000000        0.29412564432075744     
   107.000000000000000000000000000000000        0.29110035342215540     
   108.000000000000000000000000000000000        0.28791408769491428     
   109.000000000000000000000000000000000        0.28457073144452416     
   110.000000000000000000000000000000000        0.28107488716856588     
   111.000000000000000000000000000000000        0.27743009629705218     
   112.000000000000000000000000000000000        0.27364180236841984     
   113.000000000000000000000000000000000        0.26971323643866313     
   114.000000000000000000000000000000000        0.26565049981955074     
   115.000000000000000000000000000000000        0.26145774763670537     
   116.000000000000000000000000000000000        0.25714011072020637     
   117.000000000000000000000000000000000        0.25270384980528188     
   118.000000000000000000000000000000000        0.24815296112523033     
   119.000000000000000000000000000000000        0.24349419105667261     
   120.000000000000000000000000000000000        0.23873274668363278     
   121.000000000000000000000000000000000        0.23387363992555635     
   122.000000000000000000000000000000000        0.22892410513760825     
   123.000000000000000000000000000000000        0.22388906677214332     
   124.000000000000000000000000000000000        0.21877508524840431     
   125.000000000000000000000000000000000        0.21358911543626641     
   126.000000000000000000000000000000000        0.20833659205780419     
   127.000000000000000000000000000000000        0.20302396624797822     
   128.000000000000000000000000000000000        0.19765783244271221     
   129.000000000000000000000000000000000        0.19224509155525335     
   130.000000000000000000000000000000000        0.18679164122654132     
   131.000000000000000000000000000000000        0.18130500495470508     
   132.000000000000000000000000000000000        0.17579097531705443     
   133.000000000000000000000000000000000        0.17025700545181294     
   134.000000000000000000000000000000000        0.16470909597738193     
   135.000000000000000000000000000000000        0.15915491779234009     
   136.000000000000000000000000000000000        0.15360041253300069     
   137.000000000000000000000000000000000        0.14805283023472082     
   138.000000000000000000000000000000000        0.14251817856353455     
   139.000000000000000000000000000000000        0.13700483103621566     
   140.000000000000000000000000000000000        0.13151785200711510     
   141.000000000000000000000000000000000        0.12606474494170525     
   142.000000000000000000000000000000000        0.12065139453762709     
   143.000000000000000000000000000000000        0.11528587095363522     
   144.000000000000000000000000000000000        0.10997315903771258     
   145.000000000000000000000000000000000        0.10472072266577183     
   146.000000000000000000000000000000000         9.9534825526920237E-002
   147.000000000000000000000000000000000         9.4420772421212426E-002
   148.000000000000000000000000000000000         8.9385998656381485E-002
   149.000000000000000000000000000000000         8.4436200545080622E-002
   150.000000000000000000000000000000000         7.9577395976939524E-002
   151.000000000000000000000000000000000         7.4815650870597883E-002
   152.000000000000000000000000000000000         7.0156595092265350E-002
   153.000000000000000000000000000000000         6.5605993751421413E-002
   154.000000000000000000000000000000000         6.1169417199314333E-002
   155.000000000000000000000000000000000         5.6852097713588290E-002
   156.000000000000000000000000000000000         5.2659543862785443E-002
   157.000000000000000000000000000000000         4.8596610861235207E-002
   158.000000000000000000000000000000000         4.4668373579745353E-002
   159.000000000000000000000000000000000         4.0879753098526116E-002
   160.000000000000000000000000000000000         3.7235118288230729E-002
   161.000000000000000000000000000000000         3.3739120183017328E-002
   162.000000000000000000000000000000000         3.0395986287542257E-002
   163.000000000000000000000000000000000         2.7209500562363799E-002
   164.000000000000000000000000000000000         2.4183878281427099E-002
   165.000000000000000000000000000000000         2.1322705888794233E-002
   166.000000000000000000000000000000000         1.8629531531855165E-002
   167.000000000000000000000000000000000         1.6107416035810663E-002
   168.000000000000000000000000000000000         1.3759654484913855E-002
   169.000000000000000000000000000000000         1.1589039372759338E-002
   170.000000000000000000000000000000000         9.5980902823905052E-003
   171.000000000000000000000000000000000         7.7895889777789325E-003
   172.000000000000000000000000000000000         6.1653783689319779E-003
   173.000000000000000000000000000000000         4.7275753922940223E-003
   174.000000000000000000000000000000000         3.4778496167197502E-003
   175.000000000000000000000000000000000         2.4179164395246640E-003
   176.000000000000000000000000000000000         1.5488978698822010E-003
   177.000000000000000000000000000000000         8.7186454636707785E-004
   178.000000000000000000000000000000000         3.8768890551435330E-004
   179.000000000000000000000000000000000         9.6951922642725893E-005
   180.000000000000000000000000000000000         2.3837759630550968E-015
   181.000000000000000000000000000000000         9.6953864975292582E-005
   182.000000000000000000000000000000000         3.8769632391111878E-004
   183.000000000000000000000000000000000         8.7187036390238724E-004
   184.000000000000000000000000000000000         1.5488898279648275E-003
   185.000000000000000000000000000000000         2.4179261039219435E-003
   186.000000000000000000000000000000000         3.4779232433913964E-003
   187.000000000000000000000000000000000         4.7275888564783089E-003
   188.000000000000000000000000000000000         6.1653944843158602E-003
   189.000000000000000000000000000000000         7.7896061761446667E-003
   190.000000000000000000000000000000000         9.5982739398495255E-003
   191.000000000000000000000000000000000         1.1589060221543579E-002
   192.000000000000000000000000000000000         1.3759679763140140E-002
   193.000000000000000000000000000000000         1.6107440433405226E-002
   194.000000000000000000000000000000000         1.8629516940612212E-002
   195.000000000000000000000000000000000         2.1322733716335879E-002
   196.000000000000000000000000000000000         2.4183898051952618E-002
   197.000000000000000000000000000000000         2.7209531684300226E-002
   198.000000000000000000000000000000000         3.0395871976932849E-002
   199.000000000000000000000000000000000         3.3739154447694028E-002
   200.000000000000000000000000000000000         3.7235219979740518E-002
   201.000000000000000000000000000000000         4.0879790338998953E-002
   202.000000000000000000000000000000000         4.4668298903472063E-002
   203.000000000000000000000000000000000         4.8596650896111405E-002
   204.000000000000000000000000000000000         5.2659574520376548E-002
   205.000000000000000000000000000000000         5.6852140347860292E-002
   206.000000000000000000000000000000000         6.1169500559370343E-002
   207.000000000000000000000000000000000         6.5606038777284423E-002
   208.000000000000000000000000000000000         7.0156664205971192E-002
   209.000000000000000000000000000000000         7.4815698068804823E-002
   210.000000000000000000000000000000000         7.9577401818515719E-002
   211.000000000000000000000000000000000         8.4436249685649417E-002
   212.000000000000000000000000000000000         8.9386027451292788E-002
   213.000000000000000000000000000000000         9.4420823264655118E-002
   214.000000000000000000000000000000000         9.9534401252498073E-002
   215.000000000000000000000000000000000        0.10472077496447897     
   216.000000000000000000000000000000000        0.10997316587726035     
   217.000000000000000000000000000000000        0.11528592445274985     
   218.000000000000000000000000000000000        0.12065192028110100     
   219.000000000000000000000000000000000        0.12606479938055887     
   220.000000000000000000000000000000000        0.13151791582755637     
   221.000000000000000000000000000000000        0.13700488614964659     
   222.000000000000000000000000000000000        0.14251875642438641     
   223.000000000000000000000000000000000        0.14805288575417269     
   224.000000000000000000000000000000000        0.15360043738254944     
   225.000000000000000000000000000000000        0.15915497344739760     
   226.000000000000000000000000000000000        0.16470939575834329     
   227.000000000000000000000000000000000        0.17025706097128646     
   228.000000000000000000000000000000000        0.17579132127897457     
   229.000000000000000000000000000000000        0.18130506006812158     
   230.000000000000000000000000000000000        0.18679224646635895     
   231.000000000000000000000000000000000        0.19224514599411904     
   232.000000000000000000000000000000000        0.19765826371232126     
   233.000000000000000000000000000000000        0.20302401974704154     
   234.000000000000000000000000000000000        0.20833683199607361     
   235.000000000000000000000000000000000        0.21358916773496853     
   236.000000000000000000000000000000000        0.21877574658517607     
   237.000000000000000000000000000000000        0.22388911761565625     
   238.000000000000000000000000000000000        0.22892414324226640     
   239.000000000000000000000000000000000        0.23387368906604736     
   240.000000000000000000000000000000000        0.23873262055818667     
   241.000000000000000000000000000000000        0.24349423825494360     
   242.000000000000000000000000000000000        0.24815334560027535     
   243.000000000000000000000000000000000        0.25270389483108019     
   244.000000000000000000000000000000000        0.25714073031947038     
   245.000000000000000000000000000000000        0.26145779027090033     
   246.000000000000000000000000000000000        0.26565048358764415     
   247.000000000000000000000000000000000        0.26971327647357335     
   248.000000000000000000000000000000000        0.27364123527351958     
   249.000000000000000000000000000000000        0.27743013353764939     
   250.000000000000000000000000000000000        0.28107462047163312     
   251.000000000000000000000000000000000        0.28457076570916617     
   252.000000000000000000000000000000000        0.28791378528690614     
   253.000000000000000000000000000000000        0.29110038454417503     
   254.000000000000000000000000000000000        0.29412589171478182     
   255.000000000000000000000000000000000        0.29698717839417782     
   256.000000000000000000000000000000000        0.29968024942487215     
   257.000000000000000000000000000000000        0.30220246738957851     
   258.000000000000000000000000000000000        0.30455039980563314     
   259.000000000000000000000000000000000        0.30672084316540610     
   260.000000000000000000000000000000000        0.30871125657687037     
   261.000000000000000000000000000000000        0.31052029264786590     
   262.000000000000000000000000000000000        0.31214392198689533     
   263.000000000000000000000000000000000        0.31358230529974179     
   264.000000000000000000000000000000000        0.31483170844375025     
   265.000000000000000000000000000000000        0.31589196330250369     
   266.000000000000000000000000000000000        0.31676086141029425     
   267.000000000000000000000000000000000        0.31743801423401713     
   268.000000000000000000000000000000000        0.31792191946130788     
   269.000000000000000000000000000000000        0.31821292588898459     
   270.000000000000000000000000000000000        0.31830973481807517     
   271.000000000000000000000000000000000        0.31821292297546067     
   272.000000000000000000000000000000000        0.31792190868273273     
   273.000000000000000000000000000000000        0.31743800550774326     
   274.000000000000000000000000000000000        0.31676114225145979     
   275.000000000000000000000000000000000        0.31589194880609656     
   276.000000000000000000000000000000000        0.31483222035597752     
   277.000000000000000000000000000000000        0.31358228510351749     
   278.000000000000000000000000000000000        0.31214463055462283     
   279.000000000000000000000000000000000        0.31052026685027656     
   280.000000000000000000000000000000000        0.30871191416438337     
   281.000000000000000000000000000000000        0.30672081189232825     
   282.000000000000000000000000000000000        0.30455061691136565     
   283.000000000000000000000000000000000        0.30220243079320180     
   284.000000000000000000000000000000000        0.29968060053761425     
   285.000000000000000000000000000000000        0.29698713665281945     
   286.000000000000000000000000000000000        0.29412611337901284     
   287.000000000000000000000000000000000        0.29110033786123957     
   288.000000000000000000000000000000000        0.28791421222531333     
   289.000000000000000000000000000000000        0.28457071431203335     
   290.000000000000000000000000000000000        0.28107458739104846     
   291.000000000000000000000000000000000        0.27743007767685091     
   292.000000000000000000000000000000000        0.27364150818958127     
   293.000000000000000000000000000000000        0.26971321642121299     
   294.000000000000000000000000000000000        0.26565068671811654     
   295.000000000000000000000000000000000        0.26145772631951480     
   296.000000000000000000000000000000000        0.25714052745370208     
   297.000000000000000000000000000000000        0.25270382729228563     
   298.000000000000000000000000000000000        0.24815351064283689     
   299.000000000000000000000000000000000        0.24349416745778224     
   300.000000000000000000000000000000000        0.23873281759957302     
   301.000000000000000000000000000000000        0.23387361535524137     
   302.000000000000000000000000000000000        0.22892409135441230     
   303.000000000000000000000000000000000        0.22388904135048951     
   304.000000000000000000000000000000000        0.21877583942236145     
   305.000000000000000000000000000000000        0.21358908928686640     
   306.000000000000000000000000000000000        0.20833669997403600     
   307.000000000000000000000000000000000        0.20302393949854264     
   308.000000000000000000000000000000000        0.19765783963095743     
   309.000000000000000000000000000000000        0.19224506433567429     
   310.000000000000000000000000000000000        0.18679182246002832     
   311.000000000000000000000000000000000        0.18130497739798837     
   312.000000000000000000000000000000000        0.17579118543602287     
   313.000000000000000000000000000000000        0.17025697769198600     
   314.000000000000000000000000000000000        0.16470927340354916     
   315.000000000000000000000000000000000        0.15915488996487756     
   316.000000000000000000000000000000000        0.15360004777875391     
   317.000000000000000000000000000000000        0.14805280247489619     
   318.000000000000000000000000000000000        0.14251853627152758     
   319.000000000000000000000000000000000        0.13700480347954927     
   320.000000000000000000000000000000000        0.13151753237274480     
   321.000000000000000000000000000000000        0.12606471772225025     
   322.000000000000000000000000000000000        0.12065173992585737     
   323.000000000000000000000000000000000        0.11528584420415165     
   324.000000000000000000000000000000000        0.10997319687335433     
   325.000000000000000000000000000000000        0.10472069651642683     
   326.000000000000000000000000000000000         9.9534391420974005E-002
   327.000000000000000000000000000000000         9.4420746999543184E-002
   328.000000000000000000000000000000000         8.9385824744538780E-002
   329.000000000000000000000000000000000         8.4436175974824543E-002
   330.000000000000000000000000000000000         7.9577394115997707E-002
   331.000000000000000000000000000000000         7.4815627271546087E-002
   332.000000000000000000000000000000000         7.0156854731808646E-002
   333.000000000000000000000000000000000         6.5605971238407557E-002
   334.000000000000000000000000000000000         6.1169321635231255E-002
   335.000000000000000000000000000000000         5.6852076396504941E-002
   336.000000000000000000000000000000000         5.2659354491214304E-002
   337.000000000000000000000000000000000         4.8596590843723510E-002
   338.000000000000000000000000000000000         4.4668368713998090E-002
   339.000000000000000000000000000000000         4.0879734478294981E-002
   340.000000000000000000000000000000000         3.7235119986651161E-002
   341.000000000000000000000000000000000         3.3739103050658165E-002
   342.000000000000000000000000000000000         3.0395821586559273E-002
   343.000000000000000000000000000000000         2.7209485001434306E-002
   344.000000000000000000000000000000000         2.4183613735160821E-002
   345.000000000000000000000000000000000         2.1322691975041087E-002
   346.000000000000000000000000000000000         1.8629418930678904E-002
   347.000000000000000000000000000000000         1.6107403837050900E-002
   348.000000000000000000000000000000000         1.3759636958115244E-002
   349.000000000000000000000000000000000         1.1589028948399457E-002
   350.000000000000000000000000000000000         9.5981980840343147E-003
   351.000000000000000000000000000000000         7.7895803786064595E-003
   352.000000000000000000000000000000000         6.1654603199205009E-003
   353.000000000000000000000000000000000         4.7275686602052261E-003
   354.000000000000000000000000000000000         3.4779044548652852E-003
   355.000000000000000000000000000000000         2.4179116073325497E-003
   356.000000000000000000000000000000000         1.5488754620084976E-003
   357.000000000000000000000000000000000         8.7186163760097498E-004
   358.000000000000000000000000000000000         3.8769064513717312E-004
   359.000000000000000000000000000000000         9.6950951482357094E-005
   360.000000000000000000000000000000000         3.5764346030033132E-013
