   1.00000000000000000000000000000000000         9.6952893806818993E-005
   2.00000000000000000000000000000000000         3.8769345305314382E-004
   3.00000000000000000000000000000000000         8.7186745513021403E-004
   4.00000000000000000000000000000000000         1.5488804881365914E-003
   5.00000000000000000000000000000000000         2.4179212717234623E-003
   6.00000000000000000000000000000000000         3.4779173577456201E-003
   7.00000000000000000000000000000000000         4.7275821243764659E-003
   8.00000000000000000000000000000000000         6.1654156046831903E-003
   9.00000000000000000000000000000000000         7.7895975769610151E-003
   10.0000000000000000000000000000000000         9.5982173670471158E-003
   11.0000000000000000000000000000000000         1.1589049797141286E-002
   12.0000000000000000000000000000000000         1.3759634570107050E-002
   13.0000000000000000000000000000000000         1.6107428234617072E-002
   14.0000000000000000000000000000000000         1.8629469235308050E-002
   15.0000000000000000000000000000000000         2.1322719802568835E-002
   16.0000000000000000000000000000000000         2.4183851670984167E-002
   17.0000000000000000000000000000000000         2.7209516123326394E-002
   18.0000000000000000000000000000000000         3.0395881824541775E-002
   19.0000000000000000000000000000000000         3.3739137315353551E-002
   20.0000000000000000000000000000000000         3.7235241999165940E-002
   21.0000000000000000000000000000000000         4.0879771718789287E-002
   22.0000000000000000000000000000000000         4.4668461474251235E-002
   23.0000000000000000000000000000000000         4.8596630878641418E-002
   24.0000000000000000000000000000000000         5.2659471407018446E-002
   25.0000000000000000000000000000000000         5.6852119030712939E-002
   26.0000000000000000000000000000000000         6.1169394711620161E-002
   27.0000000000000000000000000000000000         6.5606016264325231E-002
   28.0000000000000000000000000000000000         7.0156622030149385E-002
   29.0000000000000000000000000000000000         7.4815674469704052E-002
   30.0000000000000000000000000000000000         7.9577498361262558E-002
   31.0000000000000000000000000000000000         8.4436225115324767E-002
   32.0000000000000000000000000000000000         8.9385878851732381E-002
   33.0000000000000000000000000000000000         9.4420797842928131E-002
   34.0000000000000000000000000000000000         9.9534455696973445E-002
   35.0000000000000000000000000000000000        0.10472074881508540     
   36.0000000000000000000000000000000000        0.10997352774492890     
   37.0000000000000000000000000000000000        0.11528589770323136     
   38.0000000000000000000000000000000000        0.12065188341908202     
   39.0000000000000000000000000000000000        0.12606477216112072     
   40.0000000000000000000000000000000000        0.13151789805193148     
   41.0000000000000000000000000000000000        0.13700485859297967     
   42.0000000000000000000000000000000000        0.14251867903720500     
   43.0000000000000000000000000000000000        0.14805285799439830     
   44.0000000000000000000000000000000000        0.15360061429044872     
   45.0000000000000000000000000000000000        0.15915494561988813     
   46.0000000000000000000000000000000000        0.16470939638959189     
   47.0000000000000000000000000000000000        0.17025703321148405     
   48.0000000000000000000000000000000000        0.17579111646609100     
   49.0000000000000000000000000000000000        0.18130503251141605     
   50.0000000000000000000000000000000000        0.18679194406024696     
   51.0000000000000000000000000000000000        0.19224511877459766     
   52.0000000000000000000000000000000000        0.19765812459306437     
   53.0000000000000000000000000000000000        0.20302399299753970     
   54.0000000000000000000000000000000000        0.20833645872309731     
   55.0000000000000000000000000000000000        0.21358914158559147     
   56.0000000000000000000000000000000000        0.21877549184974146     
   57.0000000000000000000000000000000000        0.22388909219393788     
   58.0000000000000000000000000000000000        0.22892389730817053     
   59.0000000000000000000000000000000000        0.23387366449578753     
   60.0000000000000000000000000000000000        0.23873224431052847     
   61.0000000000000000000000000000000000        0.24349421465587204     
   62.0000000000000000000000000000000000        0.24815323237946071     
   63.0000000000000000000000000000000000        0.25270387231814501     
   64.0000000000000000000000000000000000        0.25714049271501266     
   65.0000000000000000000000000000000000        0.26145776895386735     
   66.0000000000000000000000000000000000        0.26565034988716441     
   67.0000000000000000000000000000000000        0.26971325645610050     
   68.0000000000000000000000000000000000        0.27364148294188995     
   69.0000000000000000000000000000000000        0.27743011491736058     
   70.0000000000000000000000000000000000        0.28107480681645769     
   71.0000000000000000000000000000000000        0.28457074857680725     
   72.0000000000000000000000000000000000        0.28791396259336216     
   73.0000000000000000000000000000000000        0.29110036898315761     
   74.0000000000000000000000000000000000        0.29412587469383472     
   75.0000000000000000000000000000000000        0.29698716448035367     
   76.0000000000000000000000000000000000        0.29968031832838532     
   77.0000000000000000000000000000000000        0.30220245519078803     
   78.0000000000000000000000000000000000        0.30455013049906748     
   79.0000000000000000000000000000000000        0.30672083274107115     
   80.0000000000000000000000000000000000        0.30871183140204123     
   81.0000000000000000000000000000000000        0.31052028404865334     
   82.0000000000000000000000000000000000        0.31214450589246800     
   83.0000000000000000000000000000000000        0.31358229856770525     
   84.0000000000000000000000000000000000        0.31483179405199063     
   85.0000000000000000000000000000000000        0.31589195847038160     
   86.0000000000000000000000000000000000        0.31676105854313952     
   87.0000000000000000000000000000000000        0.31743801132528027     
   88.0000000000000000000000000000000000        0.31792218361420183     
   89.0000000000000000000000000000000000        0.31821292491781072     
   90.0000000000000000000000000000000000        0.31830981607476161     
   91.0000000000000000000000000000000000        0.31821292394662420     
   92.0000000000000000000000000000000000        0.31792219051474385     
   93.0000000000000000000000000000000000        0.31743800841647501     
   94.0000000000000000000000000000000000        0.31676101639855764     
   95.0000000000000000000000000000000000        0.31589195363821332     
   96.0000000000000000000000000000000000        0.31483194553616128     
   97.0000000000000000000000000000000000        0.31358229183560549     
   98.0000000000000000000000000000000000        0.31214444237467609     
   99.0000000000000000000000000000000000        0.31052027544942057     
   100.000000000000000000000000000000000        0.30871151085414456     
   101.000000000000000000000000000000000        0.30672082231669295     
   102.000000000000000000000000000000000        0.30455026075041641     
   103.000000000000000000000000000000000        0.30220244299201543     
   104.000000000000000000000000000000000        0.29968034405826960     
   105.000000000000000000000000000000000        0.29698715056657671     
   106.000000000000000000000000000000000        0.29412587990152811     
   107.000000000000000000000000000000000        0.29110035342219120     
   108.000000000000000000000000000000000        0.28791400969381375     
   109.000000000000000000000000000000000        0.28457073144449668     
   110.000000000000000000000000000000000        0.28107474148153100     
   111.000000000000000000000000000000000        0.27743009629708704     
   112.000000000000000000000000000000000        0.27364151976456547     
   113.000000000000000000000000000000000        0.26971323643864398     
   114.000000000000000000000000000000000        0.26565040394649508     
   115.000000000000000000000000000000000        0.26145774763672408     
   116.000000000000000000000000000000000        0.25714038200442335     
   117.000000000000000000000000000000000        0.25270384980523403     
   118.000000000000000000000000000000000        0.24815315816874289     
   119.000000000000000000000000000000000        0.24349419105674133     
   120.000000000000000000000000000000000        0.23873249218519615     
   121.000000000000000000000000000000000        0.23387363992554938     
   122.000000000000000000000000000000000        0.22892392546851570     
   123.000000000000000000000000000000000        0.22388906677220216     
   124.000000000000000000000000000000000        0.21877531842801545     
   125.000000000000000000000000000000000        0.21358911543625980     
   126.000000000000000000000000000000000        0.20833652667826077     
   127.000000000000000000000000000000000        0.20302396624799782     
   128.000000000000000000000000000000000        0.19765794110957535     
   129.000000000000000000000000000000000        0.19224509155518929     
   130.000000000000000000000000000000000        0.18679181534431924     
   131.000000000000000000000000000000000        0.18130500495468607     
   132.000000000000000000000000000000000        0.17579109312043598     
   133.000000000000000000000000000000000        0.17025700545175276     
   134.000000000000000000000000000000000        0.16470927477943081     
   135.000000000000000000000000000000000        0.15915491779235147     
   136.000000000000000000000000000000000        0.15360046838945046     
   137.000000000000000000000000000000000        0.14805283023467605     
   138.000000000000000000000000000000000        0.14251854997269933     
   139.000000000000000000000000000000000        0.13700483103624514     
   140.000000000000000000000000000000000        0.13151792394391559     
   141.000000000000000000000000000000000        0.12606474494169526     
   142.000000000000000000000000000000000        0.12065172336764296     
   143.000000000000000000000000000000000        0.11528587095367709     
   144.000000000000000000000000000000000        0.10997328649465700     
   145.000000000000000000000000000000000        0.10472072266576278     
   146.000000000000000000000000000000000         9.9534540586579526E-002
   147.000000000000000000000000000000000         9.4420772421212010E-002
   148.000000000000000000000000000000000         8.9385988945051800E-002
   149.000000000000000000000000000000000         8.4436200545081080E-002
   150.000000000000000000000000000000000         7.9577434193643062E-002
   151.000000000000000000000000000000000         7.4815650870609485E-002
   152.000000000000000000000000000000000         7.0156603583791374E-002
   153.000000000000000000000000000000000         6.5605993751386149E-002
   154.000000000000000000000000000000000         6.1169372979383220E-002
   155.000000000000000000000000000000000         5.6852097713589803E-002
   156.000000000000000000000000000000000         5.2659498139895407E-002
   157.000000000000000000000000000000000         4.8596610861205550E-002
   158.000000000000000000000000000000000         4.4668421153191563E-002
   159.000000000000000000000000000000000         4.0879753098529599E-002
   160.000000000000000000000000000000000         3.7235152807167979E-002
   161.000000000000000000000000000000000         3.3739120183014178E-002
   162.000000000000000000000000000000000         3.0395905607857245E-002
   163.000000000000000000000000000000000         2.7209500562367810E-002
   164.000000000000000000000000000000000         2.4183881308076145E-002
   165.000000000000000000000000000000000         2.1322705888800846E-002
   166.000000000000000000000000000000000         1.8629477798451047E-002
   167.000000000000000000000000000000000         1.6107416035820717E-002
   168.000000000000000000000000000000000         1.3759656161604692E-002
   169.000000000000000000000000000000000         1.1589039372766020E-002
   170.000000000000000000000000000000000         9.5981749119174262E-003
   171.000000000000000000000000000000000         7.7895889777789499E-003
   172.000000000000000000000000000000000         6.1653831815586813E-003
   173.000000000000000000000000000000000         4.7275753922901087E-003
   174.000000000000000000000000000000000         3.4778941346099270E-003
   175.000000000000000000000000000000000         2.4179164395247577E-003
   176.000000000000000000000000000000000         1.5488858649372044E-003
   177.000000000000000000000000000000000         8.7186454636511664E-004
   178.000000000000000000000000000000000         3.8769077531464690E-004
   179.000000000000000000000000000000000         9.6951922642085183E-005
   180.000000000000000000000000000000000         2.4188664814205113E-015
   181.000000000000000000000000000000000         9.6953864975638768E-005
   182.000000000000000000000000000000000         3.8769565694815800E-004
   183.000000000000000000000000000000000         8.7187036390305478E-004
   184.000000000000000000000000000000000         1.5488891489202909E-003
   185.000000000000000000000000000000000         2.4179261039250850E-003
   186.000000000000000000000000000000000         3.4779232433822136E-003
   187.000000000000000000000000000000000         4.7275888564713986E-003
   188.000000000000000000000000000000000         6.1653987411311936E-003
   189.000000000000000000000000000000000         7.7896061761423743E-003
   190.000000000000000000000000000000000         9.5982404708291093E-003
   191.000000000000000000000000000000000         1.1589060221530211E-002
   192.000000000000000000000000000000000         1.3759679545006970E-002
   193.000000000000000000000000000000000         1.6107440433402613E-002
   194.000000000000000000000000000000000         1.8629492419190159E-002
   195.000000000000000000000000000000000         2.1322733716337826E-002
   196.000000000000000000000000000000000         2.4183908053200295E-002
   197.000000000000000000000000000000000         2.7209531684292586E-002
   198.000000000000000000000000000000000         3.0395896770890437E-002
   199.000000000000000000000000000000000         3.3739154447695145E-002
   200.000000000000000000000000000000000         3.7235207210311545E-002
   201.000000000000000000000000000000000         4.0879790339029561E-002
   202.000000000000000000000000000000000         4.4668427784247643E-002
   203.000000000000000000000000000000000         4.8596650896103877E-002
   204.000000000000000000000000000000000         5.2659536475142980E-002
   205.000000000000000000000000000000000         5.6852140347850952E-002
   206.000000000000000000000000000000000         6.1169428000136909E-002
   207.000000000000000000000000000000000         6.5606038777273834E-002
   208.000000000000000000000000000000000         7.0156656216463692E-002
   209.000000000000000000000000000000000         7.4815698068794081E-002
   210.000000000000000000000000000000000         7.9577470421850538E-002
   211.000000000000000000000000000000000         8.4436249685607645E-002
   212.000000000000000000000000000000000         8.9386032968411397E-002
   213.000000000000000000000000000000000         9.4420823264649761E-002
   214.000000000000000000000000000000000         9.9534457702187426E-002
   215.000000000000000000000000000000000        0.10472077496443485     
   216.000000000000000000000000000000000        0.10997332639988680     
   217.000000000000000000000000000000000        0.11528592445277126     
   218.000000000000000000000000000000000        0.12065191068788471     
   219.000000000000000000000000000000000        0.12606479938056253     
   220.000000000000000000000000000000000        0.13151798130001788     
   221.000000000000000000000000000000000        0.13700488614968073     
   222.000000000000000000000000000000000        0.14251875298903746     
   223.000000000000000000000000000000000        0.14805288575415979     
   224.000000000000000000000000000000000        0.15360051531428742     
   225.000000000000000000000000000000000        0.15915497344741678     
   226.000000000000000000000000000000000        0.16470939940229656     
   227.000000000000000000000000000000000        0.17025706097124244     
   228.000000000000000000000000000000000        0.17579123060002697     
   229.000000000000000000000000000000000        0.18130506006811703     
   230.000000000000000000000000000000000        0.18679202571023429     
   231.000000000000000000000000000000000        0.19224514599405945     
   232.000000000000000000000000000000000        0.19765810173058515     
   233.000000000000000000000000000000000        0.20302401974707629     
   234.000000000000000000000000000000000        0.20833663245920692     
   235.000000000000000000000000000000000        0.21358916773492953     
   236.000000000000000000000000000000000        0.21877554234671409     
   237.000000000000000000000000000000000        0.22388911761565800     
   238.000000000000000000000000000000000        0.22892397212289045     
   239.000000000000000000000000000000000        0.23387368906605269     
   240.000000000000000000000000000000000        0.23873249111839770     
   241.000000000000000000000000000000000        0.24349423825494174     
   242.000000000000000000000000000000000        0.24815329992528457     
   243.000000000000000000000000000000000        0.25270389483110228     
   244.000000000000000000000000000000000        0.25714058857106176     
   245.000000000000000000000000000000000        0.26145779027096022     
   246.000000000000000000000000000000000        0.26565042903036168     
   247.000000000000000000000000000000000        0.26971327647355053     
   248.000000000000000000000000000000000        0.27364138723388520     
   249.000000000000000000000000000000000        0.27743013353761853     
   250.000000000000000000000000000000000        0.28107469177489752     
   251.000000000000000000000000000000000        0.28457076570916617     
   252.000000000000000000000000000000000        0.28791394769885759     
   253.000000000000000000000000000000000        0.29110038454413545     
   254.000000000000000000000000000000000        0.29412597097504628     
   255.000000000000000000000000000000000        0.29698717839411393     
   256.000000000000000000000000000000000        0.29968037697882494     
   257.000000000000000000000000000000000        0.30220246738957851     
   258.000000000000000000000000000000000        0.30455027523600520     
   259.000000000000000000000000000000000        0.30672084316542231     
   260.000000000000000000000000000000000        0.30871155591338711     
   261.000000000000000000000000000000000        0.31052029264783326     
   262.000000000000000000000000000000000        0.31214433383891177     
   263.000000000000000000000000000000000        0.31358230529975822     
   264.000000000000000000000000000000000        0.31483189503940867     
   265.000000000000000000000000000000000        0.31589196330256131     
   266.000000000000000000000000000000000        0.31676095948945288     
   267.000000000000000000000000000000000        0.31743801423402540     
   268.000000000000000000000000000000000        0.31792211123675901     
   269.000000000000000000000000000000000        0.31821292588895977     
   270.000000000000000000000000000000000        0.31830983705202226     
   271.000000000000000000000000000000000        0.31821292297545239     
   272.000000000000000000000000000000000        0.31792210401294557     
   273.000000000000000000000000000000000        0.31743800550772677     
   274.000000000000000000000000000000000        0.31676103052257282     
   275.000000000000000000000000000000000        0.31589194880601418     
   276.000000000000000000000000000000000        0.31483202725848697     
   277.000000000000000000000000000000000        0.31358228510350106     
   278.000000000000000000000000000000000        0.31214451757852535     
   279.000000000000000000000000000000000        0.31052026685027656     
   280.000000000000000000000000000000000        0.30871172126987095     
   281.000000000000000000000000000000000        0.30672081189230388     
   282.000000000000000000000000000000000        0.30455031223261447     
   283.000000000000000000000000000000000        0.30220243079320985     
   284.000000000000000000000000000000000        0.29968044808982791     
   285.000000000000000000000000000000000        0.29698713665279547     
   286.000000000000000000000000000000000        0.29412600188258026     
   287.000000000000000000000000000000000        0.29110033786123957     
   288.000000000000000000000000000000000        0.28791403315308250     
   289.000000000000000000000000000000000        0.28457071431211156     
   290.000000000000000000000000000000000        0.28107464392968351     
   291.000000000000000000000000000000000        0.27743007767684319     
   292.000000000000000000000000000000000        0.27364142275946529     
   293.000000000000000000000000000000000        0.26971321642119017     
   294.000000000000000000000000000000000        0.26565044193006160     
   295.000000000000000000000000000000000        0.26145772631957476     
   296.000000000000000000000000000000000        0.25714048404571715     
   297.000000000000000000000000000000000        0.25270382729227087     
   298.000000000000000000000000000000000        0.24815329691692323     
   299.000000000000000000000000000000000        0.24349416745770633     
   300.000000000000000000000000000000000        0.23873249493797391     
   301.000000000000000000000000000000000        0.23387361535527681     
   302.000000000000000000000000000000000        0.22892390363042828     
   303.000000000000000000000000000000000        0.22388904135049989     
   304.000000000000000000000000000000000        0.21877551305452311     
   305.000000000000000000000000000000000        0.21358908928691042     
   306.000000000000000000000000000000000        0.20833653819015355     
   307.000000000000000000000000000000000        0.20302393949848321     
   308.000000000000000000000000000000000        0.19765792377079938     
   309.000000000000000000000000000000000        0.19224506433571284     
   310.000000000000000000000000000000000        0.18679184690254871     
   311.000000000000000000000000000000000        0.18130497739796653     
   312.000000000000000000000000000000000        0.17579113264801882     
   313.000000000000000000000000000000000        0.17025697769198297     
   314.000000000000000000000000000000000        0.16470930497055677     
   315.000000000000000000000000000000000        0.15915488996483665     
   316.000000000000000000000000000000000        0.15360034535560382     
   317.000000000000000000000000000000000        0.14805280247490749     
   318.000000000000000000000000000000000        0.14251863121030772     
   319.000000000000000000000000000000000        0.13700480347954114     
   320.000000000000000000000000000000000        0.13151781395246354     
   321.000000000000000000000000000000000        0.12606471772225544     
   322.000000000000000000000000000000000        0.12065180160720855     
   323.000000000000000000000000000000000        0.11528584420415165     
   324.000000000000000000000000000000000        0.10997327820118730     
   325.000000000000000000000000000000000        0.10472069651643157     
   326.000000000000000000000000000000000         9.9534399394960615E-002
   327.000000000000000000000000000000000         9.4420746999509406E-002
   328.000000000000000000000000000000000         8.9385921853211175E-002
   329.000000000000000000000000000000000         8.4436175974828803E-002
   330.000000000000000000000000000000000         7.9577416379062890E-002
   331.000000000000000000000000000000000         7.4815627271534069E-002
   332.000000000000000000000000000000000         7.0156660409865054E-002
   333.000000000000000000000000000000000         6.5605971238422572E-002
   334.000000000000000000000000000000000         6.1169330240907441E-002
   335.000000000000000000000000000000000         5.6852076396476992E-002
   336.000000000000000000000000000000000         5.2659429786267239E-002
   337.000000000000000000000000000000000         4.8596590843739663E-002
   338.000000000000000000000000000000000         4.4668405910469035E-002
   339.000000000000000000000000000000000         4.0879734478284607E-002
   340.000000000000000000000000000000000         3.7235140455044460E-002
   341.000000000000000000000000000000000         3.3739103050672292E-002
   342.000000000000000000000000000000000         3.0395847327857283E-002
   343.000000000000000000000000000000000         2.7209485001420407E-002
   344.000000000000000000000000000000000         2.4183795965969090E-002
   345.000000000000000000000000000000000         2.1322691975042159E-002
   346.000000000000000000000000000000000         1.8629436604228153E-002
   347.000000000000000000000000000000000         1.6107403837044853E-002
   348.000000000000000000000000000000000         1.3759643088605682E-002
   349.000000000000000000000000000000000         1.1589028948398077E-002
   350.000000000000000000000000000000000         9.5981985498504382E-003
   351.000000000000000000000000000000000         7.7895803786050041E-003
   352.000000000000000000000000000000000         6.1654008389571361E-003
   353.000000000000000000000000000000000         4.7275686602056043E-003
   354.000000000000000000000000000000000         3.4779054818186569E-003
   355.000000000000000000000000000000000         2.4179116073315137E-003
   356.000000000000000000000000000000000         1.5488767539466148E-003
   357.000000000000000000000000000000000         8.7186163760184039E-004
   358.000000000000000000000000000000000         3.8768987438849264E-004
   359.000000000000000000000000000000000         9.6950951482197012E-005
   360.000000000000000000000000000000000         9.6513944914238955E-015
