   1.00000000000000000000000000000000000         9.6952893807665186E-005
   2.00000000000000000000000000000000000         3.8769345305477896E-004
   3.00000000000000000000000000000000000         8.7186745512791682E-004
   4.00000000000000000000000000000000000         1.5488728381854067E-003
   5.00000000000000000000000000000000000         2.4179212717244190E-003
   6.00000000000000000000000000000000000         3.4779171885813381E-003
   7.00000000000000000000000000000000000         4.7275821243761770E-003
   8.00000000000000000000000000000000000         6.1654542857464351E-003
   9.00000000000000000000000000000000000         7.7895975769670927E-003
   10.0000000000000000000000000000000000         9.5982166876658788E-003
   11.0000000000000000000000000000000000         1.1589049797134793E-002
   12.0000000000000000000000000000000000         1.3759577758604865E-002
   13.0000000000000000000000000000000000         1.6107428234628591E-002
   14.0000000000000000000000000000000000         1.8629468457364608E-002
   15.0000000000000000000000000000000000         2.1322719802567357E-002
   16.0000000000000000000000000000000000         2.4183774542884319E-002
   17.0000000000000000000000000000000000         2.7209516123326030E-002
   18.0000000000000000000000000000000000         3.0395867681842045E-002
   19.0000000000000000000000000000000000         3.3739137315353961E-002
   20.0000000000000000000000000000000000         3.7235339656305724E-002
   21.0000000000000000000000000000000000         4.0879771718799210E-002
   22.0000000000000000000000000000000000         4.4668465280877166E-002
   23.0000000000000000000000000000000000         4.8596630878632217E-002
   24.0000000000000000000000000000000000         5.2659421651969456E-002
   25.0000000000000000000000000000000000         5.6852119030707735E-002
   26.0000000000000000000000000000000000         6.1169423859612090E-002
   27.0000000000000000000000000000000000         6.5606016264332656E-002
   28.0000000000000000000000000000000000         7.0156608544388405E-002
   29.0000000000000000000000000000000000         7.4815674469712129E-002
   30.0000000000000000000000000000000000         7.9577540691304072E-002
   31.0000000000000000000000000000000000         8.4436225115304825E-002
   32.0000000000000000000000000000000000         8.9385656687717668E-002
   33.0000000000000000000000000000000000         9.4420797842929699E-002
   34.0000000000000000000000000000000000         9.9534458334040760E-002
   35.0000000000000000000000000000000000        0.10472074881507901     
   36.0000000000000000000000000000000000        0.10997380625570326     
   37.0000000000000000000000000000000000        0.11528589770322638     
   38.0000000000000000000000000000000000        0.12065188936125090     
   39.0000000000000000000000000000000000        0.12606477216110684     
   40.0000000000000000000000000000000000        0.13151775989960379     
   41.0000000000000000000000000000000000        0.13700485859299052     
   42.0000000000000000000000000000000000        0.14251860301297090     
   43.0000000000000000000000000000000000        0.14805285799438142     
   44.0000000000000000000000000000000000        0.15360077689819815     
   45.0000000000000000000000000000000000        0.15915494561988808     
   46.0000000000000000000000000000000000        0.16470943592593276     
   47.0000000000000000000000000000000000        0.17025703321149216     
   48.0000000000000000000000000000000000        0.17579103060376156     
   49.0000000000000000000000000000000000        0.18130503251145130     
   50.0000000000000000000000000000000000        0.18679199943134564     
   51.0000000000000000000000000000000000        0.19224511877458919     
   52.0000000000000000000000000000000000        0.19765831696517441     
   53.0000000000000000000000000000000000        0.20302399299752860     
   54.0000000000000000000000000000000000        0.20833634252056696     
   55.0000000000000000000000000000000000        0.21358914158559619     
   56.0000000000000000000000000000000000        0.21877558621590826     
   57.0000000000000000000000000000000000        0.22388909219393305     
   58.0000000000000000000000000000000000        0.22892392710488119     
   59.0000000000000000000000000000000000        0.23387366449575944     
   60.0000000000000000000000000000000000        0.23873195371250475     
   61.0000000000000000000000000000000000        0.24349421465590310     
   62.0000000000000000000000000000000000        0.24815318756279425     
   63.0000000000000000000000000000000000        0.25270387231810848     
   64.0000000000000000000000000000000000        0.25714046210559049     
   65.0000000000000000000000000000000000        0.26145776895388445     
   66.0000000000000000000000000000000000        0.26565028732077700     
   67.0000000000000000000000000000000000        0.26971325645611355     
   68.0000000000000000000000000000000000        0.27364157631573333     
   69.0000000000000000000000000000000000        0.27743011491737313     
   70.0000000000000000000000000000000000        0.28107498423733657     
   71.0000000000000000000000000000000000        0.28457074857676862     
   72.0000000000000000000000000000000000        0.28791390720521370     
   73.0000000000000000000000000000000000        0.29110036898314923     
   74.0000000000000000000000000000000000        0.29412568387161719     
   75.0000000000000000000000000000000000        0.29698716448039941     
   76.0000000000000000000000000000000000        0.29968015614654964     
   77.0000000000000000000000000000000000        0.30220245519077937     
   78.0000000000000000000000000000000000        0.30454998776040804     
   79.0000000000000000000000000000000000        0.30672083274109613     
   80.0000000000000000000000000000000000        0.30871211416262961     
   81.0000000000000000000000000000000000        0.31052028404867177     
   82.0000000000000000000000000000000000        0.31214453547240223     
   83.0000000000000000000000000000000000        0.31358229856774689     
   84.0000000000000000000000000000000000        0.31483150854430347     
   85.0000000000000000000000000000000000        0.31589195847037260     
   86.0000000000000000000000000000000000        0.31676116734039356     
   87.0000000000000000000000000000000000        0.31743801132530580     
   88.0000000000000000000000000000000000        0.31792218153379359     
   89.0000000000000000000000000000000000        0.31821292491785130     
   90.0000000000000000000000000000000000        0.31830971241881489     
   91.0000000000000000000000000000000000        0.31821292394662787     
   92.0000000000000000000000000000000000        0.31792220339720040     
   93.0000000000000000000000000000000000        0.31743800841644382     
   94.0000000000000000000000000000000000        0.31676106042824337     
   95.0000000000000000000000000000000000        0.31589195363825534     
   96.0000000000000000000000000000000000        0.31483192617733236     
   97.0000000000000000000000000000000000        0.31358229183563469     
   98.0000000000000000000000000000000000        0.31214437744348827     
   99.0000000000000000000000000000000000        0.31052027544934807     
   100.000000000000000000000000000000000        0.30871126725570475     
   101.000000000000000000000000000000000        0.30672082231672171     
   102.000000000000000000000000000000000        0.30455035759145033     
   103.000000000000000000000000000000000        0.30220244299202981     
   104.000000000000000000000000000000000        0.29968024752799999     
   105.000000000000000000000000000000000        0.29698715056661024     
   106.000000000000000000000000000000000        0.29412572284767052     
   107.000000000000000000000000000000000        0.29110035342216856     
   108.000000000000000000000000000000000        0.28791406169454625     
   109.000000000000000000000000000000000        0.28457073144451372     
   110.000000000000000000000000000000000        0.28107483860621674     
   111.000000000000000000000000000000000        0.27743009629706505     
   112.000000000000000000000000000000000        0.27364170816711886     
   113.000000000000000000000000000000000        0.26971323643865552     
   114.000000000000000000000000000000000        0.26565046786186358     
   115.000000000000000000000000000000000        0.26145774763671287     
   116.000000000000000000000000000000000        0.25714020114826280     
   117.000000000000000000000000000000000        0.25270384980526472     
   118.000000000000000000000000000000000        0.24815302680639248     
   119.000000000000000000000000000000000        0.24349419105669606     
   120.000000000000000000000000000000000        0.23873266185080549     
   121.000000000000000000000000000000000        0.23387363992555349     
   122.000000000000000000000000000000000        0.22892404524790289     
   123.000000000000000000000000000000000        0.22388906677216344     
   124.000000000000000000000000000000000        0.21877516297492755     
   125.000000000000000000000000000000000        0.21358911543626374     
   126.000000000000000000000000000000000        0.20833657026462191     
   127.000000000000000000000000000000000        0.20302396624798516     
   128.000000000000000000000000000000000        0.19765786866499660     
   129.000000000000000000000000000000000        0.19224509155523159     
   130.000000000000000000000000000000000        0.18679169926579162     
   131.000000000000000000000000000000000        0.18130500495469914     
   132.000000000000000000000000000000000        0.17579101458484389     
   133.000000000000000000000000000000000        0.17025700545179254     
   134.000000000000000000000000000000000        0.16470915557805410     
   135.000000000000000000000000000000000        0.15915491779234420     
   136.000000000000000000000000000000000        0.15360043115181615     
   137.000000000000000000000000000000000        0.14805283023470561     
   138.000000000000000000000000000000000        0.14251830236653570     
   139.000000000000000000000000000000000        0.13700483103622577     
   140.000000000000000000000000000000000        0.13151787598604642     
   141.000000000000000000000000000000000        0.12606474494170167     
   142.000000000000000000000000000000000        0.12065150414758259     
   143.000000000000000000000000000000000        0.11528587095364939     
   144.000000000000000000000000000000000        0.10997320152335252     
   145.000000000000000000000000000000000        0.10472072266576864     
   146.000000000000000000000000000000000         9.9534730546761346E-002
   147.000000000000000000000000000000000         9.4420772421212454E-002
   148.000000000000000000000000000000000         8.9385995419271530E-002
   149.000000000000000000000000000000000         8.4436200545080622E-002
   150.000000000000000000000000000000000         7.9577408715839681E-002
   151.000000000000000000000000000000000         7.4815650870601894E-002
   152.000000000000000000000000000000000         7.0156597922773969E-002
   153.000000000000000000000000000000000         6.5605993751409519E-002
   154.000000000000000000000000000000000         6.1169402459335519E-002
   155.000000000000000000000000000000000         5.6852097713589018E-002
   156.000000000000000000000000000000000         5.2659528621819891E-002
   157.000000000000000000000000000000000         4.8596610861225117E-002
   158.000000000000000000000000000000000         4.4668389437557944E-002
   159.000000000000000000000000000000000         4.0879753098527469E-002
   160.000000000000000000000000000000000         3.7235129794541369E-002
   161.000000000000000000000000000000000         3.3739120183016121E-002
   162.000000000000000000000000000000000         3.0395959394302022E-002
   163.000000000000000000000000000000000         2.7209500562365284E-002
   164.000000000000000000000000000000000         2.4183879290310094E-002
   165.000000000000000000000000000000000         2.1322705888796308E-002
   166.000000000000000000000000000000000         1.8629513620711850E-002
   167.000000000000000000000000000000000         1.6107416035814122E-002
   168.000000000000000000000000000000000         1.3759655043810789E-002
   169.000000000000000000000000000000000         1.1589039372761470E-002
   170.000000000000000000000000000000000         9.5981184921913563E-003
   171.000000000000000000000000000000000         7.7895889777790184E-003
   172.000000000000000000000000000000000         6.1653799731406700E-003
   173.000000000000000000000000000000000         4.7275753922926562E-003
   174.000000000000000000000000000000000         3.4778644559848178E-003
   175.000000000000000000000000000000000         2.4179164395247399E-003
   176.000000000000000000000000000000000         1.5488938682286996E-003
   177.000000000000000000000000000000000         8.7186454636639784E-004
   178.000000000000000000000000000000000         3.8768952878061682E-004
   179.000000000000000000000000000000000         9.6951922642520992E-005
   180.000000000000000000000000000000000         2.3954443138996106E-015
   181.000000000000000000000000000000000         9.6953864975416588E-005
   182.000000000000000000000000000000000         3.8769610159006989E-004
   183.000000000000000000000000000000000         8.7187036390258435E-004
   184.000000000000000000000000000000000         1.5488896016166321E-003
   185.000000000000000000000000000000000         2.4179261039230320E-003
   186.000000000000000000000000000000000         3.4779232433883355E-003
   187.000000000000000000000000000000000         4.7275888564759444E-003
   188.000000000000000000000000000000000         6.1653959032541414E-003
   189.000000000000000000000000000000000         7.7896061761439806E-003
   190.000000000000000000000000000000000         9.5982627835029047E-003
   191.000000000000000000000000000000000         1.1589060221539030E-002
   192.000000000000000000000000000000000         1.3759679690429084E-002
   193.000000000000000000000000000000000         1.6107440433404452E-002
   194.000000000000000000000000000000000         1.8629508766803068E-002
   195.000000000000000000000000000000000         2.1322733716336414E-002
   196.000000000000000000000000000000000         2.4183901385701614E-002
   197.000000000000000000000000000000000         2.7209531684297808E-002
   198.000000000000000000000000000000000         3.0395880241584256E-002
   199.000000000000000000000000000000000         3.3739154447694250E-002
   200.000000000000000000000000000000000         3.7235215723263951E-002
   201.000000000000000000000000000000000         4.0879790339009320E-002
   202.000000000000000000000000000000000         4.4668341863709930E-002
   203.000000000000000000000000000000000         4.8596650896108713E-002
   204.000000000000000000000000000000000         5.2659561838630499E-002
   205.000000000000000000000000000000000         5.6852140347857384E-002
   206.000000000000000000000000000000000         6.1169476372954418E-002
   207.000000000000000000000000000000000         6.5606038777280662E-002
   208.000000000000000000000000000000000         7.0156661542801965E-002
   209.000000000000000000000000000000000         7.4815698068801492E-002
   210.000000000000000000000000000000000         7.9577424686290699E-002
   211.000000000000000000000000000000000         8.4436249685635234E-002
   212.000000000000000000000000000000000         8.9386029290332306E-002
   213.000000000000000000000000000000000         9.4420823264653619E-002
   214.000000000000000000000000000000000         9.9534420069059423E-002
   215.000000000000000000000000000000000        0.10472077496446396     
   216.000000000000000000000000000000000        0.10997321938478948     
   217.000000000000000000000000000000000        0.11528592445275732     
   218.000000000000000000000000000000000        0.12065191708336219     
   219.000000000000000000000000000000000        0.12606479938055976     
   220.000000000000000000000000000000000        0.13151793765170841     
   221.000000000000000000000000000000000        0.13700488614965833     
   222.000000000000000000000000000000000        0.14251875527927008     
   223.000000000000000000000000000000000        0.14805288575416797     
   224.000000000000000000000000000000000        0.15360046335979324     
   225.000000000000000000000000000000000        0.15915497344740440     
   226.000000000000000000000000000000000        0.16470939697299439     
   227.000000000000000000000000000000000        0.17025706097127133     
   228.000000000000000000000000000000000        0.17579129105265612     
   229.000000000000000000000000000000000        0.18130506006812053     
   230.000000000000000000000000000000000        0.18679217288096955     
   231.000000000000000000000000000000000        0.19224514599409870     
   232.000000000000000000000000000000000        0.19765820971840184     
   233.000000000000000000000000000000000        0.20302401974705364     
   234.000000000000000000000000000000000        0.20833676548377408     
   235.000000000000000000000000000000000        0.21358916773495498     
   236.000000000000000000000000000000000        0.21877567850567814     
   237.000000000000000000000000000000000        0.22388911761565741     
   238.000000000000000000000000000000000        0.22892408620246732     
   239.000000000000000000000000000000000        0.23387368906604855     
   240.000000000000000000000000000000000        0.23873257741158646     
   241.000000000000000000000000000000000        0.24349423825494360     
   242.000000000000000000000000000000000        0.24815333037527795     
   243.000000000000000000000000000000000        0.25270389483108757     
   244.000000000000000000000000000000000        0.25714068306999643     
   245.000000000000000000000000000000000        0.26145779027092031     
   246.000000000000000000000000000000000        0.26565046540188270     
   247.000000000000000000000000000000000        0.26971327647356574     
   248.000000000000000000000000000000000        0.27364128592697012     
   249.000000000000000000000000000000000        0.27743013353763912     
   250.000000000000000000000000000000000        0.28107464423938688     
   251.000000000000000000000000000000000        0.28457076570916617     
   252.000000000000000000000000000000000        0.28791383942421822     
   253.000000000000000000000000000000000        0.29110038454416182     
   254.000000000000000000000000000000000        0.29412591813486877     
   255.000000000000000000000000000000000        0.29698717839415650     
   256.000000000000000000000000000000000        0.29968029194285339     
   257.000000000000000000000000000000000        0.30220246738957851     
   258.000000000000000000000000000000000        0.30455035828242100     
   259.000000000000000000000000000000000        0.30672084316541148     
   260.000000000000000000000000000000000        0.30871135635569313     
   261.000000000000000000000000000000000        0.31052029264785502     
   262.000000000000000000000000000000000        0.31214405927087063     
   263.000000000000000000000000000000000        0.31358230529974729     
   264.000000000000000000000000000000000        0.31483177064229695     
   265.000000000000000000000000000000000        0.31589196330252289     
   266.000000000000000000000000000000000        0.31676089410334540     
   267.000000000000000000000000000000000        0.31743801423401991     
   268.000000000000000000000000000000000        0.31792198338645183     
   269.000000000000000000000000000000000        0.31821292588897632     
   270.000000000000000000000000000000000        0.31830976889605572     
   271.000000000000000000000000000000000        0.31821292297545789     
   272.000000000000000000000000000000000        0.31792197379279702     
   273.000000000000000000000000000000000        0.31743800550773776     
   274.000000000000000000000000000000000        0.31676110500849530     
   275.000000000000000000000000000000000        0.31589194880606908     
   276.000000000000000000000000000000000        0.31483215599014075     
   277.000000000000000000000000000000000        0.31358228510351199     
   278.000000000000000000000000000000000        0.31214459289592139     
   279.000000000000000000000000000000000        0.31052026685027656     
   280.000000000000000000000000000000000        0.30871184986620587     
   281.000000000000000000000000000000000        0.30672081189232009     
   282.000000000000000000000000000000000        0.30455051535176497     
   283.000000000000000000000000000000000        0.30220243079320447     
   284.000000000000000000000000000000000        0.29968054972168118     
   285.000000000000000000000000000000000        0.29698713665281146     
   286.000000000000000000000000000000000        0.29412607621353298     
   287.000000000000000000000000000000000        0.29110033786123957     
   288.000000000000000000000000000000000        0.28791415253456354     
   289.000000000000000000000000000000000        0.28457071431205944     
   290.000000000000000000000000000000000        0.28107460623725949     
   291.000000000000000000000000000000000        0.27743007767684835     
   292.000000000000000000000000000000000        0.27364147971287445     
   293.000000000000000000000000000000000        0.26971321642120538     
   294.000000000000000000000000000000000        0.26565060512208566     
   295.000000000000000000000000000000000        0.26145772631953479     
   296.000000000000000000000000000000000        0.25714051298437335     
   297.000000000000000000000000000000000        0.25270382729228069     
   298.000000000000000000000000000000000        0.24815343940085544     
   299.000000000000000000000000000000000        0.24349416745775693     
   300.000000000000000000000000000000000        0.23873271004568242     
   301.000000000000000000000000000000000        0.23387361535525317     
   302.000000000000000000000000000000000        0.22892402877974241     
   303.000000000000000000000000000000000        0.22388904135049298     
   304.000000000000000000000000000000000        0.21877573063305494     
   305.000000000000000000000000000000000        0.21358908928688108     
   306.000000000000000000000000000000000        0.20833664604606822     
   307.000000000000000000000000000000000        0.20302393949852285     
   308.000000000000000000000000000000000        0.19765786767756943     
   309.000000000000000000000000000000000        0.19224506433568714     
   310.000000000000000000000000000000000        0.18679183060753493     
   311.000000000000000000000000000000000        0.18130497739798110     
   312.000000000000000000000000000000000        0.17579116784002063     
   313.000000000000000000000000000000000        0.17025697769198500     
   314.000000000000000000000000000000000        0.16470928392588469     
   315.000000000000000000000000000000000        0.15915488996486393     
   316.000000000000000000000000000000000        0.15360014697100519     
   317.000000000000000000000000000000000        0.14805280247489996     
   318.000000000000000000000000000000000        0.14251856791778411     
   319.000000000000000000000000000000000        0.13700480347954655     
   320.000000000000000000000000000000000        0.13151762623261753     
   321.000000000000000000000000000000000        0.12606471772225197     
   322.000000000000000000000000000000000        0.12065176048630601     
   323.000000000000000000000000000000000        0.11528584420415165     
   324.000000000000000000000000000000000        0.10997322398262864     
   325.000000000000000000000000000000000        0.10472069651642840     
   326.000000000000000000000000000000000         9.9534394078969510E-002
   327.000000000000000000000000000000000         9.4420746999531929E-002
   328.000000000000000000000000000000000         8.9385857114090389E-002
   329.000000000000000000000000000000000         8.4436175974825972E-002
   330.000000000000000000000000000000000         7.9577401537019088E-002
   331.000000000000000000000000000000000         7.4815627271542076E-002
   332.000000000000000000000000000000000         7.0156789957797547E-002
   333.000000000000000000000000000000000         6.5605971238412567E-002
   334.000000000000000000000000000000000         6.1169324503789917E-002
   335.000000000000000000000000000000000         5.6852076396495622E-002
   336.000000000000000000000000000000000         5.2659379589559303E-002
   337.000000000000000000000000000000000         4.8596590843728894E-002
   338.000000000000000000000000000000000         4.4668381112820031E-002
   339.000000000000000000000000000000000         4.0879734478291525E-002
   340.000000000000000000000000000000000         3.7235126809448300E-002
   341.000000000000000000000000000000000         3.3739103050662869E-002
   342.000000000000000000000000000000000         3.0395830166990732E-002
   343.000000000000000000000000000000000         2.7209485001429674E-002
   344.000000000000000000000000000000000         2.4183674478687290E-002
   345.000000000000000000000000000000000         2.1322691975041445E-002
   346.000000000000000000000000000000000         1.8629424821861057E-002
   347.000000000000000000000000000000000         1.6107403837048884E-002
   348.000000000000000000000000000000000         1.3759639001611906E-002
   349.000000000000000000000000000000000         1.1589028948398998E-002
   350.000000000000000000000000000000000         9.5981982393063790E-003
   351.000000000000000000000000000000000         7.7895803786059738E-003
   352.000000000000000000000000000000000         6.1654404929008325E-003
   353.000000000000000000000000000000000         4.7275686602053519E-003
   354.000000000000000000000000000000000         3.4779047971830587E-003
   355.000000000000000000000000000000000         2.4179116073322041E-003
   356.000000000000000000000000000000000         1.5488758926544722E-003
   357.000000000000000000000000000000000         8.7186163760126349E-004
   358.000000000000000000000000000000000         3.8769038822086154E-004
   359.000000000000000000000000000000000         9.6950951482303725E-005
   360.000000000000000000000000000000000         1.8613687722811904E-013
