   1.00000000000000000000000000000000000         9.6952893806564314E-005
   2.00000000000000000000000000000000000         3.8769345305262351E-004
   3.00000000000000000000000000000000000         8.7186745513090228E-004
   4.00000000000000000000000000000000000         1.5488829222159300E-003
   5.00000000000000000000000000000000000         2.4179212717232281E-003
   6.00000000000000000000000000000000000         3.4779174115706197E-003
   7.00000000000000000000000000000000000         4.7275821243764581E-003
   8.00000000000000000000000000000000000         6.1654032970976042E-003
   9.00000000000000000000000000000000000         7.7895975769592075E-003
   10.0000000000000000000000000000000000         9.5982175832138791E-003
   11.0000000000000000000000000000000000         1.1589049797143198E-002
   12.0000000000000000000000000000000000         1.3759652646518704E-002
   13.0000000000000000000000000000000000         1.6107428234613586E-002
   14.0000000000000000000000000000000000         1.8629469482835514E-002
   15.0000000000000000000000000000000000         2.1322719802569091E-002
   16.0000000000000000000000000000000000         2.4183876211769002E-002
   17.0000000000000000000000000000000000         2.7209516123326744E-002
   18.0000000000000000000000000000000000         3.0395886324492381E-002
   19.0000000000000000000000000000000000         3.3739137315353170E-002
   20.0000000000000000000000000000000000         3.7235210926466498E-002
   21.0000000000000000000000000000000000         4.0879771718786415E-002
   22.0000000000000000000000000000000000         4.4668460263052108E-002
   23.0000000000000000000000000000000000         4.8596630878644041E-002
   24.0000000000000000000000000000000000         5.2659487238175325E-002
   25.0000000000000000000000000000000000         5.6852119030714923E-002
   26.0000000000000000000000000000000000         6.1169385437260547E-002
   27.0000000000000000000000000000000000         6.5606016264322442E-002
   28.0000000000000000000000000000000000         7.0156626321073598E-002
   29.0000000000000000000000000000000000         7.4815674469701915E-002
   30.0000000000000000000000000000000000         7.9577484892615347E-002
   31.0000000000000000000000000000000000         8.4436225115330638E-002
   32.0000000000000000000000000000000000         8.9385949540340418E-002
   33.0000000000000000000000000000000000         9.4420797842928131E-002
   34.0000000000000000000000000000000000         9.9534454857906574E-002
   35.0000000000000000000000000000000000        0.10472074881508692     
   36.0000000000000000000000000000000000        0.10997343912793829     
   37.0000000000000000000000000000000000        0.11528589770323347     
   38.0000000000000000000000000000000000        0.12065188152839196     
   39.0000000000000000000000000000000000        0.12606477216112458     
   40.0000000000000000000000000000000000        0.13151794200950551     
   41.0000000000000000000000000000000000        0.13700485859297679     
   42.0000000000000000000000000000000000        0.14251870322673826     
   43.0000000000000000000000000000000000        0.14805285799440307     
   44.0000000000000000000000000000000000        0.15360056255163740     
   45.0000000000000000000000000000000000        0.15915494561988874     
   46.0000000000000000000000000000000000        0.16470938380984806     
   47.0000000000000000000000000000000000        0.17025703321148086     
   48.0000000000000000000000000000000000        0.17579114378592750     
   49.0000000000000000000000000000000000        0.18130503251140545     
   50.0000000000000000000000000000000000        0.18679192644217182     
   51.0000000000000000000000000000000000        0.19224511877459971     
   52.0000000000000000000000000000000000        0.19765806338377626     
   53.0000000000000000000000000000000000        0.20302399299754392     
   54.0000000000000000000000000000000000        0.20833649569663651     
   55.0000000000000000000000000000000000        0.21358914158558931     
   56.0000000000000000000000000000000000        0.21877546182414720     
   57.0000000000000000000000000000000000        0.22388909219394010     
   58.0000000000000000000000000000000000        0.22892388782739936     
   59.0000000000000000000000000000000000        0.23387366449579577     
   60.0000000000000000000000000000000000        0.23873233677357314     
   61.0000000000000000000000000000000000        0.24349421465586282     
   62.0000000000000000000000000000000000        0.24815324663930999     
   63.0000000000000000000000000000000000        0.25270387231815594     
   64.0000000000000000000000000000000000        0.25714050245437464     
   65.0000000000000000000000000000000000        0.26145776895386258     
   66.0000000000000000000000000000000000        0.26565036979465284     
   67.0000000000000000000000000000000000        0.26971325645609567     
   68.0000000000000000000000000000000000        0.27364145323203404     
   69.0000000000000000000000000000000000        0.27743011491735731     
   70.0000000000000000000000000000000000        0.28107475036437163     
   71.0000000000000000000000000000000000        0.28457074857681885     
   72.0000000000000000000000000000000000        0.28791398021686504     
   73.0000000000000000000000000000000000        0.29110036898316100     
   74.0000000000000000000000000000000000        0.29412593541000787     
   75.0000000000000000000000000000000000        0.29698716448033841     
   76.0000000000000000000000000000000000        0.29968036993170588     
   77.0000000000000000000000000000000000        0.30220245519079147     
   78.0000000000000000000000000000000000        0.30455017591592065     
   79.0000000000000000000000000000000000        0.30672083274106254     
   80.0000000000000000000000000000000000        0.30871174143279023     
   81.0000000000000000000000000000000000        0.31052028404864812     
   82.0000000000000000000000000000000000        0.31214449648067105     
   83.0000000000000000000000000000000000        0.31358229856769132     
   84.0000000000000000000000000000000000        0.31483188489537278     
   85.0000000000000000000000000000000000        0.31589195847038509     
   86.0000000000000000000000000000000000        0.31676102392583533     
   87.0000000000000000000000000000000000        0.31743801132527150     
   88.0000000000000000000000000000000000        0.31792218427614988     
   89.0000000000000000000000000000000000        0.31821292491779846     
   90.0000000000000000000000000000000000        0.31830984905620274     
   91.0000000000000000000000000000000000        0.31821292394662248     
   92.0000000000000000000000000000000000        0.31792218641578041     
   93.0000000000000000000000000000000000        0.31743800841648551     
   94.0000000000000000000000000000000000        0.31676100238911276     
   95.0000000000000000000000000000000000        0.31589195363819933     
   96.0000000000000000000000000000000000        0.31483195169578876     
   97.0000000000000000000000000000000000        0.31358229183559677     
   98.0000000000000000000000000000000000        0.31214446303460086     
   99.0000000000000000000000000000000000        0.31052027544944311     
   100.000000000000000000000000000000000        0.30871158836275919     
   101.000000000000000000000000000000000        0.30672082231668435     
   102.000000000000000000000000000000000        0.30455022993736341     
   103.000000000000000000000000000000000        0.30220244299201032     
   104.000000000000000000000000000000000        0.29968037477244952     
   105.000000000000000000000000000000000        0.29698715056656655     
   106.000000000000000000000000000000000        0.29412592987321889     
   107.000000000000000000000000000000000        0.29110035342219792     
   108.000000000000000000000000000000000        0.28791399314812710     
   109.000000000000000000000000000000000        0.28457073144449169     
   110.000000000000000000000000000000000        0.28107471057822542     
   111.000000000000000000000000000000000        0.27743009629709359     
   112.000000000000000000000000000000000        0.27364145981831206     
   113.000000000000000000000000000000000        0.26971323643864076     
   114.000000000000000000000000000000000        0.26565038360978849     
   115.000000000000000000000000000000000        0.26145774763672724     
   116.000000000000000000000000000000000        0.25714043954957866     
   117.000000000000000000000000000000000        0.25270384980522465     
   118.000000000000000000000000000000000        0.24815319996586169     
   119.000000000000000000000000000000000        0.24349419105675513     
   120.000000000000000000000000000000000        0.23873243820069673     
   121.000000000000000000000000000000000        0.23387363992554860     
   122.000000000000000000000000000000000        0.22892388735689909     
   123.000000000000000000000000000000000        0.22388906677221393     
   124.000000000000000000000000000000000        0.21877536789037319     
   125.000000000000000000000000000000000        0.21358911543625908     
   126.000000000000000000000000000000000        0.20833651280987411     
   127.000000000000000000000000000000000        0.20302396624800134     
   128.000000000000000000000000000000000        0.19765796416012593     
   129.000000000000000000000000000000000        0.19224509155517633     
   130.000000000000000000000000000000000        0.18679185227840381     
   131.000000000000000000000000000000000        0.18130500495468146     
   132.000000000000000000000000000000000        0.17579111810903711     
   133.000000000000000000000000000000000        0.17025700545174058     
   134.000000000000000000000000000000000        0.16470931270715061     
   135.000000000000000000000000000000000        0.15915491779235333     
   136.000000000000000000000000000000000        0.15360048023778961     
   137.000000000000000000000000000000000        0.14805283023466709     
   138.000000000000000000000000000000000        0.14251862875652377     
   139.000000000000000000000000000000000        0.13700483103625088     
   140.000000000000000000000000000000000        0.13151793920323943     
   141.000000000000000000000000000000000        0.12606474494169359     
   142.000000000000000000000000000000000        0.12065179311952211     
   143.000000000000000000000000000000000        0.11528587095368555     
   144.000000000000000000000000000000000        0.10997331353098803     
   145.000000000000000000000000000000000        0.10472072266576127     
   146.000000000000000000000000000000000         9.9534480144741505E-002
   147.000000000000000000000000000000000         9.4420772421211538E-002
   148.000000000000000000000000000000000         8.9385986885072849E-002
   149.000000000000000000000000000000000         8.4436200545081538E-002
   150.000000000000000000000000000000000         7.9577442300217724E-002
   151.000000000000000000000000000000000         7.4815650870611608E-002
   152.000000000000000000000000000000000         7.0156605385024232E-002
   153.000000000000000000000000000000000         6.5605993751378974E-002
   154.000000000000000000000000000000000         6.1169363599399881E-002
   155.000000000000000000000000000000000         5.6852097713589803E-002
   156.000000000000000000000000000000000         5.2659488441103110E-002
   157.000000000000000000000000000000000         4.8596610861199555E-002
   158.000000000000000000000000000000000         4.4668431244531896E-002
   159.000000000000000000000000000000000         4.0879753098530071E-002
   160.000000000000000000000000000000000         3.7235160129368845E-002
   161.000000000000000000000000000000000         3.3739120183013754E-002
   162.000000000000000000000000000000000         3.0395888493998432E-002
   163.000000000000000000000000000000000         2.7209500562368451E-002
   164.000000000000000000000000000000000         2.4183881950092634E-002
   165.000000000000000000000000000000000         2.1322705888802435E-002
   166.000000000000000000000000000000000         1.8629466400466196E-002
   167.000000000000000000000000000000000         1.6107416035822691E-002
   168.000000000000000000000000000000000         1.3759656517266398E-002
   169.000000000000000000000000000000000         1.1589039372767552E-002
   170.000000000000000000000000000000000         9.5981928636832241E-003
   171.000000000000000000000000000000000         7.7895889777788588E-003
   172.000000000000000000000000000000000         6.1653842024191321E-003
   173.000000000000000000000000000000000         4.7275753922893507E-003
   174.000000000000000000000000000000000         3.4779035778353812E-003
   175.000000000000000000000000000000000         2.4179164395247265E-003
   176.000000000000000000000000000000000         1.5488833184397011E-003
   177.000000000000000000000000000000000         8.7186454636473088E-004
   178.000000000000000000000000000000000         3.8769117193953126E-004
   179.000000000000000000000000000000000         9.6951922641939290E-005
   180.000000000000000000000000000000000         2.4263428865752075E-015
   181.000000000000000000000000000000000         9.6953864975702343E-005
   182.000000000000000000000000000000000         3.8769551547123928E-004
   183.000000000000000000000000000000000         8.7187036390322544E-004
   184.000000000000000000000000000000000         1.5488890048805598E-003
   185.000000000000000000000000000000000         2.4179261039257035E-003
   186.000000000000000000000000000000000         3.4779232433802660E-003
   187.000000000000000000000000000000000         4.7275888564700013E-003
   188.000000000000000000000000000000000         6.1653996440922103E-003
   189.000000000000000000000000000000000         7.7896061761418009E-003
   190.000000000000000000000000000000000         9.5982333713474331E-003
   191.000000000000000000000000000000000         1.1589060221527479E-002
   192.000000000000000000000000000000000         1.3759679498736299E-002
   193.000000000000000000000000000000000         1.6107440433401923E-002
   194.000000000000000000000000000000000         1.8629487217678466E-002
   195.000000000000000000000000000000000         2.1322733716338391E-002
   196.000000000000000000000000000000000         2.4183910174677341E-002
   197.000000000000000000000000000000000         2.7209531684290793E-002
   198.000000000000000000000000000000000         3.0395902030216072E-002
   199.000000000000000000000000000000000         3.3739154447695575E-002
   200.000000000000000000000000000000000         3.7235204501645074E-002
   201.000000000000000000000000000000000         4.0879790339035840E-002
   202.000000000000000000000000000000000         4.4668455122617884E-002
   203.000000000000000000000000000000000         4.8596650896102510E-002
   204.000000000000000000000000000000000         5.2659528404943687E-002
   205.000000000000000000000000000000000         5.6852140347848724E-002
   206.000000000000000000000000000000000         6.1169412608789893E-002
   207.000000000000000000000000000000000         6.5606038777271850E-002
   208.000000000000000000000000000000000         7.0156654521719736E-002
   209.000000000000000000000000000000000         7.4815698068791528E-002
   210.000000000000000000000000000000000         7.9577484974076879E-002
   211.000000000000000000000000000000000         8.4436249685599069E-002
   212.000000000000000000000000000000000         8.9386034138709311E-002
   213.000000000000000000000000000000000         9.4420823264648332E-002
   214.000000000000000000000000000000000         9.9534469676366019E-002
   215.000000000000000000000000000000000        0.10472077496442581     
   216.000000000000000000000000000000000        0.10997336045015595     
   217.000000000000000000000000000000000        0.11528592445277548     
   218.000000000000000000000000000000000        0.12065190865296009     
   219.000000000000000000000000000000000        0.12606479938056364     
   220.000000000000000000000000000000000        0.13151799518811785     
   221.000000000000000000000000000000000        0.13700488614968764     
   222.000000000000000000000000000000000        0.14251875226032706     
   223.000000000000000000000000000000000        0.14805288575415740     
   224.000000000000000000000000000000000        0.15360053184526470     
   225.000000000000000000000000000000000        0.15915497344742049     
   226.000000000000000000000000000000000        0.16470940017525637     
   227.000000000000000000000000000000000        0.17025706097123347     
   228.000000000000000000000000000000000        0.17579121136510170     
   229.000000000000000000000000000000000        0.18130506006811573     
   230.000000000000000000000000000000000        0.18679197888319432     
   231.000000000000000000000000000000000        0.19224514599404718     
   232.000000000000000000000000000000000        0.19765806737083150     
   233.000000000000000000000000000000000        0.20302401974708331     
   234.000000000000000000000000000000000        0.20833659013321718     
   235.000000000000000000000000000000000        0.21358916773492162     
   236.000000000000000000000000000000000        0.21877549902341623     
   237.000000000000000000000000000000000        0.22388911761565800     
   238.000000000000000000000000000000000        0.22892393582484921     
   239.000000000000000000000000000000000        0.23387368906605419     
   240.000000000000000000000000000000000        0.23873246366147727     
   241.000000000000000000000000000000000        0.24349423825494099     
   242.000000000000000000000000000000000        0.24815329023665067     
   243.000000000000000000000000000000000        0.25270389483110700     
   244.000000000000000000000000000000000        0.25714055850322409     
   245.000000000000000000000000000000000        0.26145779027097299     
   246.000000000000000000000000000000000        0.26565041745760548     
   247.000000000000000000000000000000000        0.26971327647354570     
   248.000000000000000000000000000000000        0.27364141946790754     
   249.000000000000000000000000000000000        0.27743013353761198     
   250.000000000000000000000000000000000        0.28107470689983355     
   251.000000000000000000000000000000000        0.28457076570916617     
   252.000000000000000000000000000000000        0.28791398214988345     
   253.000000000000000000000000000000000        0.29110038454412707     
   254.000000000000000000000000000000000        0.29412598778783100     
   255.000000000000000000000000000000000        0.29698717839410038     
   256.000000000000000000000000000000000        0.29968040403572754     
   257.000000000000000000000000000000000        0.30220246738957851     
   258.000000000000000000000000000000000        0.30455024881214798     
   259.000000000000000000000000000000000        0.30672084316542575     
   260.000000000000000000000000000000000        0.30871161940903052     
   261.000000000000000000000000000000000        0.31052029264782632     
   262.000000000000000000000000000000000        0.31214442120149566     
   263.000000000000000000000000000000000        0.31358230529976172     
   264.000000000000000000000000000000000        0.31483193462031306     
   265.000000000000000000000000000000000        0.31589196330257358     
   266.000000000000000000000000000000000        0.31676098029412486     
   267.000000000000000000000000000000000        0.31743801423402712     
   268.000000000000000000000000000000000        0.31792215191640755     
   269.000000000000000000000000000000000        0.31821292588895450     
   270.000000000000000000000000000000000        0.31830985873801310     
   271.000000000000000000000000000000000        0.31821292297545062     
   272.000000000000000000000000000000000        0.31792214544663477     
   273.000000000000000000000000000000000        0.31743800550772328     
   274.000000000000000000000000000000000        0.31676100682250846     
   275.000000000000000000000000000000000        0.31589194880599669     
   276.000000000000000000000000000000000        0.31483198629842080     
   277.000000000000000000000000000000000        0.31358228510349756     
   278.000000000000000000000000000000000        0.31214449361390123     
   279.000000000000000000000000000000000        0.31052026685027656     
   280.000000000000000000000000000000000        0.30871168035286090     
   281.000000000000000000000000000000000        0.30672081189229872     
   282.000000000000000000000000000000000        0.30455024760380806     
   283.000000000000000000000000000000000        0.30220243079321157     
   284.000000000000000000000000000000000        0.29968041575242366     
   285.000000000000000000000000000000000        0.29698713665279036     
   286.000000000000000000000000000000000        0.29412597823182457     
   287.000000000000000000000000000000000        0.29110033786123957     
   288.000000000000000000000000000000000        0.28791399516807104     
   289.000000000000000000000000000000000        0.28457071431212810     
   290.000000000000000000000000000000000        0.28107465592272801     
   291.000000000000000000000000000000000        0.27743007767684152     
   292.000000000000000000000000000000000        0.27364140463792724     
   293.000000000000000000000000000000000        0.26971321642118534     
   294.000000000000000000000000000000000        0.26565039000533713     
   295.000000000000000000000000000000000        0.26145772631958747     
   296.000000000000000000000000000000000        0.25714047483796321     
   297.000000000000000000000000000000000        0.25270382729226776     
   298.000000000000000000000000000000000        0.24815325158113521     
   299.000000000000000000000000000000000        0.24349416745769020     
   300.000000000000000000000000000000000        0.23873242649463244     
   301.000000000000000000000000000000000        0.23387361535528431     
   302.000000000000000000000000000000000        0.22892386381019914     
   303.000000000000000000000000000000000        0.22388904135050211     
   304.000000000000000000000000000000000        0.21877544382501296     
   305.000000000000000000000000000000000        0.21358908928691975     
   306.000000000000000000000000000000000        0.20833650387236838     
   307.000000000000000000000000000000000        0.20302393949847061     
   308.000000000000000000000000000000000        0.19765794161864694     
   309.000000000000000000000000000000000        0.19224506433572103     
   310.000000000000000000000000000000000        0.18679185208732596     
   311.000000000000000000000000000000000        0.18130497739796192     
   312.000000000000000000000000000000000        0.17579112145056444     
   313.000000000000000000000000000000000        0.17025697769198234     
   314.000000000000000000000000000000000        0.16470931166658906     
   315.000000000000000000000000000000000        0.15915488996482796     
   316.000000000000000000000000000000000        0.15360040847800296     
   317.000000000000000000000000000000000        0.14805280247490987     
   318.000000000000000000000000000000000        0.14251865134884090     
   319.000000000000000000000000000000000        0.13700480347953942     
   320.000000000000000000000000000000000        0.13151787368153353     
   321.000000000000000000000000000000000        0.12606471772225655     
   322.000000000000000000000000000000000        0.12065181469113355     
   323.000000000000000000000000000000000        0.11528584420415165     
   324.000000000000000000000000000000000        0.10997329545254968     
   325.000000000000000000000000000000000        0.10472069651643258     
   326.000000000000000000000000000000000         9.9534401086412358E-002
   327.000000000000000000000000000000000         9.4420746999502245E-002
   328.000000000000000000000000000000000         8.9385942452027259E-002
   329.000000000000000000000000000000000         8.4436175974829705E-002
   330.000000000000000000000000000000000         7.9577421101531667E-002
   331.000000000000000000000000000000000         7.4815627271531515E-002
   332.000000000000000000000000000000000         7.0156619190093431E-002
   333.000000000000000000000000000000000         6.5605971238425750E-002
   334.000000000000000000000000000000000         6.1169332066353985E-002
   335.000000000000000000000000000000000         5.6852076396471059E-002
   336.000000000000000000000000000000000         5.2659445757952054E-002
   337.000000000000000000000000000000000         4.8596590843743091E-002
   338.000000000000000000000000000000000         4.4668413800631378E-002
   339.000000000000000000000000000000000         4.0879734478282408E-002
   340.000000000000000000000000000000000         3.7235144796825582E-002
   341.000000000000000000000000000000000         3.3739103050675290E-002
   342.000000000000000000000000000000000         3.0395852788134021E-002
   343.000000000000000000000000000000000         2.7209485001417458E-002
   344.000000000000000000000000000000000         2.4183834621077292E-002
   345.000000000000000000000000000000000         2.1322691975042385E-002
   346.000000000000000000000000000000000         1.8629440353163919E-002
   347.000000000000000000000000000000000         1.6107403837043573E-002
   348.000000000000000000000000000000000         1.3759644389012921E-002
   349.000000000000000000000000000000000         1.1589028948397785E-002
   350.000000000000000000000000000000000         9.5981986486598971E-003
   351.000000000000000000000000000000000         7.7895803786046953E-003
   352.000000000000000000000000000000000         6.1653882218199747E-003
   353.000000000000000000000000000000000         4.7275686602056841E-003
   354.000000000000000000000000000000000         3.4779056996572704E-003
   355.000000000000000000000000000000000         2.4179116073312938E-003
   356.000000000000000000000000000000000         1.5488770279941681E-003
   357.000000000000000000000000000000000         8.7186163760202395E-004
   358.000000000000000000000000000000000         3.8768971089644662E-004
   359.000000000000000000000000000000000         9.6950951482163049E-005
   360.000000000000000000000000000000000         6.0448507776774805E-017
