   1.00000000000000000000000000000000000         9.6952893808239447E-005
   2.00000000000000000000000000000000000         3.8769345305581947E-004
   3.00000000000000000000000000000000000         8.7186745512634787E-004
   4.00000000000000000000000000000000000         1.5488679700444887E-003
   5.00000000000000000000000000000000000         2.4179212717252057E-003
   6.00000000000000000000000000000000000         3.4779170809313429E-003
   7.00000000000000000000000000000000000         4.7275821243757503E-003
   8.00000000000000000000000000000000000         6.1654789010316766E-003
   9.00000000000000000000000000000000000         7.7895975769712768E-003
   10.0000000000000000000000000000000000         9.5982162553323765E-003
   11.0000000000000000000000000000000000         1.1589049797130284E-002
   12.0000000000000000000000000000000000         1.3759541605891813E-002
   13.0000000000000000000000000000000000         1.6107428234636376E-002
   14.0000000000000000000000000000000000         1.8629467962309697E-002
   15.0000000000000000000000000000000000         2.1322719802565889E-002
   16.0000000000000000000000000000000000         2.4183725461430272E-002
   17.0000000000000000000000000000000000         2.7209516123326394E-002
   18.0000000000000000000000000000000000         3.0395858681943926E-002
   19.0000000000000000000000000000000000         3.3739137315353551E-002
   20.0000000000000000000000000000000000         3.7235401801824997E-002
   21.0000000000000000000000000000000000         4.0879771718806246E-002
   22.0000000000000000000000000000000000         4.4668467703275573E-002
   23.0000000000000000000000000000000000         4.8596630878625584E-002
   24.0000000000000000000000000000000000         5.2659389989677792E-002
   25.0000000000000000000000000000000000         5.6852119030705257E-002
   26.0000000000000000000000000000000000         6.1169442408337840E-002
   27.0000000000000000000000000000000000         6.5606016264336584E-002
   28.0000000000000000000000000000000000         7.0156599962541186E-002
   29.0000000000000000000000000000000000         7.4815674469718110E-002
   30.0000000000000000000000000000000000         7.9577567628609069E-002
   31.0000000000000000000000000000000000         8.4436225115291252E-002
   32.0000000000000000000000000000000000         8.9385515310761138E-002
   33.0000000000000000000000000000000000         9.4420797842931614E-002
   34.0000000000000000000000000000000000         9.9534460012174517E-002
   35.0000000000000000000000000000000000        0.10472074881507398     
   36.0000000000000000000000000000000000        0.10997398349001601     
   37.0000000000000000000000000000000000        0.11528589770322427     
   38.0000000000000000000000000000000000        0.12065189314263117     
   39.0000000000000000000000000000000000        0.12606477216109691     
   40.0000000000000000000000000000000000        0.13151767198452397     
   41.0000000000000000000000000000000000        0.13700485859299857     
   42.0000000000000000000000000000000000        0.14251855463392338     
   43.0000000000000000000000000000000000        0.14805285799436946     
   44.0000000000000000000000000000000000        0.15360088037590167     
   45.0000000000000000000000000000000000        0.15915494561988933     
   46.0000000000000000000000000000000000        0.16470946108542489     
   47.0000000000000000000000000000000000        0.17025703321149602     
   48.0000000000000000000000000000000000        0.17579097596410825     
   49.0000000000000000000000000000000000        0.18130503251147514     
   50.0000000000000000000000000000000000        0.18679203466750363     
   51.0000000000000000000000000000000000        0.19224511877458236     
   52.0000000000000000000000000000000000        0.19765843938383865     
   53.0000000000000000000000000000000000        0.20302399299752300     
   54.0000000000000000000000000000000000        0.20833626857351908     
   55.0000000000000000000000000000000000        0.21358914158559764     
   56.0000000000000000000000000000000000        0.21877564626711590     
   57.0000000000000000000000000000000000        0.22388909219393158     
   58.0000000000000000000000000000000000        0.22892394606642533     
   59.0000000000000000000000000000000000        0.23387366449573990     
   60.0000000000000000000000000000000000        0.23873176878658176     
   61.0000000000000000000000000000000000        0.24349421465592455     
   62.0000000000000000000000000000000000        0.24815315904309951     
   63.0000000000000000000000000000000000        0.25270387231808350     
   64.0000000000000000000000000000000000        0.25714044262686830     
   65.0000000000000000000000000000000000        0.26145776895389722     
   66.0000000000000000000000000000000000        0.26565024750580707     
   67.0000000000000000000000000000000000        0.26971325645611999     
   68.0000000000000000000000000000000000        0.27364163573546013     
   69.0000000000000000000000000000000000        0.27743011491738295     
   70.0000000000000000000000000000000000        0.28107509714156137     
   71.0000000000000000000000000000000000        0.28457074857674208     
   72.0000000000000000000000000000000000        0.28791387195821294     
   73.0000000000000000000000000000000000        0.29110036898314590     
   74.0000000000000000000000000000000000        0.29412556243932919     
   75.0000000000000000000000000000000000        0.29698716448042650     
   76.0000000000000000000000000000000000        0.29968005293994976     
   77.0000000000000000000000000000000000        0.30220245519077599     
   78.0000000000000000000000000000000000        0.30454989692673307     
   79.0000000000000000000000000000000000        0.30672083274110989     
   80.0000000000000000000000000000000000        0.30871229410125334     
   81.0000000000000000000000000000000000        0.31052028404868565     
   82.0000000000000000000000000000000000        0.31214455429599747     
   83.0000000000000000000000000000000000        0.31358229856777126     
   84.0000000000000000000000000000000000        0.31483132685766091     
   85.0000000000000000000000000000000000        0.31589195847036916     
   86.0000000000000000000000000000000000        0.31676123657501953     
   87.0000000000000000000000000000000000        0.31743801132531979     
   88.0000000000000000000000000000000000        0.31792218020989749     
   89.0000000000000000000000000000000000        0.31821292491787939     
   90.0000000000000000000000000000000000        0.31830964645594850     
   91.0000000000000000000000000000000000        0.31821292394662787     
   92.0000000000000000000000000000000000        0.31792221159512746     
   93.0000000000000000000000000000000000        0.31743800841642633     
   94.0000000000000000000000000000000000        0.31676108844713591     
   95.0000000000000000000000000000000000        0.31589195363827982     
   96.0000000000000000000000000000000000        0.31483191385807791     
   97.0000000000000000000000000000000000        0.31358229183565561     
   98.0000000000000000000000000000000000        0.31214433612364501     
   99.0000000000000000000000000000000000        0.31052027544929961     
   100.000000000000000000000000000000000        0.30871111223856579     
   101.000000000000000000000000000000000        0.30672082231674241     
   102.000000000000000000000000000000000        0.30455041921757081     
   103.000000000000000000000000000000000        0.30220244299203669     
   104.000000000000000000000000000000000        0.29968018609965469     
   105.000000000000000000000000000000000        0.29698715056663394     
   106.000000000000000000000000000000000        0.29412562290432842     
   107.000000000000000000000000000000000        0.29110035342215179     
   108.000000000000000000000000000000000        0.28791409478592395     
   109.000000000000000000000000000000000        0.28457073144452699     
   110.000000000000000000000000000000000        0.28107490041284366     
   111.000000000000000000000000000000000        0.27743009629704868     
   112.000000000000000000000000000000000        0.27364182805968656     
   113.000000000000000000000000000000000        0.26971323643866518     
   114.000000000000000000000000000000000        0.26565050853528394     
   115.000000000000000000000000000000000        0.26145774763670332     
   116.000000000000000000000000000000000        0.25714008605801192     
   117.000000000000000000000000000000000        0.25270384980528660     
   118.000000000000000000000000000000000        0.24815294321218762     
   119.000000000000000000000000000000000        0.24349419105666606     
   120.000000000000000000000000000000000        0.23873276981986102     
   121.000000000000000000000000000000000        0.23387363992555732     
   122.000000000000000000000000000000000        0.22892412147116561     
   123.000000000000000000000000000000000        0.22388906677213763     
   124.000000000000000000000000000000000        0.21877506405026401     
   125.000000000000000000000000000000000        0.21358911543626732     
   126.000000000000000000000000000000000        0.20833659800139956     
   127.000000000000000000000000000000000        0.20302396624797611     
   128.000000000000000000000000000000000        0.19765782256390796     
   129.000000000000000000000000000000000        0.19224509155525948     
   130.000000000000000000000000000000000        0.18679162539765642     
   131.000000000000000000000000000000000        0.18130500495470650     
   132.000000000000000000000000000000000        0.17579096460765808     
   133.000000000000000000000000000000000        0.17025700545181868     
   134.000000000000000000000000000000000        0.16470907972265503     
   135.000000000000000000000000000000000        0.15915491779233876     
   136.000000000000000000000000000000000        0.15360040745514214     
   137.000000000000000000000000000000000        0.14805283023472518     
   138.000000000000000000000000000000000        0.14251814479908900     
   139.000000000000000000000000000000000        0.13700483103621269     
   140.000000000000000000000000000000000        0.13151784546740697     
   141.000000000000000000000000000000000        0.12606474494170644     
   142.000000000000000000000000000000000        0.12065136464401151     
   143.000000000000000000000000000000000        0.11528587095363114     
   144.000000000000000000000000000000000        0.10997314745072130     
   145.000000000000000000000000000000000        0.10472072266577291     
   146.000000000000000000000000000000000         9.9534851430607807E-002
   147.000000000000000000000000000000000         9.4420772421212218E-002
   148.000000000000000000000000000000000         8.9385999539229655E-002
   149.000000000000000000000000000000000         8.4436200545080817E-002
   150.000000000000000000000000000000000         7.9577392502694203E-002
   151.000000000000000000000000000000000         7.4815650870596634E-002
   152.000000000000000000000000000000000         7.0156594320308463E-002
   153.000000000000000000000000000000000         6.5605993751424757E-002
   154.000000000000000000000000000000000         6.1169421219308857E-002
   155.000000000000000000000000000000000         5.6852097713588054E-002
   156.000000000000000000000000000000000         5.2659548019412791E-002
   157.000000000000000000000000000000000         4.8596610861237996E-002
   158.000000000000000000000000000000000         4.4668369254887860E-002
   159.000000000000000000000000000000000         4.0879753098525713E-002
   160.000000000000000000000000000000000         3.7235115150146318E-002
   161.000000000000000000000000000000000         3.3739120183017696E-002
   162.000000000000000000000000000000000         3.0395993622064386E-002
   163.000000000000000000000000000000000         2.7209500562363362E-002
   164.000000000000000000000000000000000         2.4183878006277193E-002
   165.000000000000000000000000000000000         2.1322705888793696E-002
   166.000000000000000000000000000000000         1.8629536416713929E-002
   167.000000000000000000000000000000000         1.6107416035809691E-002
   168.000000000000000000000000000000000         1.3759654332487421E-002
   169.000000000000000000000000000000000         1.1589039372758779E-002
   170.000000000000000000000000000000000         9.5980825888156481E-003
   171.000000000000000000000000000000000         7.7895889777788935E-003
   172.000000000000000000000000000000000         6.1653779314205523E-003
   173.000000000000000000000000000000000         4.7275753922944065E-003
   174.000000000000000000000000000000000         3.4778455696529535E-003
   175.000000000000000000000000000000000         2.4179164395246354E-003
   176.000000000000000000000000000000000         1.5488989612431441E-003
   177.000000000000000000000000000000000         8.7186454636726781E-004
   178.000000000000000000000000000000000         3.8768873553273202E-004
   179.000000000000000000000000000000000         9.6951922642780306E-005
   180.000000000000000000000000000000000         2.3805986298890577E-015
   181.000000000000000000000000000000000         9.6953864975257318E-005
   182.000000000000000000000000000000000         3.8769638454414315E-004
   183.000000000000000000000000000000000         8.7187036390233791E-004
   184.000000000000000000000000000000000         1.5488898896961565E-003
   185.000000000000000000000000000000000         2.4179261039216390E-003
   186.000000000000000000000000000000000         3.4779232433922312E-003
   187.000000000000000000000000000000000         4.7275888564789611E-003
   188.000000000000000000000000000000000         6.1653940973327211E-003
   189.000000000000000000000000000000000         7.7896061761448436E-003
   190.000000000000000000000000000000000         9.5982769824906403E-003
   191.000000000000000000000000000000000         1.1589060221544833E-002
   192.000000000000000000000000000000000         1.3759679782970428E-002
   193.000000000000000000000000000000000         1.6107440433405423E-002
   194.000000000000000000000000000000000         1.8629519169833200E-002
   195.000000000000000000000000000000000         2.1322733716335741E-002
   196.000000000000000000000000000000000         2.4183897142748389E-002
   197.000000000000000000000000000000000         2.7209531684300885E-002
   198.000000000000000000000000000000000         3.0395869722937206E-002
   199.000000000000000000000000000000000         3.3739154447693966E-002
   200.000000000000000000000000000000000         3.7235221140597803E-002
   201.000000000000000000000000000000000         4.0879790338996122E-002
   202.000000000000000000000000000000000         4.4668287187047136E-002
   203.000000000000000000000000000000000         4.8596650896112141E-002
   204.000000000000000000000000000000000         5.2659577979034825E-002
   205.000000000000000000000000000000000         5.6852140347861090E-002
   206.000000000000000000000000000000000         6.1169507155666429E-002
   207.000000000000000000000000000000000         6.5606038777285436E-002
   208.000000000000000000000000000000000         7.0156664932290072E-002
   209.000000000000000000000000000000000         7.4815698068805739E-002
   210.000000000000000000000000000000000         7.9577395581850383E-002
   211.000000000000000000000000000000000         8.4436249685653289E-002
   212.000000000000000000000000000000000         8.9386026949736547E-002
   213.000000000000000000000000000000000         9.4420823264655535E-002
   214.000000000000000000000000000000000         9.9534396120708926E-002
   215.000000000000000000000000000000000        0.10472077496448307     
   216.000000000000000000000000000000000        0.10997315128430012     
   217.000000000000000000000000000000000        0.11528592445274782     
   218.000000000000000000000000000000000        0.12065192115321159     
   219.000000000000000000000000000000000        0.12606479938055865     
   220.000000000000000000000000000000000        0.13151790987551523     
   221.000000000000000000000000000000000        0.13700488614964337     
   222.000000000000000000000000000000000        0.14251875673669084     
   223.000000000000000000000000000000000        0.14805288575417397     
   224.000000000000000000000000000000000        0.15360043029784698     
   225.000000000000000000000000000000000        0.15915497344739574     
   226.000000000000000000000000000000000        0.16470939542707480     
   227.000000000000000000000000000000000        0.17025706097129059     
   228.000000000000000000000000000000000        0.17579132952251642     
   229.000000000000000000000000000000000        0.18130506006812186     
   230.000000000000000000000000000000000        0.18679226653510400     
   231.000000000000000000000000000000000        0.19224514599412459     
   232.000000000000000000000000000000000        0.19765827843793693     
   233.000000000000000000000000000000000        0.20302401974703824     
   234.000000000000000000000000000000000        0.20833685013579351     
   235.000000000000000000000000000000000        0.21358916773497222     
   236.000000000000000000000000000000000        0.21877576515231370     
   237.000000000000000000000000000000000        0.22388911761565594     
   238.000000000000000000000000000000000        0.22892415879857650     
   239.000000000000000000000000000000000        0.23387368906604705     
   240.000000000000000000000000000000000        0.23873263232544198     
   241.000000000000000000000000000000000        0.24349423825494360     
   242.000000000000000000000000000000000        0.24815334975254746     
   243.000000000000000000000000000000000        0.25270389483107819     
   244.000000000000000000000000000000000        0.25714074320569125     
   245.000000000000000000000000000000000        0.26145779027089483     
   246.000000000000000000000000000000000        0.26565048854739737     
   247.000000000000000000000000000000000        0.26971327647357546     
   248.000000000000000000000000000000000        0.27364122145894298     
   249.000000000000000000000000000000000        0.27743013353765222     
   250.000000000000000000000000000000000        0.28107461398951861     
   251.000000000000000000000000000000000        0.28457076570916617     
   252.000000000000000000000000000000000        0.28791377052218559     
   253.000000000000000000000000000000000        0.29110038454417858     
   254.000000000000000000000000000000000        0.29412588450930377     
   255.000000000000000000000000000000000        0.29698717839418359     
   256.000000000000000000000000000000000        0.29968023782905961     
   257.000000000000000000000000000000000        0.30220246738957851     
   258.000000000000000000000000000000000        0.30455041113014608     
   259.000000000000000000000000000000000        0.30672084316540460     
   260.000000000000000000000000000000000        0.30871122936446693     
   261.000000000000000000000000000000000        0.31052029264786890     
   262.000000000000000000000000000000000        0.31214388454581637     
   263.000000000000000000000000000000000        0.31358230529974035     
   264.000000000000000000000000000000000        0.31483169148051132     
   265.000000000000000000000000000000000        0.31589196330249841     
   266.000000000000000000000000000000000        0.31676085249400787     
   267.000000000000000000000000000000000        0.31743801423401641     
   268.000000000000000000000000000000000        0.31792190202717885     
   269.000000000000000000000000000000000        0.31821292588898681     
   270.000000000000000000000000000000000        0.31830972552408082     
   271.000000000000000000000000000000000        0.31821292297546139     
   272.000000000000000000000000000000000        0.31792189092544365     
   273.000000000000000000000000000000000        0.31743800550774476     
   274.000000000000000000000000000000000        0.31676115240863234     
   275.000000000000000000000000000000000        0.31589194880610405     
   276.000000000000000000000000000000000        0.31483223791029780     
   277.000000000000000000000000000000000        0.31358228510351899     
   278.000000000000000000000000000000000        0.31214464082517818     
   279.000000000000000000000000000000000        0.31052026685027656     
   280.000000000000000000000000000000000        0.30871193170025113     
   281.000000000000000000000000000000000        0.30672081189233041     
   282.000000000000000000000000000000000        0.30455064460944148     
   283.000000000000000000000000000000000        0.30220243079320108     
   284.000000000000000000000000000000000        0.29968061439650584     
   285.000000000000000000000000000000000        0.29698713665282162     
   286.000000000000000000000000000000000        0.29412612351505324     
   287.000000000000000000000000000000000        0.29110033786123957     
   288.000000000000000000000000000000000        0.28791422850460979     
   289.000000000000000000000000000000000        0.28457071431202624     
   290.000000000000000000000000000000000        0.28107458225117282     
   291.000000000000000000000000000000000        0.27743007767685163     
   292.000000000000000000000000000000000        0.27364151595595615     
   293.000000000000000000000000000000000        0.26971321642121510     
   294.000000000000000000000000000000000        0.26565070897158166     
   295.000000000000000000000000000000000        0.26145772631950936     
   296.000000000000000000000000000000000        0.25714053139988269     
   297.000000000000000000000000000000000        0.25270382729228696     
   298.000000000000000000000000000000000        0.24815353007246996     
   299.000000000000000000000000000000000        0.24349416745778915     
   300.000000000000000000000000000000000        0.23873284693245647     
   301.000000000000000000000000000000000        0.23387361535523815     
   302.000000000000000000000000000000000        0.22892410842023286     
   303.000000000000000000000000000000000        0.22388904135048857     
   304.000000000000000000000000000000000        0.21877586909217700     
   305.000000000000000000000000000000000        0.21358908928686240     
   306.000000000000000000000000000000000        0.20833671468166479     
   307.000000000000000000000000000000000        0.20302393949854805     
   308.000000000000000000000000000000000        0.19765783198188178     
   309.000000000000000000000000000000000        0.19224506433567079     
   310.000000000000000000000000000000000        0.18679182023798108     
   311.000000000000000000000000000000000        0.18130497739799037     
   312.000000000000000000000000000000000        0.17579119023493273     
   313.000000000000000000000000000000000        0.17025697769198628     
   314.000000000000000000000000000000000        0.16470927053382134     
   315.000000000000000000000000000000000        0.15915488996488128     
   316.000000000000000000000000000000000        0.15360002072632731     
   317.000000000000000000000000000000000        0.14805280247489516     
   318.000000000000000000000000000000000        0.14251852764073097     
   319.000000000000000000000000000000000        0.13700480347955002     
   320.000000000000000000000000000000000        0.13151750677460350     
   321.000000000000000000000000000000000        0.12606471772224978     
   322.000000000000000000000000000000000        0.12065173431846259     
   323.000000000000000000000000000000000        0.11528584420415165     
   324.000000000000000000000000000000000        0.10997318947991647     
   325.000000000000000000000000000000000        0.10472069651642640     
   326.000000000000000000000000000000000         9.9534390696066136E-002
   327.000000000000000000000000000000000         9.4420746999546251E-002
   328.000000000000000000000000000000000         8.9385815916480274E-002
   329.000000000000000000000000000000000         8.4436175974824154E-002
   330.000000000000000000000000000000000         7.9577392092082852E-002
   331.000000000000000000000000000000000         7.4815627271547183E-002
   332.000000000000000000000000000000000         7.0156872397453218E-002
   333.000000000000000000000000000000000         6.5605971238406197E-002
   334.000000000000000000000000000000000         6.1169320852897086E-002
   335.000000000000000000000000000000000         5.6852076396507488E-002
   336.000000000000000000000000000000000         5.2659347646212162E-002
   337.000000000000000000000000000000000         4.8596590843722046E-002
   338.000000000000000000000000000000000         4.4668365332501493E-002
   339.000000000000000000000000000000000         4.0879734478295925E-002
   340.000000000000000000000000000000000         3.7235118125888408E-002
   341.000000000000000000000000000000000         3.3739103050656874E-002
   342.000000000000000000000000000000000         3.0395819246441812E-002
   343.000000000000000000000000000000000         2.7209485001435569E-002
   344.000000000000000000000000000000000         2.4183597168757748E-002
   345.000000000000000000000000000000000         2.1322691975040990E-002
   346.000000000000000000000000000000000         1.8629417323993026E-002
   347.000000000000000000000000000000000         1.6107403837051448E-002
   348.000000000000000000000000000000000         1.3759636400797999E-002
   349.000000000000000000000000000000000         1.1589028948399584E-002
   350.000000000000000000000000000000000         9.5981980416873884E-003
   351.000000000000000000000000000000000         7.7895803786065913E-003
   352.000000000000000000000000000000000         6.1654657272950343E-003
   353.000000000000000000000000000000000         4.7275686602051914E-003
   354.000000000000000000000000000000000         3.4779043615058951E-003
   355.000000000000000000000000000000000         2.4179116073326438E-003
   356.000000000000000000000000000000000         1.5488753445596058E-003
   357.000000000000000000000000000000000         8.7186163760089627E-004
   358.000000000000000000000000000000000         3.8769071520527223E-004
   359.000000000000000000000000000000000         9.6950951482371636E-005
   360.000000000000000000000000000000000         4.1405181588208008E-013
