   1.00000000000000000000000000000000000         9.6952893808051894E-005
   2.00000000000000000000000000000000000         3.8769345305548504E-004
   3.00000000000000000000000000000000000         8.7186745512686091E-004
   4.00000000000000000000000000000000000         1.5488695348032351E-003
   5.00000000000000000000000000000000000         2.4179212717249376E-003
   6.00000000000000000000000000000000000         3.4779171155331270E-003
   7.00000000000000000000000000000000000         4.7275821243759081E-003
   8.00000000000000000000000000000000000         6.1654709889703476E-003
   9.00000000000000000000000000000000000         7.7895975769699047E-003
   10.0000000000000000000000000000000000         9.5982163942967148E-003
   11.0000000000000000000000000000000000         1.1589049797131769E-002
   12.0000000000000000000000000000000000         1.3759553226401542E-002
   13.0000000000000000000000000000000000         1.6107428234633840E-002
   14.0000000000000000000000000000000000         1.8629468121434491E-002
   15.0000000000000000000000000000000000         2.1322719802566403E-002
   16.0000000000000000000000000000000000         2.4183741237606499E-002
   17.0000000000000000000000000000000000         2.7209516123326231E-002
   18.0000000000000000000000000000000000         3.0395861574768177E-002
   19.0000000000000000000000000000000000         3.3739137315353739E-002
   20.0000000000000000000000000000000000         3.7235381826473860E-002
   21.0000000000000000000000000000000000         4.0879771718803921E-002
   22.0000000000000000000000000000000000         4.4668466924647508E-002
   23.0000000000000000000000000000000000         4.8596630878627790E-002
   24.0000000000000000000000000000000000         5.2659400166841931E-002
   25.0000000000000000000000000000000000         5.6852119030705972E-002
   26.0000000000000000000000000000000000         6.1169436446247116E-002
   27.0000000000000000000000000000000000         6.5606016264335348E-002
   28.0000000000000000000000000000000000         7.0156602720992015E-002
   29.0000000000000000000000000000000000         7.4815674469716167E-002
   30.0000000000000000000000000000000000         7.9577558970189116E-002
   31.0000000000000000000000000000000000         8.4436225115295638E-002
   32.0000000000000000000000000000000000         8.9385560753342114E-002
   33.0000000000000000000000000000000000         9.4420797842931004E-002
   34.0000000000000000000000000000000000         9.9534459472774381E-002
   35.0000000000000000000000000000000000        0.10472074881507559     
   36.0000000000000000000000000000000000        0.10997392652182848     
   37.0000000000000000000000000000000000        0.11528589770322495     
   38.0000000000000000000000000000000000        0.12065189192718750     
   39.0000000000000000000000000000000000        0.12606477216110010     
   40.0000000000000000000000000000000000        0.13151770024293927     
   41.0000000000000000000000000000000000        0.13700485859299599     
   42.0000000000000000000000000000000000        0.14251857018433062     
   43.0000000000000000000000000000000000        0.14805285799437332     
   44.0000000000000000000000000000000000        0.15360084711520744     
   45.0000000000000000000000000000000000        0.15915494561988894     
   46.0000000000000000000000000000000000        0.16470945299844506     
   47.0000000000000000000000000000000000        0.17025703321149477     
   48.0000000000000000000000000000000000        0.17579099352685304     
   49.0000000000000000000000000000000000        0.18130503251146748     
   50.0000000000000000000000000000000000        0.18679202334159534     
   51.0000000000000000000000000000000000        0.19224511877458456     
   52.0000000000000000000000000000000000        0.19765840003497814     
   53.0000000000000000000000000000000000        0.20302399299752480     
   54.0000000000000000000000000000000000        0.20833629234221160     
   55.0000000000000000000000000000000000        0.21358914158559716     
   56.0000000000000000000000000000000000        0.21877562696494110     
   57.0000000000000000000000000000000000        0.22388909219393205     
   58.0000000000000000000000000000000000        0.22892393997164320     
   59.0000000000000000000000000000000000        0.23387366449574618     
   60.0000000000000000000000000000000000        0.23873182822704919     
   61.0000000000000000000000000000000000        0.24349421465591767     
   62.0000000000000000000000000000000000        0.24815316821014408     
   63.0000000000000000000000000000000000        0.25270387231809155     
   64.0000000000000000000000000000000000        0.25714044888788606     
   65.0000000000000000000000000000000000        0.26145776895389311     
   66.0000000000000000000000000000000000        0.26565026030347566     
   67.0000000000000000000000000000000000        0.26971325645611793     
   68.0000000000000000000000000000000000        0.27364161663626152     
   69.0000000000000000000000000000000000        0.27743011491737979     
   70.0000000000000000000000000000000000        0.28107506085091521     
   71.0000000000000000000000000000000000        0.28457074857675063     
   72.0000000000000000000000000000000000        0.28791388328760581     
   73.0000000000000000000000000000000000        0.29110036898314695     
   74.0000000000000000000000000000000000        0.29412560147113331     
   75.0000000000000000000000000000000000        0.29698716448041779     
   76.0000000000000000000000000000000000        0.29968008611349778     
   77.0000000000000000000000000000000000        0.30220245519077704     
   78.0000000000000000000000000000000000        0.30454992612326998     
   79.0000000000000000000000000000000000        0.30672083274110545     
   80.0000000000000000000000000000000000        0.30871223626383282     
   81.0000000000000000000000000000000000        0.31052028404868121     
   82.0000000000000000000000000000000000        0.31214454824555610     
   83.0000000000000000000000000000000000        0.31358229856776343     
   84.0000000000000000000000000000000000        0.31483138525693316     
   85.0000000000000000000000000000000000        0.31589195847037027     
   86.0000000000000000000000000000000000        0.31676121432103177     
   87.0000000000000000000000000000000000        0.31743801132531529     
   88.0000000000000000000000000000000000        0.31792218063543554     
   89.0000000000000000000000000000000000        0.31821292491787034     
   90.0000000000000000000000000000000000        0.31830966765829766     
   91.0000000000000000000000000000000000        0.31821292394662787     
   92.0000000000000000000000000000000000        0.31792220896007944     
   93.0000000000000000000000000000000000        0.31743800841643194     
   94.0000000000000000000000000000000000        0.31676107944106319     
   95.0000000000000000000000000000000000        0.31589195363827194     
   96.0000000000000000000000000000000000        0.31483191781783826     
   97.0000000000000000000000000000000000        0.31358229183564890     
   98.0000000000000000000000000000000000        0.31214434940502289     
   99.0000000000000000000000000000000000        0.31052027544931515     
   100.000000000000000000000000000000000        0.30871116206549909     
   101.000000000000000000000000000000000        0.30672082231673575     
   102.000000000000000000000000000000000        0.30455039940917422     
   103.000000000000000000000000000000000        0.30220244299203447     
   104.000000000000000000000000000000000        0.29968020584447930     
   105.000000000000000000000000000000000        0.29698715056662633     
   106.000000000000000000000000000000000        0.29412565502897225     
   107.000000000000000000000000000000000        0.29110035342215718     
   108.000000000000000000000000000000000        0.28791408414940944     
   109.000000000000000000000000000000000        0.28457073144452277     
   110.000000000000000000000000000000000        0.28107488054642710     
   111.000000000000000000000000000000000        0.27743009629705390     
   112.000000000000000000000000000000000        0.27364178952278695     
   113.000000000000000000000000000000000        0.26971323643866207     
   114.000000000000000000000000000000000        0.26565049546168418     
   115.000000000000000000000000000000000        0.26145774763670637     
   116.000000000000000000000000000000000        0.25714012305130401     
   117.000000000000000000000000000000000        0.25270384980527955     
   118.000000000000000000000000000000000        0.24815297008175194     
   119.000000000000000000000000000000000        0.24349419105667591     
   120.000000000000000000000000000000000        0.23873273511551907     
   121.000000000000000000000000000000000        0.23387363992555588     
   122.000000000000000000000000000000000        0.22892409697082977     
   123.000000000000000000000000000000000        0.22388906677214615     
   124.000000000000000000000000000000000        0.21877509584747484     
   125.000000000000000000000000000000000        0.21358911543626596     
   126.000000000000000000000000000000000        0.20833658908600655     
   127.000000000000000000000000000000000        0.20302396624797928     
   128.000000000000000000000000000000000        0.19765783738211443     
   129.000000000000000000000000000000000        0.19224509155525030     
   130.000000000000000000000000000000000        0.18679164914098401     
   131.000000000000000000000000000000000        0.18130500495470439     
   132.000000000000000000000000000000000        0.17579098067175275     
   133.000000000000000000000000000000000        0.17025700545181005     
   134.000000000000000000000000000000000        0.16470910410474568     
   135.000000000000000000000000000000000        0.15915491779234076     
   136.000000000000000000000000000000000        0.15360041507193001     
   137.000000000000000000000000000000000        0.14805283023471866     
   138.000000000000000000000000000000000        0.14251819544575881     
   139.000000000000000000000000000000000        0.13700483103621713     
   140.000000000000000000000000000000000        0.13151785527696927     
   141.000000000000000000000000000000000        0.12606474494170467     
   142.000000000000000000000000000000000        0.12065140948443627     
   143.000000000000000000000000000000000        0.11528587095363721     
   144.000000000000000000000000000000000        0.10997316483120846     
   145.000000000000000000000000000000000        0.10472072266577137     
   146.000000000000000000000000000000000         9.9534812575077722E-002
   147.000000000000000000000000000000000         9.4420772421212454E-002
   148.000000000000000000000000000000000         8.9385998214957393E-002
   149.000000000000000000000000000000000         8.4436200545080622E-002
   150.000000000000000000000000000000000         7.9577397714062220E-002
   151.000000000000000000000000000000000         7.4815650870598424E-002
   152.000000000000000000000000000000000         7.0156595478243794E-002
   153.000000000000000000000000000000000         6.5605993751419789E-002
   154.000000000000000000000000000000000         6.1169415189317115E-002
   155.000000000000000000000000000000000         5.6852097713588415E-002
   156.000000000000000000000000000000000         5.2659541784471832E-002
   157.000000000000000000000000000000000         4.8596610861233812E-002
   158.000000000000000000000000000000000         4.4668375742174173E-002
   159.000000000000000000000000000000000         4.0879753098526324E-002
   160.000000000000000000000000000000000         3.7235119857272986E-002
   161.000000000000000000000000000000000         3.3739120183017147E-002
   162.000000000000000000000000000000000         3.0395982620281526E-002
   163.000000000000000000000000000000000         2.7209500562364021E-002
   164.000000000000000000000000000000000         2.4183878419002051E-002
   165.000000000000000000000000000000000         2.1322705888794501E-002
   166.000000000000000000000000000000000         1.8629529089426024E-002
   167.000000000000000000000000000000000         1.6107416035811149E-002
   168.000000000000000000000000000000000         1.3759654561127073E-002
   169.000000000000000000000000000000000         1.1589039372759626E-002
   170.000000000000000000000000000000000         9.5980941291790890E-003
   171.000000000000000000000000000000000         7.7895889777789473E-003
   172.000000000000000000000000000000000         6.1653785876876963E-003
   173.000000000000000000000000000000000         4.7275753922938341E-003
   174.000000000000000000000000000000000         3.4778516402540318E-003
   175.000000000000000000000000000000000         2.4179164395246766E-003
   176.000000000000000000000000000000000         1.5488973242018737E-003
   177.000000000000000000000000000000000         8.7186454636698364E-004
   178.000000000000000000000000000000000         3.8768899050517790E-004
   179.000000000000000000000000000000000         9.6951922642698462E-005
   180.000000000000000000000000000000000         2.3853654242651626E-015
   181.000000000000000000000000000000000         9.6953864975309970E-005
   182.000000000000000000000000000000000         3.8769629359460835E-004
   183.000000000000000000000000000000000         8.7187036390241272E-004
   184.000000000000000000000000000000000         1.5488897970991635E-003
   185.000000000000000000000000000000000         2.4179261039220948E-003
   186.000000000000000000000000000000000         3.4779232433909792E-003
   187.000000000000000000000000000000000         4.7275888564779819E-003
   188.000000000000000000000000000000000         6.1653946778074346E-003
   189.000000000000000000000000000000000         7.7896061761445791E-003
   190.000000000000000000000000000000000         9.5982724185291503E-003
   191.000000000000000000000000000000000         1.1589060221542951E-002
   192.000000000000000000000000000000000         1.3759679753224997E-002
   193.000000000000000000000000000000000         1.6107440433405121E-002
   194.000000000000000000000000000000000         1.8629515826001770E-002
   195.000000000000000000000000000000000         2.1322733716335952E-002
   196.000000000000000000000000000000000         2.4183898506554741E-002
   197.000000000000000000000000000000000         2.7209531684299897E-002
   198.000000000000000000000000000000000         3.0395873103930701E-002
   199.000000000000000000000000000000000         3.3739154447694056E-002
   200.000000000000000000000000000000000         3.7235219399311882E-002
   201.000000000000000000000000000000000         4.0879790339000362E-002
   202.000000000000000000000000000000000         4.4668304761685096E-002
   203.000000000000000000000000000000000         4.8596650896111038E-002
   204.000000000000000000000000000000000         5.2659572791047451E-002
   205.000000000000000000000000000000000         5.6852140347859896E-002
   206.000000000000000000000000000000000         6.1169497261222436E-002
   207.000000000000000000000000000000000         6.5606038777283909E-002
   208.000000000000000000000000000000000         7.0156663842811745E-002
   209.000000000000000000000000000000000         7.4815698068804365E-002
   210.000000000000000000000000000000000         7.9577404936848478E-002
   211.000000000000000000000000000000000         8.4436249685647488E-002
   212.000000000000000000000000000000000         8.9386027702070894E-002
   213.000000000000000000000000000000000         9.4420823264654910E-002
   214.000000000000000000000000000000000         9.9534403818392708E-002
   215.000000000000000000000000000000000        0.10472077496447693     
   216.000000000000000000000000000000000        0.10997317317374082     
   217.000000000000000000000000000000000        0.11528592445275088     
   218.000000000000000000000000000000000        0.12065191984504571     
   219.000000000000000000000000000000000        0.12606479938055901     
   220.000000000000000000000000000000000        0.13151791880357699     
   221.000000000000000000000000000000000        0.13700488614964820     
   222.000000000000000000000000000000000        0.14251875626823418     
   223.000000000000000000000000000000000        0.14805288575417203     
   224.000000000000000000000000000000000        0.15360044092490074     
   225.000000000000000000000000000000000        0.15915497344739851     
   226.000000000000000000000000000000000        0.16470939592397754     
   227.000000000000000000000000000000000        0.17025706097128440     
   228.000000000000000000000000000000000        0.17579131715720372     
   229.000000000000000000000000000000000        0.18130506006812144     
   230.000000000000000000000000000000000        0.18679223643198681     
   231.000000000000000000000000000000000        0.19224514599411627     
   232.000000000000000000000000000000000        0.19765825634951364     
   233.000000000000000000000000000000000        0.20302401974704318     
   234.000000000000000000000000000000000        0.20833682292621397     
   235.000000000000000000000000000000000        0.21358916773496667     
   236.000000000000000000000000000000000        0.21877573730160754     
   237.000000000000000000000000000000000        0.22388911761565641     
   238.000000000000000000000000000000000        0.22892413546411158     
   239.000000000000000000000000000000000        0.23387368906604752     
   240.000000000000000000000000000000000        0.23873261467455914     
   241.000000000000000000000000000000000        0.24349423825494360     
   242.000000000000000000000000000000000        0.24815334352413931     
   243.000000000000000000000000000000000        0.25270389483108119     
   244.000000000000000000000000000000000        0.25714072387636006     
   245.000000000000000000000000000000000        0.26145779027090305     
   246.000000000000000000000000000000000        0.26565048110776757     
   247.000000000000000000000000000000000        0.26971327647357229     
   248.000000000000000000000000000000000        0.27364124218080804     
   249.000000000000000000000000000000000        0.27743013353764800     
   250.000000000000000000000000000000000        0.28107462371269037     
   251.000000000000000000000000000000000        0.28457076570916617     
   252.000000000000000000000000000000000        0.28791379266926659     
   253.000000000000000000000000000000000        0.29110038454417320     
   254.000000000000000000000000000000000        0.29412589531752087     
   255.000000000000000000000000000000000        0.29698717839417488     
   256.000000000000000000000000000000000        0.29968025522277852     
   257.000000000000000000000000000000000        0.30220246738957851     
   258.000000000000000000000000000000000        0.30455039414337681     
   259.000000000000000000000000000000000        0.30672084316540682     
   260.000000000000000000000000000000000        0.30871127018307254     
   261.000000000000000000000000000000000        0.31052029264786440     
   262.000000000000000000000000000000000        0.31214394070743562     
   263.000000000000000000000000000000000        0.31358230529974257     
   264.000000000000000000000000000000000        0.31483171692536993     
   265.000000000000000000000000000000000        0.31589196330250630     
   266.000000000000000000000000000000000        0.31676086586843749     
   267.000000000000000000000000000000000        0.31743801423401752     
   268.000000000000000000000000000000000        0.31792192817837261     
   269.000000000000000000000000000000000        0.31821292588898342     
   270.000000000000000000000000000000000        0.31830973946507241     
   271.000000000000000000000000000000000        0.31821292297546028     
   272.000000000000000000000000000000000        0.31792191756137750     
   273.000000000000000000000000000000000        0.31743800550774254     
   274.000000000000000000000000000000000        0.31676113717287357     
   275.000000000000000000000000000000000        0.31589194880609284     
   276.000000000000000000000000000000000        0.31483221157881758     
   277.000000000000000000000000000000000        0.31358228510351671     
   278.000000000000000000000000000000000        0.31214462541934523     
   279.000000000000000000000000000000000        0.31052026685027656     
   280.000000000000000000000000000000000        0.30871190539644972     
   281.000000000000000000000000000000000        0.30672081189232714     
   282.000000000000000000000000000000000        0.30455060306232817     
   283.000000000000000000000000000000000        0.30220243079320219     
   284.000000000000000000000000000000000        0.29968059360816857     
   285.000000000000000000000000000000000        0.29698713665281834     
   286.000000000000000000000000000000000        0.29412610831099273     
   287.000000000000000000000000000000000        0.29110033786123957     
   288.000000000000000000000000000000000        0.28791420408566526     
   289.000000000000000000000000000000000        0.28457071431203690     
   290.000000000000000000000000000000000        0.28107458996098628     
   291.000000000000000000000000000000000        0.27743007767685057     
   292.000000000000000000000000000000000        0.27364150430639389     
   293.000000000000000000000000000000000        0.26971321642121193     
   294.000000000000000000000000000000000        0.26565067559138433     
   295.000000000000000000000000000000000        0.26145772631951752     
   296.000000000000000000000000000000000        0.25714052548061178     
   297.000000000000000000000000000000000        0.25270382729228497     
   298.000000000000000000000000000000000        0.24815350092802063     
   299.000000000000000000000000000000000        0.24349416745777880     
   300.000000000000000000000000000000000        0.23873280293313195     
   301.000000000000000000000000000000000        0.23387361535524298     
   302.000000000000000000000000000000000        0.22892408282150228     
   303.000000000000000000000000000000000        0.22388904135048998     
   304.000000000000000000000000000000000        0.21877582458745443     
   305.000000000000000000000000000000000        0.21358908928686840     
   306.000000000000000000000000000000000        0.20833669262022181     
   307.000000000000000000000000000000000        0.20302393949853995     
   308.000000000000000000000000000000000        0.19765784345549531     
   309.000000000000000000000000000000000        0.19224506433567604     
   310.000000000000000000000000000000000        0.18679182357105192     
   311.000000000000000000000000000000000        0.18130497739798740     
   312.000000000000000000000000000000000        0.17579118303656796     
   313.000000000000000000000000000000000        0.17025697769198586     
   314.000000000000000000000000000000000        0.16470927483841308     
   315.000000000000000000000000000000000        0.15915488996487570     
   316.000000000000000000000000000000000        0.15360006130496812     
   317.000000000000000000000000000000000        0.14805280247489672     
   318.000000000000000000000000000000000        0.14251854058692601     
   319.000000000000000000000000000000000        0.13700480347954891     
   320.000000000000000000000000000000000        0.13151754517181638     
   321.000000000000000000000000000000000        0.12606471772225047     
   322.000000000000000000000000000000000        0.12065174272955481     
   323.000000000000000000000000000000000        0.11528584420415165     
   324.000000000000000000000000000000000        0.10997320057007336     
   325.000000000000000000000000000000000        0.10472069651642704     
   326.000000000000000000000000000000000         9.9534391783427933E-002
   327.000000000000000000000000000000000         9.4420746999541644E-002
   328.000000000000000000000000000000000         8.9385829158568200E-002
   329.000000000000000000000000000000000         8.4436175974824737E-002
   330.000000000000000000000000000000000         7.9577395127955156E-002
   331.000000000000000000000000000000000         7.4815627271545546E-002
   332.000000000000000000000000000000000         7.0156845898987186E-002
   333.000000000000000000000000000000000         6.5605971238408237E-002
   334.000000000000000000000000000000000         6.1169322026398340E-002
   335.000000000000000000000000000000000         5.6852076396503672E-002
   336.000000000000000000000000000000000         5.2659357913715545E-002
   337.000000000000000000000000000000000         4.8596590843724245E-002
   338.000000000000000000000000000000000         4.4668370404746430E-002
   339.000000000000000000000000000000000         4.0879734478294509E-002
   340.000000000000000000000000000000000         3.7235120917032551E-002
   341.000000000000000000000000000000000         3.3739103050658803E-002
   342.000000000000000000000000000000000         3.0395822756618035E-002
   343.000000000000000000000000000000000         2.7209485001433675E-002
   344.000000000000000000000000000000000         2.4183622018364482E-002
   345.000000000000000000000000000000000         2.1322691975041136E-002
   346.000000000000000000000000000000000         1.8629419734021872E-002
   347.000000000000000000000000000000000         1.6107403837050623E-002
   348.000000000000000000000000000000000         1.3759637236773870E-002
   349.000000000000000000000000000000000         1.1589028948399395E-002
   350.000000000000000000000000000000000         9.5981981052077787E-003
   351.000000000000000000000000000000000         7.7895803786063927E-003
   352.000000000000000000000000000000000         6.1654576162341237E-003
   353.000000000000000000000000000000000         4.7275686602052435E-003
   354.000000000000000000000000000000000         3.4779045015449804E-003
   355.000000000000000000000000000000000         2.4179116073325025E-003
   356.000000000000000000000000000000000         1.5488755207329452E-003
   357.000000000000000000000000000000000         8.7186163760101434E-004
   358.000000000000000000000000000000000         3.8769061010312595E-004
   359.000000000000000000000000000000000         9.6950951482349817E-005
   360.000000000000000000000000000000000         3.3098757708686425E-013
