   1.00000000000000000000000000000000000         9.6952893807233484E-005
   2.00000000000000000000000000000000000         3.8769345305396136E-004
   3.00000000000000000000000000000000000         8.7186745512909112E-004
   4.00000000000000000000000000000000000         1.5488766631586374E-003
   5.00000000000000000000000000000000000         2.4179212717238977E-003
   6.00000000000000000000000000000000000         3.4779172731634785E-003
   7.00000000000000000000000000000000000         4.7275821243763817E-003
   8.00000000000000000000000000000000000         6.1654349451996451E-003
   9.00000000000000000000000000000000000         7.7895975769639789E-003
   10.0000000000000000000000000000000000         9.5982170273564947E-003
   11.0000000000000000000000000000000000         1.1589049797138130E-002
   12.0000000000000000000000000000000000         1.3759606164341296E-002
   13.0000000000000000000000000000000000         1.6107428234622731E-002
   14.0000000000000000000000000000000000         1.8629468846336327E-002
   15.0000000000000000000000000000000000         2.1322719802568217E-002
   16.0000000000000000000000000000000000         2.4183813106918868E-002
   17.0000000000000000000000000000000000         2.7209516123326085E-002
   18.0000000000000000000000000000000000         3.0395874753191499E-002
   19.0000000000000000000000000000000000         3.3739137315353898E-002
   20.0000000000000000000000000000000000         3.7235290827719827E-002
   21.0000000000000000000000000000000000         4.0879771718794089E-002
   22.0000000000000000000000000000000000         4.4668463377564180E-002
   23.0000000000000000000000000000000000         4.8596630878636991E-002
   24.0000000000000000000000000000000000         5.2659446529491012E-002
   25.0000000000000000000000000000000000         5.6852119030710156E-002
   26.0000000000000000000000000000000000         6.1169409285615255E-002
   27.0000000000000000000000000000000000         6.5606016264329103E-002
   28.0000000000000000000000000000000000         7.0156615287268728E-002
   29.0000000000000000000000000000000000         7.4815674469707938E-002
   30.0000000000000000000000000000000000         7.9577519526281906E-002
   31.0000000000000000000000000000000000         8.4436225115314956E-002
   32.0000000000000000000000000000000000         8.9385767769690511E-002
   33.0000000000000000000000000000000000         9.4420797842928755E-002
   34.0000000000000000000000000000000000         9.9534457015507088E-002
   35.0000000000000000000000000000000000        0.10472074881508238     
   36.0000000000000000000000000000000000        0.10997366700027199     
   37.0000000000000000000000000000000000        0.11528589770322868     
   38.0000000000000000000000000000000000        0.12065188639016644     
   39.0000000000000000000000000000000000        0.12606477216111397     
   40.0000000000000000000000000000000000        0.13151782897575859     
   41.0000000000000000000000000000000000        0.13700485859298489     
   42.0000000000000000000000000000000000        0.14251864102508541     
   43.0000000000000000000000000000000000        0.14805285799439005     
   44.0000000000000000000000000000000000        0.15360069559431266     
   45.0000000000000000000000000000000000        0.15915494561988791     
   46.0000000000000000000000000000000000        0.16470941615776172     
   47.0000000000000000000000000000000000        0.17025703321148833     
   48.0000000000000000000000000000000000        0.17579107353492365     
   49.0000000000000000000000000000000000        0.18130503251143348     
   50.0000000000000000000000000000000000        0.18679197174579526     
   51.0000000000000000000000000000000000        0.19224511877459360     
   52.0000000000000000000000000000000000        0.19765822077910769     
   53.0000000000000000000000000000000000        0.20302399299753396     
   54.0000000000000000000000000000000000        0.20833640062182809     
   55.0000000000000000000000000000000000        0.21358914158559403     
   56.0000000000000000000000000000000000        0.21877553903282232     
   57.0000000000000000000000000000000000        0.22388909219393527     
   58.0000000000000000000000000000000000        0.22892391220652561     
   59.0000000000000000000000000000000000        0.23387366449577365     
   60.0000000000000000000000000000000000        0.23873209901149450     
   61.0000000000000000000000000000000000        0.24349421465588736     
   62.0000000000000000000000000000000000        0.24815320997112697     
   63.0000000000000000000000000000000000        0.25270387231812780     
   64.0000000000000000000000000000000000        0.25714047741030133     
   65.0000000000000000000000000000000000        0.26145776895387485     
   66.0000000000000000000000000000000000        0.26565031860396982     
   67.0000000000000000000000000000000000        0.26971325645610811     
   68.0000000000000000000000000000000000        0.27364152962880967     
   69.0000000000000000000000000000000000        0.27743011491736574     
   70.0000000000000000000000000000000000        0.28107489552689013     
   71.0000000000000000000000000000000000        0.28457074857678899     
   72.0000000000000000000000000000000000        0.28791393489928729     
   73.0000000000000000000000000000000000        0.29110036898315234     
   74.0000000000000000000000000000000000        0.29412577928271827     
   75.0000000000000000000000000000000000        0.29698716448037765     
   76.0000000000000000000000000000000000        0.29968023723746201     
   77.0000000000000000000000000000000000        0.30220245519078270     
   78.0000000000000000000000000000000000        0.30455005912973354     
   79.0000000000000000000000000000000000        0.30672083274108469     
   80.0000000000000000000000000000000000        0.30871197278231927     
   81.0000000000000000000000000000000000        0.31052028404866150     
   82.0000000000000000000000000000000000        0.31214452068243492     
   83.0000000000000000000000000000000000        0.31358229856772712     
   84.0000000000000000000000000000000000        0.31483165129813090     
   85.0000000000000000000000000000000000        0.31589195847037610     
   86.0000000000000000000000000000000000        0.31676111294176423     
   87.0000000000000000000000000000000000        0.31743801132529403     
   88.0000000000000000000000000000000000        0.31792218257399768     
   89.0000000000000000000000000000000000        0.31821292491783004     
   90.0000000000000000000000000000000000        0.31830976424678614     
   91.0000000000000000000000000000000000        0.31821292394662698     
   92.0000000000000000000000000000000000        0.31792219695597207     
   93.0000000000000000000000000000000000        0.31743800841645847     
   94.0000000000000000000000000000000000        0.31676103841340014     
   95.0000000000000000000000000000000000        0.31589195363823525     
   96.0000000000000000000000000000000000        0.31483193585674674     
   97.0000000000000000000000000000000000        0.31358229183561914     
   98.0000000000000000000000000000000000        0.31214440990908132     
   99.0000000000000000000000000000000000        0.31052027544938521     
   100.000000000000000000000000000000000        0.30871138905491263     
   101.000000000000000000000000000000000        0.30672082231670650     
   102.000000000000000000000000000000000        0.30455030917093145     
   103.000000000000000000000000000000000        0.30220244299202348     
   104.000000000000000000000000000000000        0.29968029579313282     
   105.000000000000000000000000000000000        0.29698715056659269     
   106.000000000000000000000000000000000        0.29412580137459410     
   107.000000000000000000000000000000000        0.29110035342218066     
   108.000000000000000000000000000000000        0.28791403569417939     
   109.000000000000000000000000000000000        0.28457073144450451     
   110.000000000000000000000000000000000        0.28107479004387176     
   111.000000000000000000000000000000000        0.27743009629707671     
   112.000000000000000000000000000000000        0.27364161396583403     
   113.000000000000000000000000000000000        0.26971323643864908     
   114.000000000000000000000000000000000        0.26565043590417836     
   115.000000000000000000000000000000000        0.26145774763671908     
   116.000000000000000000000000000000000        0.25714029157633511     
   117.000000000000000000000000000000000        0.25270384980524874     
   118.000000000000000000000000000000000        0.24815309248756334     
   119.000000000000000000000000000000000        0.24349419105671896     
   120.000000000000000000000000000000000        0.23873257701799330     
   121.000000000000000000000000000000000        0.23387363992555113     
   122.000000000000000000000000000000000        0.22892398535820538     
   123.000000000000000000000000000000000        0.22388906677218309     
   124.000000000000000000000000000000000        0.21877524070146459     
   125.000000000000000000000000000000000        0.21358911543626150     
   126.000000000000000000000000000000000        0.20833654847144079     
   127.000000000000000000000000000000000        0.20302396624799177     
   128.000000000000000000000000000000000        0.19765790488728432     
   129.000000000000000000000000000000000        0.19224509155521016     
   130.000000000000000000000000000000000        0.18679175730505093     
   131.000000000000000000000000000000000        0.18130500495469290     
   132.000000000000000000000000000000000        0.17579105385263774     
   133.000000000000000000000000000000000        0.17025700545177239     
   134.000000000000000000000000000000000        0.16470921517873705     
   135.000000000000000000000000000000000        0.15915491779234811     
   136.000000000000000000000000000000000        0.15360044977063275     
   137.000000000000000000000000000000000        0.14805283023469060     
   138.000000000000000000000000000000000        0.14251842616959062     
   139.000000000000000000000000000000000        0.13700483103623573     
   140.000000000000000000000000000000000        0.13151789996497992     
   141.000000000000000000000000000000000        0.12606474494169820     
   142.000000000000000000000000000000000        0.12065161375758787     
   143.000000000000000000000000000000000        0.11528587095366349     
   144.000000000000000000000000000000000        0.10997324400900066     
   145.000000000000000000000000000000000        0.10472072266576547     
   146.000000000000000000000000000000000         9.9534635566647781E-002
   147.000000000000000000000000000000000         9.4420772421212454E-002
   148.000000000000000000000000000000000         8.9385992182161630E-002
   149.000000000000000000000000000000000         8.4436200545080622E-002
   150.000000000000000000000000000000000         7.9577421454740865E-002
   151.000000000000000000000000000000000         7.4815650870605890E-002
   152.000000000000000000000000000000000         7.0156600753282644E-002
   153.000000000000000000000000000000000         6.5605993751397640E-002
   154.000000000000000000000000000000000         6.1169387719358481E-002
   155.000000000000000000000000000000000         5.6852097713589525E-002
   156.000000000000000000000000000000000         5.2659513380856546E-002
   157.000000000000000000000000000000000         4.8596610861215229E-002
   158.000000000000000000000000000000000         4.4668405295373345E-002
   159.000000000000000000000000000000000         4.0879753098528621E-002
   160.000000000000000000000000000000000         3.7235141300853779E-002
   161.000000000000000000000000000000000         3.3739120183015066E-002
   162.000000000000000000000000000000000         3.0395932501073687E-002
   163.000000000000000000000000000000000         2.7209500562366620E-002
   164.000000000000000000000000000000000         2.4183880299193109E-002
   165.000000000000000000000000000000000         2.1322705888798511E-002
   166.000000000000000000000000000000000         1.8629495709577143E-002
   167.000000000000000000000000000000000         1.6107416035817477E-002
   168.000000000000000000000000000000000         1.3759655602707735E-002
   169.000000000000000000000000000000000         1.1589039372763692E-002
   170.000000000000000000000000000000000         9.5981467020336639E-003
   171.000000000000000000000000000000000         7.7895889777790253E-003
   172.000000000000000000000000000000000         6.1653815773495711E-003
   173.000000000000000000000000000000000         4.7275753922913491E-003
   174.000000000000000000000000000000000         3.4778792952815433E-003
   175.000000000000000000000000000000000         2.4179164395247707E-003
   176.000000000000000000000000000000000         1.5488898665803673E-003
   177.000000000000000000000000000000000         8.7186454636574407E-004
   178.000000000000000000000000000000000         3.8769015204738136E-004
   179.000000000000000000000000000000000         9.6951922642307404E-005
   180.000000000000000000000000000000000         2.4071411534100612E-015
   181.000000000000000000000000000000000         9.6953864975531947E-005
   182.000000000000000000000000000000000         3.8769587926908242E-004
   183.000000000000000000000000000000000         8.7187036390280693E-004
   184.000000000000000000000000000000000         1.5488893752684534E-003
   185.000000000000000000000000000000000         2.4179261039240793E-003
   186.000000000000000000000000000000000         3.4779232433852746E-003
   187.000000000000000000000000000000000         4.7275888564736425E-003
   188.000000000000000000000000000000000         6.1653973221925855E-003
   189.000000000000000000000000000000000         7.7896061761432121E-003
   190.000000000000000000000000000000000         9.5982516271627648E-003
   191.000000000000000000000000000000000         1.1589060221534579E-002
   192.000000000000000000000000000000000         1.3759679617718028E-002
   193.000000000000000000000000000000000         1.6107440433403571E-002
   194.000000000000000000000000000000000         1.8629500592995719E-002
   195.000000000000000000000000000000000         2.1322733716337080E-002
   196.000000000000000000000000000000000         2.4183904719450842E-002
   197.000000000000000000000000000000000         2.7209531684295244E-002
   198.000000000000000000000000000000000         3.0395888506236785E-002
   199.000000000000000000000000000000000         3.3739154447694646E-002
   200.000000000000000000000000000000000         3.7235211466787627E-002
   201.000000000000000000000000000000000         4.0879790339019492E-002
   202.000000000000000000000000000000000         4.4668384823968454E-002
   203.000000000000000000000000000000000         4.8596650896106236E-002
   204.000000000000000000000000000000000         5.2659549156885976E-002
   205.000000000000000000000000000000000         5.6852140347854220E-002
   206.000000000000000000000000000000000         6.1169452186543273E-002
   207.000000000000000000000000000000000         6.5606038777276970E-002
   208.000000000000000000000000000000000         7.0156658879632808E-002
   209.000000000000000000000000000000000         7.4815698068798078E-002
   210.000000000000000000000000000000000         7.9577447554068981E-002
   211.000000000000000000000000000000000         8.4436249685621134E-002
   212.000000000000000000000000000000000         8.9386031129371837E-002
   213.000000000000000000000000000000000         9.4420823264652010E-002
   214.000000000000000000000000000000000         9.9534438885622536E-002
   215.000000000000000000000000000000000        0.10472077496444908     
   216.000000000000000000000000000000000        0.10997327289233162     
   217.000000000000000000000000000000000        0.11528592445276463     
   218.000000000000000000000000000000000        0.12065191388562342     
   219.000000000000000000000000000000000        0.12606479938056081     
   220.000000000000000000000000000000000        0.13151795947586223     
   221.000000000000000000000000000000000        0.13700488614966988     
   222.000000000000000000000000000000000        0.14251875413415377     
   223.000000000000000000000000000000000        0.14805288575416353     
   224.000000000000000000000000000000000        0.15360048933703924     
   225.000000000000000000000000000000000        0.15915497344741092     
   226.000000000000000000000000000000000        0.16470939818764549     
   227.000000000000000000000000000000000        0.17025706097125654     
   228.000000000000000000000000000000000        0.17579126082634025     
   229.000000000000000000000000000000000        0.18130506006811911     
   230.000000000000000000000000000000000        0.18679209929559468     
   231.000000000000000000000000000000000        0.19224514599407874     
   232.000000000000000000000000000000000        0.19765815572448983     
   233.000000000000000000000000000000000        0.20302401974706530     
   234.000000000000000000000000000000000        0.20833669897148521     
   235.000000000000000000000000000000000        0.21358916773494194     
   236.000000000000000000000000000000000        0.21877561042619081     
   237.000000000000000000000000000000000        0.22388911761565800     
   238.000000000000000000000000000000000        0.22892402916267532     
   239.000000000000000000000000000000000        0.23387368906605033     
   240.000000000000000000000000000000000        0.23873253426499011     
   241.000000000000000000000000000000000        0.24349423825494296     
   242.000000000000000000000000000000000        0.24815331515028102     
   243.000000000000000000000000000000000        0.25270389483109496     
   244.000000000000000000000000000000000        0.25714063582052687     
   245.000000000000000000000000000000000        0.26145779027094029     
   246.000000000000000000000000000000000        0.26565044721612185     
   247.000000000000000000000000000000000        0.26971327647355814     
   248.000000000000000000000000000000000        0.27364133658042533     
   249.000000000000000000000000000000000        0.27743013353762885     
   250.000000000000000000000000000000000        0.28107466800714170     
   251.000000000000000000000000000000000        0.28457076570916617     
   252.000000000000000000000000000000000        0.28791389356153535     
   253.000000000000000000000000000000000        0.29110038454414866     
   254.000000000000000000000000000000000        0.29412594455495694     
   255.000000000000000000000000000000000        0.29698717839413519     
   256.000000000000000000000000000000000        0.29968033446083769     
   257.000000000000000000000000000000000        0.30220246738957851     
   258.000000000000000000000000000000000        0.30455031675921168     
   259.000000000000000000000000000000000        0.30672084316541692     
   260.000000000000000000000000000000000        0.30871145613453205     
   261.000000000000000000000000000000000        0.31052029264784414     
   262.000000000000000000000000000000000        0.31214419655487607     
   263.000000000000000000000000000000000        0.31358230529975278     
   264.000000000000000000000000000000000        0.31483183284084976     
   265.000000000000000000000000000000000        0.31589196330254210     
   266.000000000000000000000000000000000        0.31676092679639833     
   267.000000000000000000000000000000000        0.31743801423402263     
   268.000000000000000000000000000000000        0.31792204731160217     
   269.000000000000000000000000000000000        0.31821292588896805     
   270.000000000000000000000000000000000        0.31830980297403805     
   271.000000000000000000000000000000000        0.31821292297545511     
   272.000000000000000000000000000000000        0.31792203890286796     
   273.000000000000000000000000000000000        0.31743800550773227     
   274.000000000000000000000000000000000        0.31676106776553298     
   275.000000000000000000000000000000000        0.31589194880604166     
   276.000000000000000000000000000000000        0.31483209162431058     
   277.000000000000000000000000000000000        0.31358228510350655     
   278.000000000000000000000000000000000        0.31214455523722223     
   279.000000000000000000000000000000000        0.31052026685027656     
   280.000000000000000000000000000000000        0.30871178556803508     
   281.000000000000000000000000000000000        0.30672081189231198     
   282.000000000000000000000000000000000        0.30455041379218128     
   283.000000000000000000000000000000000        0.30220243079320719     
   284.000000000000000000000000000000000        0.29968049890575238     
   285.000000000000000000000000000000000        0.29698713665280346     
   286.000000000000000000000000000000000        0.29412603904805545     
   287.000000000000000000000000000000000        0.29110033786123957     
   288.000000000000000000000000000000000        0.28791409284381991     
   289.000000000000000000000000000000000        0.28457071431208547     
   290.000000000000000000000000000000000        0.28107462508347120     
   291.000000000000000000000000000000000        0.27743007767684574     
   292.000000000000000000000000000000000        0.27364145123616912     
   293.000000000000000000000000000000000        0.26971321642119778     
   294.000000000000000000000000000000000        0.26565052352606738     
   295.000000000000000000000000000000000        0.26145772631955477     
   296.000000000000000000000000000000000        0.25714049851504506     
   297.000000000000000000000000000000000        0.25270382729227581     
   298.000000000000000000000000000000000        0.24815336815888422     
   299.000000000000000000000000000000000        0.24349416745773161     
   300.000000000000000000000000000000000        0.23873260249181605     
   301.000000000000000000000000000000000        0.23387361535526499     
   302.000000000000000000000000000000000        0.22892396620508107     
   303.000000000000000000000000000000000        0.22388904135049645     
   304.000000000000000000000000000000000        0.21877562184377550     
   305.000000000000000000000000000000000        0.21358908928689574     
   306.000000000000000000000000000000000        0.20833659211810740     
   307.000000000000000000000000000000000        0.20302393949850303     
   308.000000000000000000000000000000000        0.19765789572418341     
   309.000000000000000000000000000000000        0.19224506433569999     
   310.000000000000000000000000000000000        0.18679183875504174     
   311.000000000000000000000000000000000        0.18130497739797383     
   312.000000000000000000000000000000000        0.17579115024401928     
   313.000000000000000000000000000000000        0.17025697769198400     
   314.000000000000000000000000000000000        0.16470929444822055     
   315.000000000000000000000000000000000        0.15915488996485028     
   316.000000000000000000000000000000000        0.15360024616328849     
   317.000000000000000000000000000000000        0.14805280247490371     
   318.000000000000000000000000000000000        0.14251859956404417     
   319.000000000000000000000000000000000        0.13700480347954386     
   320.000000000000000000000000000000000        0.13151772009252380     
   321.000000000000000000000000000000000        0.12606471772225372     
   322.000000000000000000000000000000000        0.12065178104675640     
   323.000000000000000000000000000000000        0.11528584420415165     
   324.000000000000000000000000000000000        0.10997325109190630     
   325.000000000000000000000000000000000        0.10472069651642998     
   326.000000000000000000000000000000000         9.9534396736965042E-002
   327.000000000000000000000000000000000         9.4420746999520674E-002
   328.000000000000000000000000000000000         8.9385889483647854E-002
   329.000000000000000000000000000000000         8.4436175974827388E-002
   330.000000000000000000000000000000000         7.9577408958040816E-002
   331.000000000000000000000000000000000         7.4815627271538065E-002
   332.000000000000000000000000000000000         7.0156725183816340E-002
   333.000000000000000000000000000000000         6.5605971238417563E-002
   334.000000000000000000000000000000000         6.1169327372348647E-002
   335.000000000000000000000000000000000         5.6852076396486310E-002
   336.000000000000000000000000000000000         5.2659404687910277E-002
   337.000000000000000000000000000000000         4.8596590843734279E-002
   338.000000000000000000000000000000000         4.4668393511643700E-002
   339.000000000000000000000000000000000         4.0879734478288070E-002
   340.000000000000000000000000000000000         3.7235133632246072E-002
   341.000000000000000000000000000000000         3.3739103050667581E-002
   342.000000000000000000000000000000000         3.0395838747423402E-002
   343.000000000000000000000000000000000         2.7209485001425039E-002
   344.000000000000000000000000000000000         2.4183735222290045E-002
   345.000000000000000000000000000000000         2.1322691975041802E-002
   346.000000000000000000000000000000000         1.8629430713044140E-002
   347.000000000000000000000000000000000         1.6107403837046869E-002
   348.000000000000000000000000000000000         1.3759641045108718E-002
   349.000000000000000000000000000000000         1.1589028948398538E-002
   350.000000000000000000000000000000000         9.5981983945784312E-003
   351.000000000000000000000000000000000         7.7895803786054889E-003
   352.000000000000000000000000000000000         6.1654206659130439E-003
   353.000000000000000000000000000000000         4.7275686602054777E-003
   354.000000000000000000000000000000000         3.4779051395008496E-003
   355.000000000000000000000000000000000         2.4179116073318589E-003
   356.000000000000000000000000000000000         1.5488763233005084E-003
   357.000000000000000000000000000000000         8.7186163760155188E-004
   358.000000000000000000000000000000000         3.8769013130463448E-004
   359.000000000000000000000000000000000         9.6950951482250368E-005
   360.000000000000000000000000000000000         7.0139521960400889E-014
