   1.00000000000000000000000000000000000         9.6952893807806132E-005
   2.00000000000000000000000000000000000         3.8769345305503906E-004
   3.00000000000000000000000000000000000         8.7186745512753204E-004
   4.00000000000000000000000000000000000         1.5488716211494598E-003
   5.00000000000000000000000000000000000         2.4179212717246024E-003
   6.00000000000000000000000000000000000         3.4779171616688390E-003
   7.00000000000000000000000000000000000         4.7275821243760877E-003
   8.00000000000000000000000000000000000         6.1654604395631387E-003
   9.00000000000000000000000000000000000         7.7895975769681170E-003
   10.0000000000000000000000000000000000         9.5982165795825032E-003
   11.0000000000000000000000000000000000         1.1589049797133693E-002
   12.0000000000000000000000000000000000         1.3759568720422149E-002
   13.0000000000000000000000000000000000         1.6107428234630516E-002
   14.0000000000000000000000000000000000         1.8629468333600879E-002
   15.0000000000000000000000000000000000         2.1322719802567017E-002
   16.0000000000000000000000000000000000         2.4183762272516139E-002
   17.0000000000000000000000000000000000         2.7209516123326092E-002
   18.0000000000000000000000000000000000         3.0395865431867390E-002
   19.0000000000000000000000000000000000         3.3739137315353891E-002
   20.0000000000000000000000000000000000         3.7235355192680682E-002
   21.0000000000000000000000000000000000         4.0879771718800938E-002
   22.0000000000000000000000000000000000         4.4668465886476764E-002
   23.0000000000000000000000000000000000         4.8596630878630601E-002
   24.0000000000000000000000000000000000         5.2659413736395648E-002
   25.0000000000000000000000000000000000         5.6852119030707075E-002
   26.0000000000000000000000000000000000         6.1169428496793264E-002
   27.0000000000000000000000000000000000         6.5606016264333655E-002
   28.0000000000000000000000000000000000         7.0156606398926555E-002
   29.0000000000000000000000000000000000         7.4815674469713614E-002
   30.0000000000000000000000000000000000         7.9577547425629891E-002
   31.0000000000000000000000000000000000         8.4436225115301439E-002
   32.0000000000000000000000000000000000         8.9385621343468044E-002
   33.0000000000000000000000000000000000         9.4420797842930185E-002
   34.0000000000000000000000000000000000         9.9534458753574195E-002
   35.0000000000000000000000000000000000        0.10472074881507774     
   36.0000000000000000000000000000000000        0.10997385056426805     
   37.0000000000000000000000000000000000        0.11528589770322585     
   38.0000000000000000000000000000000000        0.12065189030659597     
   39.0000000000000000000000000000000000        0.12606477216110437     
   40.0000000000000000000000000000000000        0.13151773792083110     
   41.0000000000000000000000000000000000        0.13700485859299252     
   42.0000000000000000000000000000000000        0.14251859091820826     
   43.0000000000000000000000000000000000        0.14805285799437842     
   44.0000000000000000000000000000000000        0.15360080276762075     
   45.0000000000000000000000000000000000        0.15915494561988838     
   46.0000000000000000000000000000000000        0.16470944221580561     
   47.0000000000000000000000000000000000        0.17025703321149313     
   48.0000000000000000000000000000000000        0.17579101694384744     
   49.0000000000000000000000000000000000        0.18130503251145727     
   50.0000000000000000000000000000000000        0.18679200824038483     
   51.0000000000000000000000000000000000        0.19224511877458747     
   52.0000000000000000000000000000000000        0.19765834756983691     
   53.0000000000000000000000000000000000        0.20302399299752721     
   54.0000000000000000000000000000000000        0.20833632403380375     
   55.0000000000000000000000000000000000        0.21358914158559655     
   56.0000000000000000000000000000000000        0.21877560122870940     
   57.0000000000000000000000000000000000        0.22388909219393269     
   58.0000000000000000000000000000000000        0.22892393184526713     
   59.0000000000000000000000000000000000        0.23387366449575456     
   60.0000000000000000000000000000000000        0.23873190748101730     
   61.0000000000000000000000000000000000        0.24349421465590845     
   62.0000000000000000000000000000000000        0.24815318043287041     
   63.0000000000000000000000000000000000        0.25270387231810226     
   64.0000000000000000000000000000000000        0.25714045723590989     
   65.0000000000000000000000000000000000        0.26145776895388767     
   66.0000000000000000000000000000000000        0.26565027736703423     
   67.0000000000000000000000000000000000        0.26971325645611516     
   68.0000000000000000000000000000000000        0.27364159117066444     
   69.0000000000000000000000000000000000        0.27743011491737557     
   70.0000000000000000000000000000000000        0.28107501246339067     
   71.0000000000000000000000000000000000        0.28457074857676201     
   72.0000000000000000000000000000000000        0.28791389839346332     
   73.0000000000000000000000000000000000        0.29110036898314839     
   74.0000000000000000000000000000000000        0.29412565351354286     
   75.0000000000000000000000000000000000        0.29698716448040618     
   76.0000000000000000000000000000000000        0.29968013034489799     
   77.0000000000000000000000000000000000        0.30220245519077854     
   78.0000000000000000000000000000000000        0.30454996505198800     
   79.0000000000000000000000000000000000        0.30672083274109957     
   80.0000000000000000000000000000000000        0.30871215914728062     
   81.0000000000000000000000000000000000        0.31052028404867527     
   82.0000000000000000000000000000000000        0.31214454017830101     
   83.0000000000000000000000000000000000        0.31358229856775299     
   84.0000000000000000000000000000000000        0.31483146312263793     
   85.0000000000000000000000000000000000        0.31589195847037177     
   86.0000000000000000000000000000000000        0.31676118464904934     
   87.0000000000000000000000000000000000        0.31743801132530930     
   88.0000000000000000000000000000000000        0.31792218120281956     
   89.0000000000000000000000000000000000        0.31821292491785830     
   90.0000000000000000000000000000000000        0.31830969592809766     
   91.0000000000000000000000000000000000        0.31821292394662787     
   92.0000000000000000000000000000000000        0.31792220544668215     
   93.0000000000000000000000000000000000        0.31743800841643949     
   94.0000000000000000000000000000000000        0.31676106743296639     
   95.0000000000000000000000000000000000        0.31589195363826145     
   96.0000000000000000000000000000000000        0.31483192309751873     
   97.0000000000000000000000000000000000        0.31358229183563990     
   98.0000000000000000000000000000000000        0.31214436711352717     
   99.0000000000000000000000000000000000        0.31052027544933597     
   100.000000000000000000000000000000000        0.30871122850141636     
   101.000000000000000000000000000000000        0.30672082231672687     
   102.000000000000000000000000000000000        0.30455037299797982     
   103.000000000000000000000000000000000        0.30220244299203153     
   104.000000000000000000000000000000000        0.29968023217091305     
   105.000000000000000000000000000000000        0.29698715056661618     
   106.000000000000000000000000000000000        0.29412569786183340     
   107.000000000000000000000000000000000        0.29110035342216434     
   108.000000000000000000000000000000000        0.28791406996739050     
   109.000000000000000000000000000000000        0.28457073144451706     
   110.000000000000000000000000000000000        0.28107485405787280     
   111.000000000000000000000000000000000        0.27743009629706095     
   112.000000000000000000000000000000000        0.27364173814025833     
   113.000000000000000000000000000000000        0.26971323643865797     
   114.000000000000000000000000000000000        0.26565047803021841     
   115.000000000000000000000000000000000        0.26145774763671048     
   116.000000000000000000000000000000000        0.25714017237569764     
   117.000000000000000000000000000000000        0.25270384980527016     
   118.000000000000000000000000000000000        0.24815300590783995     
   119.000000000000000000000000000000000        0.24349419105668879     
   120.000000000000000000000000000000000        0.23873268884306709     
   121.000000000000000000000000000000000        0.23387363992555427     
   122.000000000000000000000000000000000        0.22892406430371740     
   123.000000000000000000000000000000000        0.22388906677215717     
   124.000000000000000000000000000000000        0.21877513824375958     
   125.000000000000000000000000000000000        0.21358911543626447     
   126.000000000000000000000000000000000        0.20833657719881615     
   127.000000000000000000000000000000000        0.20302396624798308     
   128.000000000000000000000000000000000        0.19765785713972395     
   129.000000000000000000000000000000000        0.19224509155523842     
   130.000000000000000000000000000000000        0.18679168079875644     
   131.000000000000000000000000000000000        0.18130500495470112     
   132.000000000000000000000000000000000        0.17579100209054677     
   133.000000000000000000000000000000000        0.17025700545179895     
   134.000000000000000000000000000000000        0.16470913661420269     
   135.000000000000000000000000000000000        0.15915491779234298     
   136.000000000000000000000000000000000        0.15360042522764747     
   137.000000000000000000000000000000000        0.14805283023471041     
   138.000000000000000000000000000000000        0.14251826297466585     
   139.000000000000000000000000000000000        0.13700483103622260     
   140.000000000000000000000000000000000        0.13151786835638624     
   141.000000000000000000000000000000000        0.12606474494170278     
   142.000000000000000000000000000000000        0.12065146927168226     
   143.000000000000000000000000000000000        0.11528587095364491     
   144.000000000000000000000000000000000        0.10997318800519347     
   145.000000000000000000000000000000000        0.10472072266576965     
   146.000000000000000000000000000000000         9.9534760767716085E-002
   147.000000000000000000000000000000000         9.4420772421212454E-002
   148.000000000000000000000000000000000         8.9385996449261054E-002
   149.000000000000000000000000000000000         8.4436200545080622E-002
   150.000000000000000000000000000000000         7.9577404662553169E-002
   151.000000000000000000000000000000000         7.4815650870600617E-002
   152.000000000000000000000000000000000         7.0156597022157582E-002
   153.000000000000000000000000000000000         6.5605993751413308E-002
   154.000000000000000000000000000000000         6.1169407149328579E-002
   155.000000000000000000000000000000000         5.6852097713588838E-002
   156.000000000000000000000000000000000         5.2659533471217781E-002
   157.000000000000000000000000000000000         4.8596610861228288E-002
   158.000000000000000000000000000000000         4.4668384391889991E-002
   159.000000000000000000000000000000000         4.0879753098527073E-002
   160.000000000000000000000000000000000         3.7235126133442334E-002
   161.000000000000000000000000000000000         3.3739120183016474E-002
   162.000000000000000000000000000000000         3.0395967951240808E-002
   163.000000000000000000000000000000000         2.7209500562364836E-002
   164.000000000000000000000000000000000         2.4183878969301863E-002
   165.000000000000000000000000000000000         2.1322705888795625E-002
   166.000000000000000000000000000000000         1.8629519319711064E-002
   167.000000000000000000000000000000000         1.6107416035813039E-002
   168.000000000000000000000000000000000         1.3759654865979945E-002
   169.000000000000000000000000000000000         1.1589039372760779E-002
   170.000000000000000000000000000000000         9.5981095163411335E-003
   171.000000000000000000000000000000000         7.7895889777790011E-003
   172.000000000000000000000000000000000         6.1653794627106089E-003
   173.000000000000000000000000000000000         4.7275753922930838E-003
   174.000000000000000000000000000000000         3.4778597343970443E-003
   175.000000000000000000000000000000000         2.4179164395247209E-003
   176.000000000000000000000000000000000         1.5488951414815257E-003
   177.000000000000000000000000000000000         8.7186454636661132E-004
   178.000000000000000000000000000000000         3.8768933046856954E-004
   179.000000000000000000000000000000000         9.6951922642587155E-005
   180.000000000000000000000000000000000         2.3917285666082852E-015
   181.000000000000000000000000000000000         9.6953864975378017E-005
   182.000000000000000000000000000000000         3.8769617232857853E-004
   183.000000000000000000000000000000000         8.7187036390251897E-004
   184.000000000000000000000000000000000         1.5488896736365106E-003
   185.000000000000000000000000000000000         2.4179261039226898E-003
   186.000000000000000000000000000000000         3.4779232433893095E-003
   187.000000000000000000000000000000000         4.7275888564766921E-003
   188.000000000000000000000000000000000         6.1653954517737614E-003
   189.000000000000000000000000000000000         7.7896061761442044E-003
   190.000000000000000000000000000000000         9.5982663332488533E-003
   191.000000000000000000000000000000000         1.1589060221540472E-002
   192.000000000000000000000000000000000         1.3759679713564420E-002
   193.000000000000000000000000000000000         1.6107440433404698E-002
   194.000000000000000000000000000000000         1.8629511367560331E-002
   195.000000000000000000000000000000000         2.1322733716336244E-002
   196.000000000000000000000000000000000         2.4183900324963273E-002
   197.000000000000000000000000000000000         2.7209531684298578E-002
   198.000000000000000000000000000000000         3.0395877611922324E-002
   199.000000000000000000000000000000000         3.3739154447694181E-002
   200.000000000000000000000000000000000         3.7235217077597374E-002
   201.000000000000000000000000000000000         4.0879790339006024E-002
   202.000000000000000000000000000000000         4.4668328194541092E-002
   203.000000000000000000000000000000000         4.8596650896109567E-002
   204.000000000000000000000000000000000         5.2659565873731350E-002
   205.000000000000000000000000000000000         5.6852140347858307E-002
   206.000000000000000000000000000000000         6.1169484068631694E-002
   207.000000000000000000000000000000000         6.5606038777281855E-002
   208.000000000000000000000000000000000         7.0156662390173985E-002
   209.000000000000000000000000000000000         7.4815698068802547E-002
   210.000000000000000000000000000000000         7.9577417410180123E-002
   211.000000000000000000000000000000000         8.4436249685639744E-002
   212.000000000000000000000000000000000         8.9386028705183362E-002
   213.000000000000000000000000000000000         9.4420823264654091E-002
   214.000000000000000000000000000000000         9.9534414081971528E-002
   215.000000000000000000000000000000000        0.10472077496446873     
   216.000000000000000000000000000000000        0.10997320235966516     
   217.000000000000000000000000000000000        0.11528592445275494     
   218.000000000000000000000000000000000        0.12065191810082454     
   219.000000000000000000000000000000000        0.12606479938055948     
   220.000000000000000000000000000000000        0.13151793070765982     
   221.000000000000000000000000000000000        0.13700488614965461     
   222.000000000000000000000000000000000        0.14251875564362526     
   223.000000000000000000000000000000000        0.14805288575416947     
   224.000000000000000000000000000000000        0.15360045509430634     
   225.000000000000000000000000000000000        0.15915497344740223     
   226.000000000000000000000000000000000        0.16470939658651448     
   227.000000000000000000000000000000000        0.17025706097127616     
   228.000000000000000000000000000000000        0.17579130067012080     
   229.000000000000000000000000000000000        0.18130506006812086     
   230.000000000000000000000000000000000        0.18679219629450097     
   231.000000000000000000000000000000000        0.19224514599410517     
   232.000000000000000000000000000000000        0.19765822689828449     
   233.000000000000000000000000000000000        0.20302401974704978     
   234.000000000000000000000000000000000        0.20833678664677732     
   235.000000000000000000000000000000000        0.21358916773495928     
   236.000000000000000000000000000000000        0.21877570016733541     
   237.000000000000000000000000000000000        0.22388911761565705     
   238.000000000000000000000000000000000        0.22892410435149352     
   239.000000000000000000000000000000000        0.23387368906604816     
   240.000000000000000000000000000000000        0.23873259114004974     
   241.000000000000000000000000000000000        0.24349423825494360     
   242.000000000000000000000000000000000        0.24815333521959526     
   243.000000000000000000000000000000000        0.25270389483108524     
   244.000000000000000000000000000000000        0.25714069810391949     
   245.000000000000000000000000000000000        0.26145779027091393     
   246.000000000000000000000000000000000        0.26565047118826129     
   247.000000000000000000000000000000000        0.26971327647356819     
   248.000000000000000000000000000000000        0.27364126980996262     
   249.000000000000000000000000000000000        0.27743013353764240     
   250.000000000000000000000000000000000        0.28107463667691968     
   251.000000000000000000000000000000000        0.28457076570916617     
   252.000000000000000000000000000000000        0.28791382219870926     
   253.000000000000000000000000000000000        0.29110038454416604     
   254.000000000000000000000000000000000        0.29412590972847735     
   255.000000000000000000000000000000000        0.29698717839416328     
   256.000000000000000000000000000000000        0.29968027841440453     
   257.000000000000000000000000000000000        0.30220246738957851     
   258.000000000000000000000000000000000        0.30455037149435182     
   259.000000000000000000000000000000000        0.30672084316540976     
   260.000000000000000000000000000000000        0.30871132460788414     
   261.000000000000000000000000000000000        0.31052029264785846     
   262.000000000000000000000000000000000        0.31214401558960247     
   263.000000000000000000000000000000000        0.31358230529974557     
   264.000000000000000000000000000000000        0.31483175085184961     
   265.000000000000000000000000000000000        0.31589196330251679     
   266.000000000000000000000000000000000        0.31676088370101080     
   267.000000000000000000000000000000000        0.31743801423401902     
   268.000000000000000000000000000000000        0.31792196304663262     
   269.000000000000000000000000000000000        0.31821292588897893     
   270.000000000000000000000000000000000        0.31830975805306172     
   271.000000000000000000000000000000000        0.31821292297545878     
   272.000000000000000000000000000000000        0.31792195307595766     
   273.000000000000000000000000000000000        0.31743800550773954     
   274.000000000000000000000000000000000        0.31676111685852920     
   275.000000000000000000000000000000000        0.31589194880607785     
   276.000000000000000000000000000000000        0.31483217647017903     
   277.000000000000000000000000000000000        0.31358228510351371     
   278.000000000000000000000000000000000        0.31214460487823525     
   279.000000000000000000000000000000000        0.31052026685027656     
   280.000000000000000000000000000000000        0.30871187032471620     
   281.000000000000000000000000000000000        0.30672081189232270     
   282.000000000000000000000000000000000        0.30455054766618156     
   283.000000000000000000000000000000000        0.30220243079320364     
   284.000000000000000000000000000000000        0.29968056589038666     
   285.000000000000000000000000000000000        0.29698713665281395     
   286.000000000000000000000000000000000        0.29412608803891266     
   287.000000000000000000000000000000000        0.29110033786123957     
   288.000000000000000000000000000000000        0.28791417152707416     
   289.000000000000000000000000000000000        0.28457071431205111     
   290.000000000000000000000000000000000        0.28107460024073772     
   291.000000000000000000000000000000000        0.27743007767684913     
   292.000000000000000000000000000000000        0.27364148877364464     
   293.000000000000000000000000000000000        0.26971321642120782     
   294.000000000000000000000000000000000        0.26565063108445780     
   295.000000000000000000000000000000000        0.26145772631952846     
   296.000000000000000000000000000000000        0.25714051758825063     
   297.000000000000000000000000000000000        0.25270382729228230     
   298.000000000000000000000000000000000        0.24815346206875752     
   299.000000000000000000000000000000000        0.24349416745776500     
   300.000000000000000000000000000000000        0.23873274426737226     
   301.000000000000000000000000000000000        0.23387361535524942     
   302.000000000000000000000000000000000        0.22892404868986374     
   303.000000000000000000000000000000000        0.22388904135049187     
   304.000000000000000000000000000000000        0.21877576524783135     
   305.000000000000000000000000000000000        0.21358908928687639     
   306.000000000000000000000000000000000        0.20833666320496630     
   307.000000000000000000000000000000000        0.20302393949852915     
   308.000000000000000000000000000000000        0.19765785875364722     
   309.000000000000000000000000000000000        0.19224506433568306     
   310.000000000000000000000000000000000        0.18679182801514643     
   311.000000000000000000000000000000000        0.18130497739798340     
   312.000000000000000000000000000000000        0.17579117343874853     
   313.000000000000000000000000000000000        0.17025697769198531     
   314.000000000000000000000000000000000        0.16470928057786879     
   315.000000000000000000000000000000000        0.15915488996486826     
   316.000000000000000000000000000000000        0.15360011540983087     
   317.000000000000000000000000000000000        0.14805280247489877     
   318.000000000000000000000000000000000        0.14251855784852030     
   319.000000000000000000000000000000000        0.13700480347954744     
   320.000000000000000000000000000000000        0.13151759636810895     
   321.000000000000000000000000000000000        0.12606471772225142     
   322.000000000000000000000000000000000        0.12065175394434489     
   323.000000000000000000000000000000000        0.11528584420415165     
   324.000000000000000000000000000000000        0.10997321535695009     
   325.000000000000000000000000000000000        0.10472069651642790     
   326.000000000000000000000000000000000         9.9534393233243659E-002
   327.000000000000000000000000000000000         9.4420746999535510E-002
   328.000000000000000000000000000000000         8.9385846814686962E-002
   329.000000000000000000000000000000000         8.4436175974825514E-002
   330.000000000000000000000000000000000         7.9577399175784977E-002
   331.000000000000000000000000000000000         7.4815627271543353E-002
   332.000000000000000000000000000000000         7.0156810567706923E-002
   333.000000000000000000000000000000000         6.5605971238410971E-002
   334.000000000000000000000000000000000         6.1169323591066700E-002
   335.000000000000000000000000000000000         5.6852076396498592E-002
   336.000000000000000000000000000000000         5.2659371603721611E-002
   337.000000000000000000000000000000000         4.8596590843727187E-002
   338.000000000000000000000000000000000         4.4668377167740136E-002
   339.000000000000000000000000000000000         4.0879734478292622E-002
   340.000000000000000000000000000000000         3.7235124638558235E-002
   341.000000000000000000000000000000000         3.3739103050661370E-002
   342.000000000000000000000000000000000         3.0395827436853318E-002
   343.000000000000000000000000000000000         2.7209485001431149E-002
   344.000000000000000000000000000000000         2.4183655151193320E-002
   345.000000000000000000000000000000000         2.1322691975041330E-002
   346.000000000000000000000000000000000         1.8629422947393906E-002
   347.000000000000000000000000000000000         1.6107403837049526E-002
   348.000000000000000000000000000000000         1.3759638351408405E-002
   349.000000000000000000000000000000000         1.1589028948399143E-002
   350.000000000000000000000000000000000         9.5981981899016314E-003
   351.000000000000000000000000000000000         7.7895803786061282E-003
   352.000000000000000000000000000000000         6.1654468014945415E-003
   353.000000000000000000000000000000000         4.7275686602053120E-003
   354.000000000000000000000000000000000         3.4779046882637654E-003
   355.000000000000000000000000000000000         2.4179116073323142E-003
   356.000000000000000000000000000000000         1.5488757556307465E-003
   357.000000000000000000000000000000000         8.7186163760117166E-004
   358.000000000000000000000000000000000         3.8769046996695164E-004
   359.000000000000000000000000000000000         9.6950951482320706E-005
   360.000000000000000000000000000000000         2.3468600808189749E-013
