   1.00000000000000000000000000000000000         9.6952893806911747E-005
   2.00000000000000000000000000000000000         3.8769345305332960E-004
   3.00000000000000000000000000000000000         8.7186745512996325E-004
   4.00000000000000000000000000000000000         1.5488796188230052E-003
   5.00000000000000000000000000000000000         2.4179212717235538E-003
   6.00000000000000000000000000000000000         3.4779173385224059E-003
   7.00000000000000000000000000000000000         4.7275821243764563E-003
   8.00000000000000000000000000000000000         6.1654200002524478E-003
   9.00000000000000000000000000000000000         7.7895975769616769E-003
   10.0000000000000000000000000000000000         9.5982172898447012E-003
   11.0000000000000000000000000000000000         1.1589049797140583E-002
   12.0000000000000000000000000000000000         1.3759628114248622E-002
   13.0000000000000000000000000000000000         1.6107428234618342E-002
   14.0000000000000000000000000000000000         1.8629469146905386E-002
   15.0000000000000000000000000000000000         2.1322719802568713E-002
   16.0000000000000000000000000000000000         2.4183842906421171E-002
   17.0000000000000000000000000000000000         2.7209516123326304E-002
   18.0000000000000000000000000000000000         3.0395880217416640E-002
   19.0000000000000000000000000000000000         3.3739137315353655E-002
   20.0000000000000000000000000000000000         3.7235253096561741E-002
   21.0000000000000000000000000000000000         4.0879771718790356E-002
   22.0000000000000000000000000000000000         4.4668461906822360E-002
   23.0000000000000000000000000000000000         4.8596630878640440E-002
   24.0000000000000000000000000000000000         5.2659465753034422E-002
   25.0000000000000000000000000000000000         5.6852119030712273E-002
   26.0000000000000000000000000000000000         6.1169398023891618E-002
   27.0000000000000000000000000000000000         6.5606016264326203E-002
   28.0000000000000000000000000000000000         7.0156620497676472E-002
   29.0000000000000000000000000000000000         7.4815674469704843E-002
   30.0000000000000000000000000000000000         7.9577503171493980E-002
   31.0000000000000000000000000000000000         8.4436225115322644E-002
   32.0000000000000000000000000000000000         8.9385853605807725E-002
   33.0000000000000000000000000000000000         9.4420797842928172E-002
   34.0000000000000000000000000000000000         9.9534455996640181E-002
   35.0000000000000000000000000000000000        0.10472074881508482     
   36.0000000000000000000000000000000000        0.10997355939386277     
   37.0000000000000000000000000000000000        0.11528589770323060     
   38.0000000000000000000000000000000000        0.12065188409432848     
   39.0000000000000000000000000000000000        0.12606477216111933     
   40.0000000000000000000000000000000000        0.13151788235279968     
   41.0000000000000000000000000000000000        0.13700485859298070     
   42.0000000000000000000000000000000000        0.14251867039808647     
   43.0000000000000000000000000000000000        0.14805285799439658     
   44.0000000000000000000000000000000000        0.15360063276859773     
   45.0000000000000000000000000000000000        0.15915494561988791     
   46.0000000000000000000000000000000000        0.16470940088235764     
   47.0000000000000000000000000000000000        0.17025703321148519     
   48.0000000000000000000000000000000000        0.17579110670900705     
   49.0000000000000000000000000000000000        0.18130503251141983     
   50.0000000000000000000000000000000000        0.18679195035241686     
   51.0000000000000000000000000000000000        0.19224511877459693     
   52.0000000000000000000000000000000000        0.19765814645352672     
   53.0000000000000000000000000000000000        0.20302399299753821     
   54.0000000000000000000000000000000000        0.20833644551826269     
   55.0000000000000000000000000000000000        0.21358914158559225     
   56.0000000000000000000000000000000000        0.21877550257316847     
   57.0000000000000000000000000000000000        0.22388909219393710     
   58.0000000000000000000000000000000000        0.22892390069416027     
   59.0000000000000000000000000000000000        0.23387366449578456     
   60.0000000000000000000000000000000000        0.23873221128801689     
   61.0000000000000000000000000000000000        0.24349421465587531     
   62.0000000000000000000000000000000000        0.24815322728665751     
   63.0000000000000000000000000000000000        0.25270387231814107     
   64.0000000000000000000000000000000000        0.25714048923666916     
   65.0000000000000000000000000000000000        0.26145776895386902     
   66.0000000000000000000000000000000000        0.26565034277734728     
   67.0000000000000000000000000000000000        0.26971325645610222     
   68.0000000000000000000000000000000000        0.27364149355255318     
   69.0000000000000000000000000000000000        0.27743011491736175     
   70.0000000000000000000000000000000000        0.28107482697791841     
   71.0000000000000000000000000000000000        0.28457074857680309     
   72.0000000000000000000000000000000000        0.28791395629925409     
   73.0000000000000000000000000000000000        0.29110036898315639     
   74.0000000000000000000000000000000000        0.29412585300948874     
   75.0000000000000000000000000000000000        0.29698716448035911     
   76.0000000000000000000000000000000000        0.29968029989862904     
   77.0000000000000000000000000000000000        0.30220245519078681     
   78.0000000000000000000000000000000000        0.30455011427876355     
   79.0000000000000000000000000000000000        0.30672083274107420     
   80.0000000000000000000000000000000000        0.30871186353391977     
   81.0000000000000000000000000000000000        0.31052028404865517     
   82.0000000000000000000000000000000000        0.31214450925382409     
   83.0000000000000000000000000000000000        0.31358229856771025     
   84.0000000000000000000000000000000000        0.31483176160792875     
   85.0000000000000000000000000000000000        0.31589195847038037     
   86.0000000000000000000000000000000000        0.31676107090646294     
   87.0000000000000000000000000000000000        0.31743801132528338     
   88.0000000000000000000000000000000000        0.31792218337779177     
   89.0000000000000000000000000000000000        0.31821292491781511     
   90.0000000000000000000000000000000000        0.31830980429567590     
   91.0000000000000000000000000000000000        0.31821292394662487     
   92.0000000000000000000000000000000000        0.31792219197865934     
   93.0000000000000000000000000000000000        0.31743800841647124     
   94.0000000000000000000000000000000000        0.31676102140193085     
   95.0000000000000000000000000000000000        0.31589195363821831     
   96.0000000000000000000000000000000000        0.31483194333629433     
   97.0000000000000000000000000000000000        0.31358229183560860     
   98.0000000000000000000000000000000000        0.31214443499613165     
   99.0000000000000000000000000000000000        0.31052027544941257     
   100.000000000000000000000000000000000        0.30871148317249880     
   101.000000000000000000000000000000000        0.30672082231669601     
   102.000000000000000000000000000000000        0.30455027175507859     
   103.000000000000000000000000000000000        0.30220244299201726     
   104.000000000000000000000000000000000        0.29968033308892000     
   105.000000000000000000000000000000000        0.29698715056658032     
   106.000000000000000000000000000000000        0.29412586205449676     
   107.000000000000000000000000000000000        0.29110035342218882     
   108.000000000000000000000000000000000        0.28791401560298763     
   109.000000000000000000000000000000000        0.28457073144449846     
   110.000000000000000000000000000000000        0.28107475251842623     
   111.000000000000000000000000000000000        0.27743009629708465     
   112.000000000000000000000000000000000        0.27364154117394324     
   113.000000000000000000000000000000000        0.26971323643864514     
   114.000000000000000000000000000000000        0.26565041120960475     
   115.000000000000000000000000000000000        0.26145774763672297     
   116.000000000000000000000000000000000        0.25714036145258373     
   117.000000000000000000000000000000000        0.25270384980523736     
   118.000000000000000000000000000000000        0.24815314324120133     
   119.000000000000000000000000000000000        0.24349419105673639     
   120.000000000000000000000000000000000        0.23873251146537600     
   121.000000000000000000000000000000000        0.23387363992554963     
   122.000000000000000000000000000000000        0.22892393907980813     
   123.000000000000000000000000000000000        0.22388906677219794     
   124.000000000000000000000000000000000        0.21877530076288904     
   125.000000000000000000000000000000000        0.21358911543626005     
   126.000000000000000000000000000000000        0.20833653163125615     
   127.000000000000000000000000000000000        0.20302396624799657     
   128.000000000000000000000000000000000        0.19765793287723618     
   129.000000000000000000000000000000000        0.19224509155519393     
   130.000000000000000000000000000000000        0.18679180215357566     
   131.000000000000000000000000000000000        0.18130500495468774     
   132.000000000000000000000000000000000        0.17579108419593598     
   133.000000000000000000000000000000000        0.17025700545175712     
   134.000000000000000000000000000000000        0.16470926123381763     
   135.000000000000000000000000000000000        0.15915491779235080     
   136.000000000000000000000000000000000        0.15360046415790088     
   137.000000000000000000000000000000000        0.14805283023467927     
   138.000000000000000000000000000000000        0.14251852183562444     
   139.000000000000000000000000000000000        0.13700483103624309     
   140.000000000000000000000000000000000        0.13151791849415728     
   141.000000000000000000000000000000000        0.12606474494169584     
   142.000000000000000000000000000000000        0.12065169845626243     
   143.000000000000000000000000000000000        0.11528587095367408     
   144.000000000000000000000000000000000        0.10997327683882530     
   145.000000000000000000000000000000000        0.10472072266576332     
   146.000000000000000000000000000000000         9.9534562172954699E-002
   147.000000000000000000000000000000000         9.4420772421212190E-002
   148.000000000000000000000000000000000         8.9385989680758574E-002
   149.000000000000000000000000000000000         8.4436200545080914E-002
   150.000000000000000000000000000000000         7.9577431298437931E-002
   151.000000000000000000000000000000000         7.4815650870608721E-002
   152.000000000000000000000000000000000         7.0156602940493931E-002
   153.000000000000000000000000000000000         6.5605993751388703E-002
   154.000000000000000000000000000000000         6.1169376329377440E-002
   155.000000000000000000000000000000000         5.6852097713589747E-002
   156.000000000000000000000000000000000         5.2659501603750020E-002
   157.000000000000000000000000000000000         4.8596610861207742E-002
   158.000000000000000000000000000000000         4.4668417549141720E-002
   159.000000000000000000000000000000000         4.0879753098529384E-002
   160.000000000000000000000000000000000         3.7235150192096410E-002
   161.000000000000000000000000000000000         3.3739120183014372E-002
   162.000000000000000000000000000000000         3.0395911719950847E-002
   163.000000000000000000000000000000000         2.7209500562367556E-002
   164.000000000000000000000000000000000         2.4183881078784542E-002
   165.000000000000000000000000000000000         2.1322705888800305E-002
   166.000000000000000000000000000000000         1.8629481869160767E-002
   167.000000000000000000000000000000000         1.6107416035819992E-002
   168.000000000000000000000000000000000         1.3759656034582657E-002
   169.000000000000000000000000000000000         1.1589039372765482E-002
   170.000000000000000000000000000000000         9.5981685005765670E-003
   171.000000000000000000000000000000000         7.7895889777789742E-003
   172.000000000000000000000000000000000         6.1653828169656831E-003
   173.000000000000000000000000000000000         4.7275753922903854E-003
   174.000000000000000000000000000000000         3.4778907620325143E-003
   175.000000000000000000000000000000000         2.4179164395247647E-003
   176.000000000000000000000000000000000         1.5488867744011057E-003
   177.000000000000000000000000000000000         8.7186454636525683E-004
   178.000000000000000000000000000000000         3.8769063366295164E-004
   179.000000000000000000000000000000000         9.6951922642136466E-005
   180.000000000000000000000000000000000         2.4161991325807630E-015
   181.000000000000000000000000000000000         9.6953864975615241E-005
   182.000000000000000000000000000000000         3.8769570747563523E-004
   183.000000000000000000000000000000000         8.7187036390299624E-004
   184.000000000000000000000000000000000         1.5488892003630537E-003
   185.000000000000000000000000000000000         2.4179261039248600E-003
   186.000000000000000000000000000000000         3.4779232433829093E-003
   187.000000000000000000000000000000000         4.7275888564719043E-003
   188.000000000000000000000000000000000         6.1653984186451315E-003
   189.000000000000000000000000000000000         7.7896061761425703E-003
   190.000000000000000000000000000000000         9.5982430063589162E-003
   191.000000000000000000000000000000000         1.1589060221531196E-002
   192.000000000000000000000000000000000         1.3759679561532212E-002
   193.000000000000000000000000000000000         1.6107440433402852E-002
   194.000000000000000000000000000000000         1.8629494276873083E-002
   195.000000000000000000000000000000000         2.1322733716337632E-002
   196.000000000000000000000000000000000         2.4183907295529945E-002
   197.000000000000000000000000000000000         2.7209531684293221E-002
   198.000000000000000000000000000000000         3.0395894892559963E-002
   199.000000000000000000000000000000000         3.3739154447694993E-002
   200.000000000000000000000000000000000         3.7235208177692450E-002
   201.000000000000000000000000000000000         4.0879790339027312E-002
   202.000000000000000000000000000000000         4.4668418020546011E-002
   203.000000000000000000000000000000000         4.8596650896104369E-002
   204.000000000000000000000000000000000         5.2659539357357163E-002
   205.000000000000000000000000000000000         5.6852140347851743E-002
   206.000000000000000000000000000000000         6.1169433497047024E-002
   207.000000000000000000000000000000000         6.5606038777274556E-002
   208.000000000000000000000000000000000         7.0156656821729391E-002
   209.000000000000000000000000000000000         7.4815698068794984E-002
   210.000000000000000000000000000000000         7.9577465224627164E-002
   211.000000000000000000000000000000000         8.4436249685610712E-002
   212.000000000000000000000000000000000         8.9386032550447858E-002
   213.000000000000000000000000000000000         9.4420823264650275E-002
   214.000000000000000000000000000000000         9.9534453425695252E-002
   215.000000000000000000000000000000000        0.10472077496443809     
   216.000000000000000000000000000000000        0.10997331423907766     
   217.000000000000000000000000000000000        0.11528592445276975     
   218.000000000000000000000000000000000        0.12065191141464350     
   219.000000000000000000000000000000000        0.12606479938056214     
   220.000000000000000000000000000000000        0.13151797633998233     
   221.000000000000000000000000000000000        0.13700488614967826     
   222.000000000000000000000000000000000        0.14251875324929117     
   223.000000000000000000000000000000000        0.14805288575416065     
   224.000000000000000000000000000000000        0.15360050941036721     
   225.000000000000000000000000000000000        0.15915497344741544     
   226.000000000000000000000000000000000        0.16470939912623950     
   227.000000000000000000000000000000000        0.17025706097124566     
   228.000000000000000000000000000000000        0.17579123746964340     
   229.000000000000000000000000000000000        0.18130506006811750     
   230.000000000000000000000000000000000        0.18679204243417857     
   231.000000000000000000000000000000000        0.19224514599406384     
   232.000000000000000000000000000000000        0.19765811400192648     
   233.000000000000000000000000000000000        0.20302401974707379     
   234.000000000000000000000000000000000        0.20833664757563289     
   235.000000000000000000000000000000000        0.21358916773493236     
   236.000000000000000000000000000000000        0.21877555781932151     
   237.000000000000000000000000000000000        0.22388911761565800     
   238.000000000000000000000000000000000        0.22892398508647729     
   239.000000000000000000000000000000000        0.23387368906605213     
   240.000000000000000000000000000000000        0.23873250092444109     
   241.000000000000000000000000000000000        0.24349423825494201     
   242.000000000000000000000000000000000        0.24815330338551098     
   243.000000000000000000000000000000000        0.25270389483110062     
   244.000000000000000000000000000000000        0.25714059930957611     
   245.000000000000000000000000000000000        0.26145779027095573     
   246.000000000000000000000000000000000        0.26565043316348891     
   247.000000000000000000000000000000000        0.26971327647355225     
   248.000000000000000000000000000000000        0.27364137572173480     
   249.000000000000000000000000000000000        0.27743013353762086     
   250.000000000000000000000000000000000        0.28107468637313476     
   251.000000000000000000000000000000000        0.28457076570916617     
   252.000000000000000000000000000000000        0.28791393539492027     
   253.000000000000000000000000000000000        0.29110038454413845     
   254.000000000000000000000000000000000        0.29412596497048038     
   255.000000000000000000000000000000000        0.29698717839411876     
   256.000000000000000000000000000000000        0.29968036731564579     
   257.000000000000000000000000000000000        0.30220246738957851     
   258.000000000000000000000000000000000        0.30455028467309730     
   259.000000000000000000000000000000000        0.30672084316542109     
   260.000000000000000000000000000000000        0.30871153323637318     
   261.000000000000000000000000000000000        0.31052029264783571     
   262.000000000000000000000000000000000        0.31214430263799192     
   263.000000000000000000000000000000000        0.31358230529975700     
   264.000000000000000000000000000000000        0.31483188090337205     
   265.000000000000000000000000000000000        0.31589196330255698     
   266.000000000000000000000000000000000        0.31676095205921306     
   267.000000000000000000000000000000000        0.31743801423402479     
   268.000000000000000000000000000000000        0.31792209670831367     
   269.000000000000000000000000000000000        0.31821292588896166     
   270.000000000000000000000000000000000        0.31830982930702567     
   271.000000000000000000000000000000000        0.31821292297545301     
   272.000000000000000000000000000000000        0.31792208921520010     
   273.000000000000000000000000000000000        0.31743800550772799     
   274.000000000000000000000000000000000        0.31676103898688174     
   275.000000000000000000000000000000000        0.31589194880602045     
   276.000000000000000000000000000000000        0.31483204188708264     
   277.000000000000000000000000000000000        0.31358228510350228     
   278.000000000000000000000000000000000        0.31214452613731986     
   279.000000000000000000000000000000000        0.31052026685027656     
   280.000000000000000000000000000000000        0.30871173588308948     
   281.000000000000000000000000000000000        0.30672081189230571     
   282.000000000000000000000000000000000        0.30455033531433273     
   283.000000000000000000000000000000000        0.30220243079320924     
   284.000000000000000000000000000000000        0.29968045963890128     
   285.000000000000000000000000000000000        0.29698713665279730     
   286.000000000000000000000000000000000        0.29412601032927893     
   287.000000000000000000000000000000000        0.29110033786123957     
   288.000000000000000000000000000000000        0.28791404671915866     
   289.000000000000000000000000000000000        0.28457071431210562     
   290.000000000000000000000000000000000        0.28107463964645335     
   291.000000000000000000000000000000000        0.27743007767684374     
   292.000000000000000000000000000000000        0.27364142923144330     
   293.000000000000000000000000000000000        0.26971321642119189     
   294.000000000000000000000000000000000        0.26565046047460728     
   295.000000000000000000000000000000000        0.26145772631957021     
   296.000000000000000000000000000000000        0.25714048733420070     
   297.000000000000000000000000000000000        0.25270382729227203     
   298.000000000000000000000000000000000        0.24815331310827712     
   299.000000000000000000000000000000000        0.24349416745771207     
   300.000000000000000000000000000000000        0.23873251938202680     
   301.000000000000000000000000000000000        0.23387361535527412     
   302.000000000000000000000000000000000        0.22892391785193952     
   303.000000000000000000000000000000000        0.22388904135049911     
   304.000000000000000000000000000000000        0.21877553777935083     
   305.000000000000000000000000000000000        0.21358908928690709     
   306.000000000000000000000000000000000        0.20833655044650609     
   307.000000000000000000000000000000000        0.20302393949848771     
   308.000000000000000000000000000000000        0.19765791739656829     
   309.000000000000000000000000000000000        0.19224506433570993     
   310.000000000000000000000000000000000        0.18679184505084256     
   311.000000000000000000000000000000000        0.18130497739796819     
   312.000000000000000000000000000000000        0.17579113664710974     
   313.000000000000000000000000000000000        0.17025697769198322     
   314.000000000000000000000000000000000        0.16470930257911670     
   315.000000000000000000000000000000000        0.15915488996483973     
   316.000000000000000000000000000000000        0.15360032281189298     
   317.000000000000000000000000000000000        0.14805280247490663     
   318.000000000000000000000000000000000        0.14251862401797477     
   319.000000000000000000000000000000000        0.13700480347954175     
   320.000000000000000000000000000000000        0.13151779262065610     
   321.000000000000000000000000000000000        0.12606471772225505     
   322.000000000000000000000000000000000        0.12065179693437836     
   323.000000000000000000000000000000000        0.11528584420415165     
   324.000000000000000000000000000000000        0.10997327203998677     
   325.000000000000000000000000000000000        0.10472069651643121     
   326.000000000000000000000000000000000         9.9534398790870712E-002
   327.000000000000000000000000000000000         9.4420746999511973E-002
   328.000000000000000000000000000000000         8.9385914496491733E-002
   329.000000000000000000000000000000000         8.4436175974828484E-002
   330.000000000000000000000000000000000         7.9577414692466930E-002
   331.000000000000000000000000000000000         7.4815627271534971E-002
   332.000000000000000000000000000000000         7.0156675131214985E-002
   333.000000000000000000000000000000000         6.5605971238421434E-002
   334.000000000000000000000000000000000         6.1169329588962255E-002
   335.000000000000000000000000000000000         5.6852076396479108E-002
   336.000000000000000000000000000000000         5.2659424082094675E-002
   337.000000000000000000000000000000000         4.8596590843738442E-002
   338.000000000000000000000000000000000         4.4668403092554078E-002
   339.000000000000000000000000000000000         4.0879734478285398E-002
   340.000000000000000000000000000000000         3.7235138904408410E-002
   341.000000000000000000000000000000000         3.3739103050671224E-002
   342.000000000000000000000000000000000         3.0395845377758569E-002
   343.000000000000000000000000000000000         2.7209485001421459E-002
   344.000000000000000000000000000000000         2.4183782160580789E-002
   345.000000000000000000000000000000000         2.1322691975042076E-002
   346.000000000000000000000000000000000         1.8629435265322614E-002
   347.000000000000000000000000000000000         1.6107403837045311E-002
   348.000000000000000000000000000000000         1.3759642624174541E-002
   349.000000000000000000000000000000000         1.1589028948398182E-002
   350.000000000000000000000000000000000         9.5981985145613454E-003
   351.000000000000000000000000000000000         7.7895803786051142E-003
   352.000000000000000000000000000000000         6.1654053450806790E-003
   353.000000000000000000000000000000000         4.7275686602055757E-003
   354.000000000000000000000000000000000         3.4779054040191540E-003
   355.000000000000000000000000000000000         2.4179116073315922E-003
   356.000000000000000000000000000000000         1.5488766560724943E-003
   357.000000000000000000000000000000000         8.7186163760177480E-004
   358.000000000000000000000000000000000         3.8768993277851738E-004
   359.000000000000000000000000000000000         9.6950951482209128E-005
   360.000000000000000000000000000000000         1.8524435483686507E-014
