   1.00000000000000000000000000000000000         9.6952893808072602E-005
   2.00000000000000000000000000000000000         3.8769345305552218E-004
   3.00000000000000000000000000000000000         8.7186745512680432E-004
   4.00000000000000000000000000000000000         1.5488693609411132E-003
   5.00000000000000000000000000000000000         2.4179212717249667E-003
   6.00000000000000000000000000000000000         3.4779171116884841E-003
   7.00000000000000000000000000000000000         4.7275821243758908E-003
   8.00000000000000000000000000000000000         6.1654718680880221E-003
   9.00000000000000000000000000000000000         7.7895975769700573E-003
   10.0000000000000000000000000000000000         9.5982163788562325E-003
   11.0000000000000000000000000000000000         1.1589049797131604E-002
   12.0000000000000000000000000000000000         1.3759551935233552E-002
   13.0000000000000000000000000000000000         1.6107428234634125E-002
   14.0000000000000000000000000000000000         1.8629468103753957E-002
   15.0000000000000000000000000000000000         2.1322719802566344E-002
   16.0000000000000000000000000000000000         2.4183739484697774E-002
   17.0000000000000000000000000000000000         2.7209516123326248E-002
   18.0000000000000000000000000000000000         3.0395861253343252E-002
   19.0000000000000000000000000000000000         3.3739137315353718E-002
   20.0000000000000000000000000000000000         3.7235384045957054E-002
   21.0000000000000000000000000000000000         4.0879771718804178E-002
   22.0000000000000000000000000000000000         4.4668467011161735E-002
   23.0000000000000000000000000000000000         4.8596630878627541E-002
   24.0000000000000000000000000000000000         5.2659399036045870E-002
   25.0000000000000000000000000000000000         5.6852119030705896E-002
   26.0000000000000000000000000000000000         6.1169437108701624E-002
   27.0000000000000000000000000000000000         6.5606016264335501E-002
   28.0000000000000000000000000000000000         7.0156602414497476E-002
   29.0000000000000000000000000000000000         7.4815674469716376E-002
   30.0000000000000000000000000000000000         7.9577559932235753E-002
   31.0000000000000000000000000000000000         8.4436225115295152E-002
   32.0000000000000000000000000000000000         8.9385555704165884E-002
   33.0000000000000000000000000000000000         9.4420797842931073E-002
   34.0000000000000000000000000000000000         9.9534459532707731E-002
   35.0000000000000000000000000000000000        0.10472074881507541     
   36.0000000000000000000000000000000000        0.10997393285162636     
   37.0000000000000000000000000000000000        0.11528589770322488     
   38.0000000000000000000000000000000000        0.12065189206223680     
   39.0000000000000000000000000000000000        0.12606477216109976     
   40.0000000000000000000000000000000000        0.13151769710311520     
   41.0000000000000000000000000000000000        0.13700485859299627     
   42.0000000000000000000000000000000000        0.14251856845650757     
   43.0000000000000000000000000000000000        0.14805285799437287     
   44.0000000000000000000000000000000000        0.15360085081083996     
   45.0000000000000000000000000000000000        0.15915494561988897     
   46.0000000000000000000000000000000000        0.16470945389699837     
   47.0000000000000000000000000000000000        0.17025703321149491     
   48.0000000000000000000000000000000000        0.17579099157543690     
   49.0000000000000000000000000000000000        0.18130503251146832     
   50.0000000000000000000000000000000000        0.18679202460002958     
   51.0000000000000000000000000000000000        0.19224511877458431     
   52.0000000000000000000000000000000000        0.19765840440707358     
   53.0000000000000000000000000000000000        0.20302399299752460     
   54.0000000000000000000000000000000000        0.20833628970124571     
   55.0000000000000000000000000000000000        0.21358914158559722     
   56.0000000000000000000000000000000000        0.21877562910962714     
   57.0000000000000000000000000000000000        0.22388909219393199     
   58.0000000000000000000000000000000000        0.22892394064884120     
   59.0000000000000000000000000000000000        0.23387366449574548     
   60.0000000000000000000000000000000000        0.23873182162255244     
   61.0000000000000000000000000000000000        0.24349421465591842     
   62.0000000000000000000000000000000000        0.24815316719158356     
   63.0000000000000000000000000000000000        0.25270387231809066     
   64.0000000000000000000000000000000000        0.25714044819221743     
   65.0000000000000000000000000000000000        0.26145776895389355     
   66.0000000000000000000000000000000000        0.26565025888151245     
   67.0000000000000000000000000000000000        0.26971325645611816     
   68.0000000000000000000000000000000000        0.27364161875839466     
   69.0000000000000000000000000000000000        0.27743011491738012     
   70.0000000000000000000000000000000000        0.28107506488320916     
   71.0000000000000000000000000000000000        0.28457074857674969     
   72.0000000000000000000000000000000000        0.28791388202878437     
   73.0000000000000000000000000000000000        0.29110036898314684     
   74.0000000000000000000000000000000000        0.29412559713426606     
   75.0000000000000000000000000000000000        0.29698716448041879     
   76.0000000000000000000000000000000000        0.29968008242754790     
   77.0000000000000000000000000000000000        0.30220245519077693     
   78.0000000000000000000000000000000000        0.30454992287921023     
   79.0000000000000000000000000000000000        0.30672083274110595     
   80.0000000000000000000000000000000000        0.30871224269021263     
   81.0000000000000000000000000000000000        0.31052028404868165     
   82.0000000000000000000000000000000000        0.31214454891782734     
   83.0000000000000000000000000000000000        0.31358229856776432     
   84.0000000000000000000000000000000000        0.31483137876812484     
   85.0000000000000000000000000000000000        0.31589195847037010     
   86.0000000000000000000000000000000000        0.31676121679369706     
   87.0000000000000000000000000000000000        0.31743801132531579     
   88.0000000000000000000000000000000000        0.31792218058815352     
   89.0000000000000000000000000000000000        0.31821292491787134     
   90.0000000000000000000000000000000000        0.31830966530248106     
   91.0000000000000000000000000000000000        0.31821292394662787     
   92.0000000000000000000000000000000000        0.31792220925286258     
   93.0000000000000000000000000000000000        0.31743800841643133     
   94.0000000000000000000000000000000000        0.31676108044173795     
   95.0000000000000000000000000000000000        0.31589195363827283     
   96.0000000000000000000000000000000000        0.31483191737786487     
   97.0000000000000000000000000000000000        0.31358229183564962     
   98.0000000000000000000000000000000000        0.31214434792931423     
   99.0000000000000000000000000000000000        0.31052027544931343     
   100.000000000000000000000000000000000        0.30871115652917297     
   101.000000000000000000000000000000000        0.30672082231673647     
   102.000000000000000000000000000000000        0.30455040161010716     
   103.000000000000000000000000000000000        0.30220244299203469     
   104.000000000000000000000000000000000        0.29968020365060982     
   105.000000000000000000000000000000000        0.29698715056662717     
   106.000000000000000000000000000000000        0.29412565145956732     
   107.000000000000000000000000000000000        0.29110035342215657     
   108.000000000000000000000000000000000        0.28791408533124441     
   109.000000000000000000000000000000000        0.28457073144452322     
   110.000000000000000000000000000000000        0.28107488275380671     
   111.000000000000000000000000000000000        0.27743009629705334     
   112.000000000000000000000000000000000        0.27364179380466452     
   113.000000000000000000000000000000000        0.26971323643866246     
   114.000000000000000000000000000000000        0.26565049691430637     
   115.000000000000000000000000000000000        0.26145774763670604     
   116.000000000000000000000000000000000        0.25714011894093808     
   117.000000000000000000000000000000000        0.25270384980528032     
   118.000000000000000000000000000000000        0.24815296709624471     
   119.000000000000000000000000000000000        0.24349419105667480     
   120.000000000000000000000000000000000        0.23873273897155695     
   121.000000000000000000000000000000000        0.23387363992555601     
   122.000000000000000000000000000000000        0.22892409969308924     
   123.000000000000000000000000000000000        0.22388906677214521     
   124.000000000000000000000000000000000        0.21877509231445130     
   125.000000000000000000000000000000000        0.21358911543626610     
   126.000000000000000000000000000000000        0.20833659007660577     
   127.000000000000000000000000000000000        0.20302396624797892     
   128.000000000000000000000000000000000        0.19765783573564702     
   129.000000000000000000000000000000000        0.19224509155525130     
   130.000000000000000000000000000000000        0.18679164650283642     
   131.000000000000000000000000000000000        0.18130500495470461     
   132.000000000000000000000000000000000        0.17579097888685330     
   133.000000000000000000000000000000000        0.17025700545181099     
   134.000000000000000000000000000000000        0.16470910139562439     
   135.000000000000000000000000000000000        0.15915491779234053     
   136.000000000000000000000000000000000        0.15360041422562024     
   137.000000000000000000000000000000000        0.14805283023471938     
   138.000000000000000000000000000000000        0.14251818981835060     
   139.000000000000000000000000000000000        0.13700483103621666     
   140.000000000000000000000000000000000        0.13151785418701786     
   141.000000000000000000000000000000000        0.12606474494170486     
   142.000000000000000000000000000000000        0.12065140450216644     
   143.000000000000000000000000000000000        0.11528587095363657     
   144.000000000000000000000000000000000        0.10997316290004315     
   145.000000000000000000000000000000000        0.10472072266577151     
   146.000000000000000000000000000000000         9.9534816892358463E-002
   147.000000000000000000000000000000000         9.4420772421212454E-002
   148.000000000000000000000000000000000         8.9385998362098748E-002
   149.000000000000000000000000000000000         8.4436200545080622E-002
   150.000000000000000000000000000000000         7.9577397135021322E-002
   151.000000000000000000000000000000000         7.4815650870598244E-002
   152.000000000000000000000000000000000         7.0156595349584308E-002
   153.000000000000000000000000000000000         6.5605993751420330E-002
   154.000000000000000000000000000000000         6.1169415859316185E-002
   155.000000000000000000000000000000000         5.6852097713588373E-002
   156.000000000000000000000000000000000         5.2659542477243027E-002
   157.000000000000000000000000000000000         4.8596610861234277E-002
   158.000000000000000000000000000000000         4.4668375021364559E-002
   159.000000000000000000000000000000000         4.0879753098526254E-002
   160.000000000000000000000000000000000         3.7235119334258895E-002
   161.000000000000000000000000000000000         3.3739120183017210E-002
   162.000000000000000000000000000000000         3.0395983842701743E-002
   163.000000000000000000000000000000000         2.7209500562363948E-002
   164.000000000000000000000000000000000         2.4183878373143734E-002
   165.000000000000000000000000000000000         2.1322705888794410E-002
   166.000000000000000000000000000000000         1.8629529903569055E-002
   167.000000000000000000000000000000000         1.6107416035810989E-002
   168.000000000000000000000000000000000         1.3759654535722667E-002
   169.000000000000000000000000000000000         1.1589039372759530E-002
   170.000000000000000000000000000000000         9.5980928469161422E-003
   171.000000000000000000000000000000000         7.7895889777789421E-003
   172.000000000000000000000000000000000         6.1653785147691232E-003
   173.000000000000000000000000000000000         4.7275753922938965E-003
   174.000000000000000000000000000000000         3.4778509657425391E-003
   175.000000000000000000000000000000000         2.4179164395246723E-003
   176.000000000000000000000000000000000         1.5488975060953055E-003
   177.000000000000000000000000000000000         8.7186454636701497E-004
   178.000000000000000000000000000000000         3.8768896217490200E-004
   179.000000000000000000000000000000000         9.6951922642707610E-005
   180.000000000000000000000000000000000         2.3848355450005916E-015
   181.000000000000000000000000000000000         9.6953864975304197E-005
   182.000000000000000000000000000000000         3.8769630370011170E-004
   183.000000000000000000000000000000000         8.7187036390240405E-004
   184.000000000000000000000000000000000         1.5488898073877182E-003
   185.000000000000000000000000000000000         2.4179261039220445E-003
   186.000000000000000000000000000000000         3.4779232433911184E-003
   187.000000000000000000000000000000000         4.7275888564780912E-003
   188.000000000000000000000000000000000         6.1653946133102431E-003
   189.000000000000000000000000000000000         7.7896061761446086E-003
   190.000000000000000000000000000000000         9.5982729256359287E-003
   191.000000000000000000000000000000000         1.1589060221543161E-002
   192.000000000000000000000000000000000         1.3759679756530044E-002
   193.000000000000000000000000000000000         1.6107440433405156E-002
   194.000000000000000000000000000000000         1.8629516197538581E-002
   195.000000000000000000000000000000000         2.1322733716335928E-002
   196.000000000000000000000000000000000         2.4183898355020699E-002
   197.000000000000000000000000000000000         2.7209531684300004E-002
   198.000000000000000000000000000000000         3.0395872728264748E-002
   199.000000000000000000000000000000000         3.3739154447694049E-002
   200.000000000000000000000000000000000         3.7235219592788089E-002
   201.000000000000000000000000000000000         4.0879790338999890E-002
   202.000000000000000000000000000000000         4.4668302808947374E-002
   203.000000000000000000000000000000000         4.8596650896111156E-002
   204.000000000000000000000000000000000         5.2659573367490477E-002
   205.000000000000000000000000000000000         5.6852140347860028E-002
   206.000000000000000000000000000000000         6.1169498360605062E-002
   207.000000000000000000000000000000000         6.5606038777284076E-002
   208.000000000000000000000000000000000         7.0156663963864885E-002
   209.000000000000000000000000000000000         7.4815698068804518E-002
   210.000000000000000000000000000000000         7.9577403897404211E-002
   211.000000000000000000000000000000000         8.4436249685648126E-002
   212.000000000000000000000000000000000         8.9386027618478192E-002
   213.000000000000000000000000000000000         9.4420823264654979E-002
   214.000000000000000000000000000000000         9.9534402963094487E-002
   215.000000000000000000000000000000000        0.10472077496447761     
   216.000000000000000000000000000000000        0.10997317074158064     
   217.000000000000000000000000000000000        0.11528592445275053     
   218.000000000000000000000000000000000        0.12065191999039747     
   219.000000000000000000000000000000000        0.12606479938055895     
   220.000000000000000000000000000000000        0.13151791781157013     
   221.000000000000000000000000000000000        0.13700488614964765     
   222.000000000000000000000000000000000        0.14251875632028491     
   223.000000000000000000000000000000000        0.14805288575417225     
   224.000000000000000000000000000000000        0.15360043974411697     
   225.000000000000000000000000000000000        0.15915497344739821     
   226.000000000000000000000000000000000        0.16470939586876612     
   227.000000000000000000000000000000000        0.17025706097128510     
   228.000000000000000000000000000000000        0.17579131853112734     
   229.000000000000000000000000000000000        0.18130506006812150     
   230.000000000000000000000000000000000        0.18679223977677747     
   231.000000000000000000000000000000000        0.19224514599411718     
   232.000000000000000000000000000000000        0.19765825880378282     
   233.000000000000000000000000000000000        0.20302401974704262     
   234.000000000000000000000000000000000        0.20833682594950048     
   235.000000000000000000000000000000000        0.21358916773496728     
   236.000000000000000000000000000000000        0.21877574039613035     
   237.000000000000000000000000000000000        0.22388911761565636     
   238.000000000000000000000000000000000        0.22892413805682985     
   239.000000000000000000000000000000000        0.23387368906604747     
   240.000000000000000000000000000000000        0.23873261663576831     
   241.000000000000000000000000000000000        0.24349423825494360     
   242.000000000000000000000000000000000        0.24815334421618468     
   243.000000000000000000000000000000000        0.25270389483108086     
   244.000000000000000000000000000000000        0.25714072602406346     
   245.000000000000000000000000000000000        0.26145779027090210     
   246.000000000000000000000000000000000        0.26565048193439311     
   247.000000000000000000000000000000000        0.26971327647357268     
   248.000000000000000000000000000000000        0.27364123987837852     
   249.000000000000000000000000000000000        0.27743013353764850     
   250.000000000000000000000000000000000        0.28107462263233796     
   251.000000000000000000000000000000000        0.28457076570916617     
   252.000000000000000000000000000000000        0.28791379020847979     
   253.000000000000000000000000000000000        0.29110038454417381     
   254.000000000000000000000000000000000        0.29412589411660783     
   255.000000000000000000000000000000000        0.29698717839417588     
   256.000000000000000000000000000000000        0.29968025329014308     
   257.000000000000000000000000000000000        0.30220246738957851     
   258.000000000000000000000000000000000        0.30455039603079559     
   259.000000000000000000000000000000000        0.30672084316540660     
   260.000000000000000000000000000000000        0.30871126564767176     
   261.000000000000000000000000000000000        0.31052029264786490     
   262.000000000000000000000000000000000        0.31214393446725547     
   263.000000000000000000000000000000000        0.31358230529974229     
   264.000000000000000000000000000000000        0.31483171409816335     
   265.000000000000000000000000000000000        0.31589196330250541     
   266.000000000000000000000000000000000        0.31676086438238971     
   267.000000000000000000000000000000000        0.31743801423401741     
   268.000000000000000000000000000000000        0.31792192527268431     
   269.000000000000000000000000000000000        0.31821292588898381     
   270.000000000000000000000000000000000        0.31830973791607331     
   271.000000000000000000000000000000000        0.31821292297546039     
   272.000000000000000000000000000000000        0.31792191460182923     
   273.000000000000000000000000000000000        0.31743800550774276     
   274.000000000000000000000000000000000        0.31676113886573565     
   275.000000000000000000000000000000000        0.31589194880609406     
   276.000000000000000000000000000000000        0.31483221450453752     
   277.000000000000000000000000000000000        0.31358228510351699     
   278.000000000000000000000000000000000        0.31214462713110441     
   279.000000000000000000000000000000000        0.31052026685027656     
   280.000000000000000000000000000000000        0.30871190831909423     
   281.000000000000000000000000000000000        0.30672081189232747     
   282.000000000000000000000000000000000        0.30455060767867398     
   283.000000000000000000000000000000000        0.30220243079320203     
   284.000000000000000000000000000000000        0.29968059591798379     
   285.000000000000000000000000000000000        0.29698713665281867     
   286.000000000000000000000000000000000        0.29412611000033279     
   287.000000000000000000000000000000000        0.29110033786123957     
   288.000000000000000000000000000000000        0.28791420679888130     
   289.000000000000000000000000000000000        0.28457071431203573     
   290.000000000000000000000000000000000        0.28107458910434036     
   291.000000000000000000000000000000000        0.27743007767685068     
   292.000000000000000000000000000000000        0.27364150560078970     
   293.000000000000000000000000000000000        0.26971321642121232     
   294.000000000000000000000000000000000        0.26565067930029501     
   295.000000000000000000000000000000000        0.26145772631951664     
   296.000000000000000000000000000000000        0.25714052613830851     
   297.000000000000000000000000000000000        0.25270382729228519     
   298.000000000000000000000000000000000        0.24815350416629270     
   299.000000000000000000000000000000000        0.24349416745777994     
   300.000000000000000000000000000000000        0.23873280782194559     
   301.000000000000000000000000000000000        0.23387361535524245     
   302.000000000000000000000000000000000        0.22892408566580560     
   303.000000000000000000000000000000000        0.22388904135048981     
   304.000000000000000000000000000000000        0.21877582953242336     
   305.000000000000000000000000000000000        0.21358908928686773     
   306.000000000000000000000000000000000        0.20833669507149319     
   307.000000000000000000000000000000000        0.20302393949854086     
   308.000000000000000000000000000000000        0.19765784218064933     
   309.000000000000000000000000000000000        0.19224506433567545     
   310.000000000000000000000000000000000        0.18679182320071072     
   311.000000000000000000000000000000000        0.18130497739798770     
   312.000000000000000000000000000000000        0.17579118383638626     
   313.000000000000000000000000000000000        0.17025697769198592     
   314.000000000000000000000000000000000        0.16470927436012511     
   315.000000000000000000000000000000000        0.15915488996487634     
   316.000000000000000000000000000000000        0.15360005679622998     
   317.000000000000000000000000000000000        0.14805280247489655     
   318.000000000000000000000000000000000        0.14251853914845986     
   319.000000000000000000000000000000000        0.13700480347954902     
   320.000000000000000000000000000000000        0.13151754090545911     
   321.000000000000000000000000000000000        0.12606471772225039     
   322.000000000000000000000000000000000        0.12065174179498898     
   323.000000000000000000000000000000000        0.11528584420415165     
   324.000000000000000000000000000000000        0.10997319933783367     
   325.000000000000000000000000000000000        0.10472069651642697     
   326.000000000000000000000000000000000         9.9534391662609953E-002
   327.000000000000000000000000000000000         9.4420746999542157E-002
   328.000000000000000000000000000000000         8.9385827687225042E-002
   329.000000000000000000000000000000000         8.4436175974824682E-002
   330.000000000000000000000000000000000         7.9577394790635997E-002
   331.000000000000000000000000000000000         7.4815627271545726E-002
   332.000000000000000000000000000000000         7.0156848843260941E-002
   333.000000000000000000000000000000000         6.5605971238408015E-002
   334.000000000000000000000000000000000         6.1169321896009314E-002
   335.000000000000000000000000000000000         5.6852076396504095E-002
   336.000000000000000000000000000000000         5.2659356772881784E-002
   337.000000000000000000000000000000000         4.8596590843724002E-002
   338.000000000000000000000000000000000         4.4668369841163645E-002
   339.000000000000000000000000000000000         4.0879734478294669E-002
   340.000000000000000000000000000000000         3.7235120606905418E-002
   341.000000000000000000000000000000000         3.3739103050658588E-002
   342.000000000000000000000000000000000         3.0395822366598445E-002
   343.000000000000000000000000000000000         2.7209485001433886E-002
   344.000000000000000000000000000000000         2.4183619257296438E-002
   345.000000000000000000000000000000000         2.1322691975041119E-002
   346.000000000000000000000000000000000         1.8629419466240880E-002
   347.000000000000000000000000000000000         1.6107403837050716E-002
   348.000000000000000000000000000000000         1.3759637143887660E-002
   349.000000000000000000000000000000000         1.1589028948399416E-002
   350.000000000000000000000000000000000         9.5981980981499574E-003
   351.000000000000000000000000000000000         7.7895803786064153E-003
   352.000000000000000000000000000000000         6.1654585174628499E-003
   353.000000000000000000000000000000000         4.7275686602052374E-003
   354.000000000000000000000000000000000         3.4779044859850820E-003
   355.000000000000000000000000000000000         2.4179116073325181E-003
   356.000000000000000000000000000000000         1.5488755011581292E-003
   357.000000000000000000000000000000000         8.7186163760100122E-004
   358.000000000000000000000000000000000         3.8769062178114149E-004
   359.000000000000000000000000000000000         9.6950951482352243E-005
   360.000000000000000000000000000000000         3.3975818300414011E-013
