   1.00000000000000000000000000000000000         9.6952893808281568E-005
   2.00000000000000000000000000000000000         3.8769345305589379E-004
   3.00000000000000000000000000000000000         8.7186745512623251E-004
   4.00000000000000000000000000000000000         1.5488676223204302E-003
   5.00000000000000000000000000000000000         2.4179212717252672E-003
   6.00000000000000000000000000000000000         3.4779170732420575E-003
   7.00000000000000000000000000000000000         4.7275821243757121E-003
   8.00000000000000000000000000000000000         6.1654806592682174E-003
   9.00000000000000000000000000000000000         7.7895975769715856E-003
   10.0000000000000000000000000000000000         9.5982162244514120E-003
   11.0000000000000000000000000000000000         1.1589049797129949E-002
   12.0000000000000000000000000000000000         1.3759539023556984E-002
   13.0000000000000000000000000000000000         1.6107428234636942E-002
   14.0000000000000000000000000000000000         1.8629467926948633E-002
   15.0000000000000000000000000000000000         2.1322719802565778E-002
   16.0000000000000000000000000000000000         2.4183721955614031E-002
   17.0000000000000000000000000000000000         2.7209516123326432E-002
   18.0000000000000000000000000000000000         3.0395858039094111E-002
   19.0000000000000000000000000000000000         3.3739137315353517E-002
   20.0000000000000000000000000000000000         3.7235406240792641E-002
   21.0000000000000000000000000000000000         4.0879771718806759E-002
   22.0000000000000000000000000000000000         4.4668467876304033E-002
   23.0000000000000000000000000000000000         4.8596630878625098E-002
   24.0000000000000000000000000000000000         5.2659387728085892E-002
   25.0000000000000000000000000000000000         5.6852119030705105E-002
   26.0000000000000000000000000000000000         6.1169443733246932E-002
   27.0000000000000000000000000000000000         6.5606016264336806E-002
   28.0000000000000000000000000000000000         7.0156599349552123E-002
   29.0000000000000000000000000000000000         7.4815674469718596E-002
   30.0000000000000000000000000000000000         7.9577569552702468E-002
   31.0000000000000000000000000000000000         8.4436225115290212E-002
   32.0000000000000000000000000000000000         8.9385505212411370E-002
   33.0000000000000000000000000000000000         9.4420797842931822E-002
   34.0000000000000000000000000000000000         9.9534460132041216E-002
   35.0000000000000000000000000000000000        0.10472074881507354     
   36.0000000000000000000000000000000000        0.10997399614961524     
   37.0000000000000000000000000000000000        0.11528589770322416     
   38.0000000000000000000000000000000000        0.12065189341272976     
   39.0000000000000000000000000000000000        0.12606477216109616     
   40.0000000000000000000000000000000000        0.13151766570487652     
   41.0000000000000000000000000000000000        0.13700485859299916     
   42.0000000000000000000000000000000000        0.14251855117827744     
   43.0000000000000000000000000000000000        0.14805285799436860     
   44.0000000000000000000000000000000000        0.15360088776716754     
   45.0000000000000000000000000000000000        0.15915494561988941     
   46.0000000000000000000000000000000000        0.16470946288253155     
   47.0000000000000000000000000000000000        0.17025703321149629     
   48.0000000000000000000000000000000000        0.17579097206127620     
   49.0000000000000000000000000000000000        0.18130503251147684     
   50.0000000000000000000000000000000000        0.18679203718437218     
   51.0000000000000000000000000000000000        0.19224511877458189     
   52.0000000000000000000000000000000000        0.19765844812803041     
   53.0000000000000000000000000000000000        0.20302399299752261     
   54.0000000000000000000000000000000000        0.20833626329158758     
   55.0000000000000000000000000000000000        0.21358914158559775     
   56.0000000000000000000000000000000000        0.21877565055648818     
   57.0000000000000000000000000000000000        0.22388909219393147     
   58.0000000000000000000000000000000000        0.22892394742082137     
   59.0000000000000000000000000000000000        0.23387366449573849     
   60.0000000000000000000000000000000000        0.23873175557758999     
   61.0000000000000000000000000000000000        0.24349421465592611     
   62.0000000000000000000000000000000000        0.24815315700597851     
   63.0000000000000000000000000000000000        0.25270387231808172     
   64.0000000000000000000000000000000000        0.25714044123553098     
   65.0000000000000000000000000000000000        0.26145776895389811     
   66.0000000000000000000000000000000000        0.26565024466188075     
   67.0000000000000000000000000000000000        0.26971325645612049     
   68.0000000000000000000000000000000000        0.27364163997972657     
   69.0000000000000000000000000000000000        0.27743011491738362     
   70.0000000000000000000000000000000000        0.28107510520614976     
   71.0000000000000000000000000000000000        0.28457074857674020     
   72.0000000000000000000000000000000000        0.28791386944057012     
   73.0000000000000000000000000000000000        0.29110036898314562     
   74.0000000000000000000000000000000000        0.29412555376559529     
   75.0000000000000000000000000000000000        0.29698716448042844     
   76.0000000000000000000000000000000000        0.29968004556805045     
   77.0000000000000000000000000000000000        0.30220245519077571     
   78.0000000000000000000000000000000000        0.30454989043861391     
   79.0000000000000000000000000000000000        0.30672083274111084     
   80.0000000000000000000000000000000000        0.30871230695401414     
   81.0000000000000000000000000000000000        0.31052028404868665     
   82.0000000000000000000000000000000000        0.31214455564054000     
   83.0000000000000000000000000000000000        0.31358229856777303     
   84.0000000000000000000000000000000000        0.31483131388004559     
   85.0000000000000000000000000000000000        0.31589195847036888     
   86.0000000000000000000000000000000000        0.31676124152035023     
   87.0000000000000000000000000000000000        0.31743801132532079     
   88.0000000000000000000000000000000000        0.31792218011533346     
   89.0000000000000000000000000000000000        0.31821292491788139     
   90.0000000000000000000000000000000000        0.31830964174431547     
   91.0000000000000000000000000000000000        0.31821292394662787     
   92.0000000000000000000000000000000000        0.31792221218069366     
   93.0000000000000000000000000000000000        0.31743800841642505     
   94.0000000000000000000000000000000000        0.31676109044848544     
   95.0000000000000000000000000000000000        0.31589195363828154     
   96.0000000000000000000000000000000000        0.31483191297813118     
   97.0000000000000000000000000000000000        0.31358229183565711     
   98.0000000000000000000000000000000000        0.31214433317222773     
   99.0000000000000000000000000000000000        0.31052027544929611     
   100.000000000000000000000000000000000        0.30871110116591449     
   101.000000000000000000000000000000000        0.30672082231674386     
   102.000000000000000000000000000000000        0.30455042361943679     
   103.000000000000000000000000000000000        0.30220244299203713     
   104.000000000000000000000000000000000        0.29968018171191596     
   105.000000000000000000000000000000000        0.29698715056663566     
   106.000000000000000000000000000000000        0.29412561576551893     
   107.000000000000000000000000000000000        0.29110035342215057     
   108.000000000000000000000000000000000        0.28791409714959382     
   109.000000000000000000000000000000000        0.28457073144452794     
   110.000000000000000000000000000000000        0.28107490482760300     
   111.000000000000000000000000000000000        0.27743009629704746     
   112.000000000000000000000000000000000        0.27364183662344244     
   113.000000000000000000000000000000000        0.26971323643866590     
   114.000000000000000000000000000000000        0.26565051144052837     
   115.000000000000000000000000000000000        0.26145774763670260     
   116.000000000000000000000000000000000        0.25714007783728071     
   117.000000000000000000000000000000000        0.25270384980528815     
   118.000000000000000000000000000000000        0.24815293724117352     
   119.000000000000000000000000000000000        0.24349419105666387     
   120.000000000000000000000000000000000        0.23873277753193733     
   121.000000000000000000000000000000000        0.23387363992555762     
   122.000000000000000000000000000000000        0.22892412691568487     
   123.000000000000000000000000000000000        0.22388906677213574     
   124.000000000000000000000000000000000        0.21877505698421748     
   125.000000000000000000000000000000000        0.21358911543626766     
   126.000000000000000000000000000000000        0.20833659998259804     
   127.000000000000000000000000000000000        0.20302396624797542     
   128.000000000000000000000000000000000        0.19765781927097326     
   129.000000000000000000000000000000000        0.19224509155526154     
   130.000000000000000000000000000000000        0.18679162012136161     
   131.000000000000000000000000000000000        0.18130500495470697     
   132.000000000000000000000000000000000        0.17579096103785935     
   133.000000000000000000000000000000000        0.17025700545182063     
   134.000000000000000000000000000000000        0.16470907430441289     
   135.000000000000000000000000000000000        0.15915491779233831     
   136.000000000000000000000000000000000        0.15360040576252262     
   137.000000000000000000000000000000000        0.14805283023472665     
   138.000000000000000000000000000000000        0.14251813354427473     
   139.000000000000000000000000000000000        0.13700483103621172     
   140.000000000000000000000000000000000        0.13151784328750427     
   141.000000000000000000000000000000000        0.12606474494170683     
   142.000000000000000000000000000000000        0.12065135467947380     
   143.000000000000000000000000000000000        0.11528587095362978     
   144.000000000000000000000000000000000        0.10997314358839101     
   145.000000000000000000000000000000000        0.10472072266577327     
   146.000000000000000000000000000000000         9.9534860065171066E-002
   147.000000000000000000000000000000000         9.4420772421212149E-002
   148.000000000000000000000000000000000         8.9385999833512392E-002
   149.000000000000000000000000000000000         8.4436200545080886E-002
   150.000000000000000000000000000000000         7.9577391344612447E-002
   151.000000000000000000000000000000000         7.4815650870596204E-002
   152.000000000000000000000000000000000         7.0156594062989505E-002
   153.000000000000000000000000000000000         6.5605993751425895E-002
   154.000000000000000000000000000000000         6.1169422559307067E-002
   155.000000000000000000000000000000000         5.6852097713587978E-002
   156.000000000000000000000000000000000         5.2659549404955278E-002
   157.000000000000000000000000000000000         4.8596610861238926E-002
   158.000000000000000000000000000000000         4.4668367813268745E-002
   159.000000000000000000000000000000000         4.0879753098525581E-002
   160.000000000000000000000000000000000         3.7235114104118214E-002
   161.000000000000000000000000000000000         3.3739120183017821E-002
   162.000000000000000000000000000000000         3.0395996066905292E-002
   163.000000000000000000000000000000000         2.7209500562363216E-002
   164.000000000000000000000000000000000         2.4183877914560559E-002
   165.000000000000000000000000000000000         2.1322705888793519E-002
   166.000000000000000000000000000000000         1.8629538045000324E-002
   167.000000000000000000000000000000000         1.6107416035809369E-002
   168.000000000000000000000000000000000         1.3759654281678611E-002
   169.000000000000000000000000000000000         1.1589039372758595E-002
   170.000000000000000000000000000000000         9.5980800242913816E-003
   171.000000000000000000000000000000000         7.7895889777788788E-003
   172.000000000000000000000000000000000         6.1653777855834140E-003
   173.000000000000000000000000000000000         4.7275753922945358E-003
   174.000000000000000000000000000000000         3.4778442206312111E-003
   175.000000000000000000000000000000000         2.4179164395246255E-003
   176.000000000000000000000000000000000         1.5488993250302105E-003
   177.000000000000000000000000000000000         8.7186454636733167E-004
   178.000000000000000000000000000000000         3.8768867887219985E-004
   179.000000000000000000000000000000000         9.6951922642798277E-005
   180.000000000000000000000000000000000         2.3795399897243235E-015
   181.000000000000000000000000000000000         9.6953864975245392E-005
   182.000000000000000000000000000000000         3.8769640475515234E-004
   183.000000000000000000000000000000000         8.7187036390232186E-004
   184.000000000000000000000000000000000         1.5488899102732664E-003
   185.000000000000000000000000000000000         2.4179261039215367E-003
   186.000000000000000000000000000000000         3.4779232433925097E-003
   187.000000000000000000000000000000000         4.7275888564791788E-003
   188.000000000000000000000000000000000         6.1653939683383443E-003
   189.000000000000000000000000000000000         7.7896061761449018E-003
   190.000000000000000000000000000000000         9.5982779967044504E-003
   191.000000000000000000000000000000000         1.1589060221545251E-002
   192.000000000000000000000000000000000         1.3759679789580525E-002
   193.000000000000000000000000000000000         1.6107440433405479E-002
   194.000000000000000000000000000000000         1.8629519912906893E-002
   195.000000000000000000000000000000000         2.1322733716335709E-002
   196.000000000000000000000000000000000         2.4183896839680315E-002
   197.000000000000000000000000000000000         2.7209531684301087E-002
   198.000000000000000000000000000000000         3.0395868971605344E-002
   199.000000000000000000000000000000000         3.3739154447693952E-002
   200.000000000000000000000000000000000         3.7235221527550239E-002
   201.000000000000000000000000000000000         4.0879790338995178E-002
   202.000000000000000000000000000000000         4.4668283281572504E-002
   203.000000000000000000000000000000000         4.8596650896112384E-002
   204.000000000000000000000000000000000         5.2659579131920944E-002
   205.000000000000000000000000000000000         5.6852140347861353E-002
   206.000000000000000000000000000000000         6.1169509354431863E-002
   207.000000000000000000000000000000000         6.5606038777285783E-002
   208.000000000000000000000000000000000         7.0156665174396365E-002
   209.000000000000000000000000000000000         7.4815698068806044E-002
   210.000000000000000000000000000000000         7.9577393502961988E-002
   211.000000000000000000000000000000000         8.4436249685654580E-002
   212.000000000000000000000000000000000         8.9386026782551142E-002
   213.000000000000000000000000000000000         9.4420823264655659E-002
   214.000000000000000000000000000000000         9.9534394410112581E-002
   215.000000000000000000000000000000000        0.10472077496448444     
   216.000000000000000000000000000000000        0.10997314641998025     
   217.000000000000000000000000000000000        0.11528592445274714     
   218.000000000000000000000000000000000        0.12065192144391512     
   219.000000000000000000000000000000000        0.12606479938055856     
   220.000000000000000000000000000000000        0.13151790789150156     
   221.000000000000000000000000000000000        0.13700488614964232     
   222.000000000000000000000000000000000        0.14251875684079232     
   223.000000000000000000000000000000000        0.14805288575417438     
   224.000000000000000000000000000000000        0.15360042793627951     
   225.000000000000000000000000000000000        0.15915497344739510     
   226.000000000000000000000000000000000        0.16470939531665199     
   227.000000000000000000000000000000000        0.17025706097129195     
   228.000000000000000000000000000000000        0.17579133227036375     
   229.000000000000000000000000000000000        0.18130506006812197     
   230.000000000000000000000000000000000        0.18679227322468595     
   231.000000000000000000000000000000000        0.19224514599412643     
   232.000000000000000000000000000000000        0.19765828334647559     
   233.000000000000000000000000000000000        0.20302401974703713     
   234.000000000000000000000000000000000        0.20833685618236697     
   235.000000000000000000000000000000000        0.21358916773497344     
   236.000000000000000000000000000000000        0.21877577134135975     
   237.000000000000000000000000000000000        0.22388911761565583     
   238.000000000000000000000000000000000        0.22892416398401330     
   239.000000000000000000000000000000000        0.23387368906604694     
   240.000000000000000000000000000000000        0.23873263624786045     
   241.000000000000000000000000000000000        0.24349423825494360     
   242.000000000000000000000000000000000        0.24815335113663817     
   243.000000000000000000000000000000000        0.25270389483107752     
   244.000000000000000000000000000000000        0.25714074750109833     
   245.000000000000000000000000000000000        0.26145779027089305     
   246.000000000000000000000000000000000        0.26565049020064846     
   247.000000000000000000000000000000000        0.26971327647357612     
   248.000000000000000000000000000000000        0.27364121685408421     
   249.000000000000000000000000000000000        0.27743013353765317     
   250.000000000000000000000000000000000        0.28107461182881377     
   251.000000000000000000000000000000000        0.28457076570916617     
   252.000000000000000000000000000000000        0.28791376560061216     
   253.000000000000000000000000000000000        0.29110038454417980     
   254.000000000000000000000000000000000        0.29412588210747775     
   255.000000000000000000000000000000000        0.29698717839418554     
   256.000000000000000000000000000000000        0.29968023396378884     
   257.000000000000000000000000000000000        0.30220246738957851     
   258.000000000000000000000000000000000        0.30455041490498375     
   259.000000000000000000000000000000000        0.30672084316540416     
   260.000000000000000000000000000000000        0.30871122029366604     
   261.000000000000000000000000000000000        0.31052029264786990     
   262.000000000000000000000000000000000        0.31214387206545724     
   263.000000000000000000000000000000000        0.31358230529973985     
   264.000000000000000000000000000000000        0.31483168582609844     
   265.000000000000000000000000000000000        0.31589196330249669     
   266.000000000000000000000000000000000        0.31676084952191241     
   267.000000000000000000000000000000000        0.31743801423401613     
   268.000000000000000000000000000000000        0.31792189621580258     
   269.000000000000000000000000000000000        0.31821292588898759     
   270.000000000000000000000000000000000        0.31830972242608274     
   271.000000000000000000000000000000000        0.31821292297546167     
   272.000000000000000000000000000000000        0.31792188500634738     
   273.000000000000000000000000000000000        0.31743800550774526     
   274.000000000000000000000000000000000        0.31676115579435654     
   275.000000000000000000000000000000000        0.31589194880610655     
   276.000000000000000000000000000000000        0.31483224376173796     
   277.000000000000000000000000000000000        0.31358228510351943     
   278.000000000000000000000000000000000        0.31214464424869665     
   279.000000000000000000000000000000000        0.31052026685027656     
   280.000000000000000000000000000000000        0.30871193754554049     
   281.000000000000000000000000000000000        0.30672081189233119     
   282.000000000000000000000000000000000        0.30455065384213370     
   283.000000000000000000000000000000000        0.30220243079320080     
   284.000000000000000000000000000000000        0.29968061901613646     
   285.000000000000000000000000000000000        0.29698713665282234     
   286.000000000000000000000000000000000        0.29412612689373341     
   287.000000000000000000000000000000000        0.29110033786123957     
   288.000000000000000000000000000000000        0.28791423393104204     
   289.000000000000000000000000000000000        0.28457071431202391     
   290.000000000000000000000000000000000        0.28107458053788092     
   291.000000000000000000000000000000000        0.27743007767685185     
   292.000000000000000000000000000000000        0.27364151854474777     
   293.000000000000000000000000000000000        0.26971321642121576     
   294.000000000000000000000000000000000        0.26565071638940357     
   295.000000000000000000000000000000000        0.26145772631950753     
   296.000000000000000000000000000000000        0.25714053271527626     
   297.000000000000000000000000000000000        0.25270382729228741     
   298.000000000000000000000000000000000        0.24815353654901448     
   299.000000000000000000000000000000000        0.24349416745779145     
   300.000000000000000000000000000000000        0.23873285671008468     
   301.000000000000000000000000000000000        0.23387361535523707     
   302.000000000000000000000000000000000        0.22892411410883984     
   303.000000000000000000000000000000000        0.22388904135048823     
   304.000000000000000000000000000000000        0.21877587898211595     
   305.000000000000000000000000000000000        0.21358908928686107     
   306.000000000000000000000000000000000        0.20833671958420785     
   307.000000000000000000000000000000000        0.20302393949854985     
   308.000000000000000000000000000000000        0.19765782943218993     
   309.000000000000000000000000000000000        0.19224506433566962     
   310.000000000000000000000000000000000        0.18679181949729867     
   311.000000000000000000000000000000000        0.18130497739799104     
   312.000000000000000000000000000000000        0.17579119183456934     
   313.000000000000000000000000000000000        0.17025697769198636     
   314.000000000000000000000000000000000        0.16470926957724541     
   315.000000000000000000000000000000000        0.15915488996488253     
   316.000000000000000000000000000000000        0.15360001170885232     
   317.000000000000000000000000000000000        0.14805280247489483     
   318.000000000000000000000000000000000        0.14251852476379881     
   319.000000000000000000000000000000000        0.13700480347955027     
   320.000000000000000000000000000000000        0.13151749824189027     
   321.000000000000000000000000000000000        0.12606471772224961     
   322.000000000000000000000000000000000        0.12065173244933103     
   323.000000000000000000000000000000000        0.11528584420415165     
   324.000000000000000000000000000000000        0.10997318701543722     
   325.000000000000000000000000000000000        0.10472069651642625     
   326.000000000000000000000000000000000         9.9534390454430188E-002
   327.000000000000000000000000000000000         9.4420746999547278E-002
   328.000000000000000000000000000000000         8.9385812973794193E-002
   329.000000000000000000000000000000000         8.4436175974824029E-002
   330.000000000000000000000000000000000         7.9577391417444562E-002
   331.000000000000000000000000000000000         7.4815627271547544E-002
   332.000000000000000000000000000000000         7.0156878286001909E-002
   333.000000000000000000000000000000000         6.5605971238405739E-002
   334.000000000000000000000000000000000         6.1169320592119034E-002
   335.000000000000000000000000000000000         5.6852076396508334E-002
   336.000000000000000000000000000000000         5.2659345364544877E-002
   337.000000000000000000000000000000000         4.8596590843721553E-002
   338.000000000000000000000000000000000         4.4668364205335986E-002
   339.000000000000000000000000000000000         4.0879734478296237E-002
   340.000000000000000000000000000000000         3.7235117505634172E-002
   341.000000000000000000000000000000000         3.3739103050656451E-002
   342.000000000000000000000000000000000         3.0395818466402678E-002
   343.000000000000000000000000000000000         2.7209485001435992E-002
   344.000000000000000000000000000000000         2.4183591646624654E-002
   345.000000000000000000000000000000000         2.1322691975040959E-002
   346.000000000000000000000000000000000         1.8629416788431080E-002
   347.000000000000000000000000000000000         1.6107403837051632E-002
   348.000000000000000000000000000000000         1.3759636215025586E-002
   349.000000000000000000000000000000000         1.1589028948399626E-002
   350.000000000000000000000000000000000         9.5981980275717457E-003
   351.000000000000000000000000000000000         7.7895803786066356E-003
   352.000000000000000000000000000000000         6.1654675297537391E-003
   353.000000000000000000000000000000000         4.7275686602051802E-003
   354.000000000000000000000000000000000         3.4779043303860987E-003
   355.000000000000000000000000000000000         2.4179116073326751E-003
   356.000000000000000000000000000000000         1.5488753054099761E-003
   357.000000000000000000000000000000000         8.7186163760087003E-004
   358.000000000000000000000000000000000         3.8769073856130667E-004
   359.000000000000000000000000000000000         9.6950951482376488E-005
   360.000000000000000000000000000000000         4.3377210897374292E-013
