   1.00000000000000000000000000000000000         9.6952893807785885E-005
   2.00000000000000000000000000000000000         3.8769345305500192E-004
   3.00000000000000000000000000000000000         8.7186745512758744E-004
   4.00000000000000000000000000000000000         1.5488717950117087E-003
   5.00000000000000000000000000000000000         2.4179212717245760E-003
   6.00000000000000000000000000000000000         3.4779171655134819E-003
   7.00000000000000000000000000000000000         4.7275821243761007E-003
   8.00000000000000000000000000000000000         6.1654595604462787E-003
   9.00000000000000000000000000000000000         7.7895975769679696E-003
   10.0000000000000000000000000000000000         9.5982165950229854E-003
   11.0000000000000000000000000000000000         1.1589049797133853E-002
   12.0000000000000000000000000000000000         1.3759570011590927E-002
   13.0000000000000000000000000000000000         1.6107428234630242E-002
   14.0000000000000000000000000000000000         1.8629468351281413E-002
   15.0000000000000000000000000000000000         2.1322719802567065E-002
   16.0000000000000000000000000000000000         2.4183764025425686E-002
   17.0000000000000000000000000000000000         2.7209516123326085E-002
   18.0000000000000000000000000000000000         3.0395865753292336E-002
   19.0000000000000000000000000000000000         3.3739137315353898E-002
   20.0000000000000000000000000000000000         3.7235352973198348E-002
   21.0000000000000000000000000000000000         4.0879771718800688E-002
   22.0000000000000000000000000000000000         4.4668465799962538E-002
   23.0000000000000000000000000000000000         4.8596630878630837E-002
   24.0000000000000000000000000000000000         5.2659414867191869E-002
   25.0000000000000000000000000000000000         5.6852119030707166E-002
   26.0000000000000000000000000000000000         6.1169427834338798E-002
   27.0000000000000000000000000000000000         6.5606016264333503E-002
   28.0000000000000000000000000000000000         7.0156606705421093E-002
   29.0000000000000000000000000000000000         7.4815674469713406E-002
   30.0000000000000000000000000000000000         7.9577546463583324E-002
   31.0000000000000000000000000000000000         8.4436225115301924E-002
   32.0000000000000000000000000000000000         8.9385626392646134E-002
   33.0000000000000000000000000000000000         9.4420797842930115E-002
   34.0000000000000000000000000000000000         9.9534458693640845E-002
   35.0000000000000000000000000000000000        0.10472074881507792     
   36.0000000000000000000000000000000000        0.10997384423447254     
   37.0000000000000000000000000000000000        0.11528589770322593     
   38.0000000000000000000000000000000000        0.12065189017154666     
   39.0000000000000000000000000000000000        0.12606477216110473     
   40.0000000000000000000000000000000000        0.13151774106065564     
   41.0000000000000000000000000000000000        0.13700485859299225     
   42.0000000000000000000000000000000000        0.14251859264603145     
   43.0000000000000000000000000000000000        0.14805285799437887     
   44.0000000000000000000000000000000000        0.15360079907198881     
   45.0000000000000000000000000000000000        0.15915494561988835     
   46.0000000000000000000000000000000000        0.16470944131725235     
   47.0000000000000000000000000000000000        0.17025703321149299     
   48.0000000000000000000000000000000000        0.17579101889526369     
   49.0000000000000000000000000000000000        0.18130503251145641     
   50.0000000000000000000000000000000000        0.18679200698195064     
   51.0000000000000000000000000000000000        0.19224511877458772     
   52.0000000000000000000000000000000000        0.19765834319774214     
   53.0000000000000000000000000000000000        0.20302399299752741     
   54.0000000000000000000000000000000000        0.20833632667476989     
   55.0000000000000000000000000000000000        0.21358914158559650     
   56.0000000000000000000000000000000000        0.21877559908402347     
   57.0000000000000000000000000000000000        0.22388909219393274     
   58.0000000000000000000000000000000000        0.22892393116806914     
   59.0000000000000000000000000000000000        0.23387366449575525     
   60.0000000000000000000000000000000000        0.23873191408551522     
   61.0000000000000000000000000000000000        0.24349421465590768     
   62.0000000000000000000000000000000000        0.24815318145143095     
   63.0000000000000000000000000000000000        0.25270387231810315     
   64.0000000000000000000000000000000000        0.25714045793157853     
   65.0000000000000000000000000000000000        0.26145776895388723     
   66.0000000000000000000000000000000000        0.26565027878899750     
   67.0000000000000000000000000000000000        0.26971325645611494     
   68.0000000000000000000000000000000000        0.27364158904853136     
   69.0000000000000000000000000000000000        0.27743011491737524     
   70.0000000000000000000000000000000000        0.28107500843109712     
   71.0000000000000000000000000000000000        0.28457074857676296     
   72.0000000000000000000000000000000000        0.28791389965228481     
   73.0000000000000000000000000000000000        0.29110036898314851     
   74.0000000000000000000000000000000000        0.29412565785041050     
   75.0000000000000000000000000000000000        0.29698716448040524     
   76.0000000000000000000000000000000000        0.29968013403084814     
   77.0000000000000000000000000000000000        0.30220245519077865     
   78.0000000000000000000000000000000000        0.30454996829604797     
   79.0000000000000000000000000000000000        0.30672083274109907     
   80.0000000000000000000000000000000000        0.30871215272090174     
   81.0000000000000000000000000000000000        0.31052028404867477     
   82.0000000000000000000000000000000000        0.31214453950602972     
   83.0000000000000000000000000000000000        0.31358229856775216     
   84.0000000000000000000000000000000000        0.31483146961144709     
   85.0000000000000000000000000000000000        0.31589195847037188     
   86.0000000000000000000000000000000000        0.31676118217638422     
   87.0000000000000000000000000000000000        0.31743801132530880     
   88.0000000000000000000000000000000000        0.31792218125010158     
   89.0000000000000000000000000000000000        0.31821292491785730     
   90.0000000000000000000000000000000000        0.31830969828391437     
   91.0000000000000000000000000000000000        0.31821292394662787     
   92.0000000000000000000000000000000000        0.31792220515389907     
   93.0000000000000000000000000000000000        0.31743800841644010     
   94.0000000000000000000000000000000000        0.31676106643229168     
   95.0000000000000000000000000000000000        0.31589195363826061     
   96.0000000000000000000000000000000000        0.31483192353749212     
   97.0000000000000000000000000000000000        0.31358229183563918     
   98.0000000000000000000000000000000000        0.31214436858923589     
   99.0000000000000000000000000000000000        0.31052027544933769     
   100.000000000000000000000000000000000        0.30871123403774309     
   101.000000000000000000000000000000000        0.30672082231672615     
   102.000000000000000000000000000000000        0.30455037079704705     
   103.000000000000000000000000000000000        0.30220244299203131     
   104.000000000000000000000000000000000        0.29968023436478258     
   105.000000000000000000000000000000000        0.29698715056661529     
   106.000000000000000000000000000000000        0.29412570143123867     
   107.000000000000000000000000000000000        0.29110035342216495     
   108.000000000000000000000000000000000        0.28791406878555559     
   109.000000000000000000000000000000000        0.28457073144451661     
   110.000000000000000000000000000000000        0.28107485185049336     
   111.000000000000000000000000000000000        0.27743009629706150     
   112.000000000000000000000000000000000        0.27364173385838114     
   113.000000000000000000000000000000000        0.26971323643865758     
   114.000000000000000000000000000000000        0.26565047657759627     
   115.000000000000000000000000000000000        0.26145774763671081     
   116.000000000000000000000000000000000        0.25714017648606402     
   117.000000000000000000000000000000000        0.25270384980526939     
   118.000000000000000000000000000000000        0.24815300889334740     
   119.000000000000000000000000000000000        0.24349419105668982     
   120.000000000000000000000000000000000        0.23873268498702963     
   121.000000000000000000000000000000000        0.23387363992555416     
   122.000000000000000000000000000000000        0.22892406158145812     
   123.000000000000000000000000000000000        0.22388906677215809     
   124.000000000000000000000000000000000        0.21877514177678348     
   125.000000000000000000000000000000000        0.21358911543626435     
   126.000000000000000000000000000000000        0.20833657620821697     
   127.000000000000000000000000000000000        0.20302396624798338     
   128.000000000000000000000000000000000        0.19765785878619144     
   129.000000000000000000000000000000000        0.19224509155523745     
   130.000000000000000000000000000000000        0.18679168343690428     
   131.000000000000000000000000000000000        0.18130500495470084     
   132.000000000000000000000000000000000        0.17579100387544633     
   133.000000000000000000000000000000000        0.17025700545179803     
   134.000000000000000000000000000000000        0.16470913932332426     
   135.000000000000000000000000000000000        0.15915491779234314     
   136.000000000000000000000000000000000        0.15360042607395727     
   137.000000000000000000000000000000000        0.14805283023470972     
   138.000000000000000000000000000000000        0.14251826860207550     
   139.000000000000000000000000000000000        0.13700483103622307     
   140.000000000000000000000000000000000        0.13151786944633767     
   141.000000000000000000000000000000000        0.12606474494170261     
   142.000000000000000000000000000000000        0.12065147425395342     
   143.000000000000000000000000000000000        0.11528587095364555     
   144.000000000000000000000000000000000        0.10997318993635900     
   145.000000000000000000000000000000000        0.10472072266576950     
   146.000000000000000000000000000000000         9.9534756450436551E-002
   147.000000000000000000000000000000000         9.4420772421212454E-002
   148.000000000000000000000000000000000         8.9385996302119686E-002
   149.000000000000000000000000000000000         8.4436200545080622E-002
   150.000000000000000000000000000000000         7.9577405241594096E-002
   151.000000000000000000000000000000000         7.4815650870600797E-002
   152.000000000000000000000000000000000         7.0156597150817068E-002
   153.000000000000000000000000000000000         6.5605993751412767E-002
   154.000000000000000000000000000000000         6.1169406479329565E-002
   155.000000000000000000000000000000000         5.6852097713588859E-002
   156.000000000000000000000000000000000         5.2659532778446642E-002
   157.000000000000000000000000000000000         4.8596610861227837E-002
   158.000000000000000000000000000000000         4.4668385112699681E-002
   159.000000000000000000000000000000000         4.0879753098527129E-002
   160.000000000000000000000000000000000         3.7235126656456473E-002
   161.000000000000000000000000000000000         3.3739120183016426E-002
   162.000000000000000000000000000000000         3.0395966728820906E-002
   163.000000000000000000000000000000000         2.7209500562364899E-002
   164.000000000000000000000000000000000         2.4183879015160184E-002
   165.000000000000000000000000000000000         2.1322705888795725E-002
   166.000000000000000000000000000000000         1.8629518505568265E-002
   167.000000000000000000000000000000000         1.6107416035813192E-002
   168.000000000000000000000000000000000         1.3759654891384353E-002
   169.000000000000000000000000000000000         1.1589039372760878E-002
   170.000000000000000000000000000000000         9.5981107986051941E-003
   171.000000000000000000000000000000000         7.7895889777790037E-003
   172.000000000000000000000000000000000         6.1653795356291881E-003
   173.000000000000000000000000000000000         4.7275753922930231E-003
   174.000000000000000000000000000000000         3.4778604089093870E-003
   175.000000000000000000000000000000000         2.4179164395247235E-003
   176.000000000000000000000000000000000         1.5488949595882328E-003
   177.000000000000000000000000000000000         8.7186454636658064E-004
   178.000000000000000000000000000000000         3.8768935879885893E-004
   179.000000000000000000000000000000000         9.6951922642577764E-005
   180.000000000000000000000000000000000         2.3922592110670579E-015
   181.000000000000000000000000000000000         9.6953864975383587E-005
   182.000000000000000000000000000000000         3.8769616222307691E-004
   183.000000000000000000000000000000000         8.7187036390252819E-004
   184.000000000000000000000000000000000         1.5488896633479566E-003
   185.000000000000000000000000000000000         2.4179261039227393E-003
   186.000000000000000000000000000000000         3.4779232433891703E-003
   187.000000000000000000000000000000000         4.7275888564765854E-003
   188.000000000000000000000000000000000         6.1653955162709580E-003
   189.000000000000000000000000000000000         7.7896061761441723E-003
   190.000000000000000000000000000000000         9.5982658261422483E-003
   191.000000000000000000000000000000000         1.1589060221540265E-002
   192.000000000000000000000000000000000         1.3759679710259373E-002
   193.000000000000000000000000000000000         1.6107440433404663E-002
   194.000000000000000000000000000000000         1.8629510996023568E-002
   195.000000000000000000000000000000000         2.1322733716336268E-002
   196.000000000000000000000000000000000         2.4183900476497322E-002
   197.000000000000000000000000000000000         2.7209531684298467E-002
   198.000000000000000000000000000000000         3.0395877987588305E-002
   199.000000000000000000000000000000000         3.3739154447694188E-002
   200.000000000000000000000000000000000         3.7235216884121174E-002
   201.000000000000000000000000000000000         4.0879790339006496E-002
   202.000000000000000000000000000000000         4.4668330147279368E-002
   203.000000000000000000000000000000000         4.8596650896109449E-002
   204.000000000000000000000000000000000         5.2659565297288359E-002
   205.000000000000000000000000000000000         5.6852140347858175E-002
   206.000000000000000000000000000000000         6.1169482969249192E-002
   207.000000000000000000000000000000000         6.5606038777281689E-002
   208.000000000000000000000000000000000         7.0156662269120845E-002
   209.000000000000000000000000000000000         7.4815698068802394E-002
   210.000000000000000000000000000000000         7.9577418449624474E-002
   211.000000000000000000000000000000000         8.4436249685639106E-002
   212.000000000000000000000000000000000         8.9386028788776065E-002
   213.000000000000000000000000000000000         9.4420823264654022E-002
   214.000000000000000000000000000000000         9.9534414937269791E-002
   215.000000000000000000000000000000000        0.10472077496446805     
   216.000000000000000000000000000000000        0.10997320479182569     
   217.000000000000000000000000000000000        0.11528592445275528     
   218.000000000000000000000000000000000        0.12065191795547277     
   219.000000000000000000000000000000000        0.12606479938055951     
   220.000000000000000000000000000000000        0.13151793169966675     
   221.000000000000000000000000000000000        0.13700488614965514     
   222.000000000000000000000000000000000        0.14251875559157454     
   223.000000000000000000000000000000000        0.14805288575416925     
   224.000000000000000000000000000000000        0.15360045627509017     
   225.000000000000000000000000000000000        0.15915497344740254     
   226.000000000000000000000000000000000        0.16470939664172590     
   227.000000000000000000000000000000000        0.17025706097127546     
   228.000000000000000000000000000000000        0.17579129929619725     
   229.000000000000000000000000000000000        0.18130506006812083     
   230.000000000000000000000000000000000        0.18679219294971069     
   231.000000000000000000000000000000000        0.19224514599410425     
   232.000000000000000000000000000000000        0.19765822444401551     
   233.000000000000000000000000000000000        0.20302401974705034     
   234.000000000000000000000000000000000        0.20833678362349109     
   235.000000000000000000000000000000000        0.21358916773495867     
   236.000000000000000000000000000000000        0.21877569707281289     
   237.000000000000000000000000000000000        0.22388911761565711     
   238.000000000000000000000000000000000        0.22892410175877545     
   239.000000000000000000000000000000000        0.23387368906604822     
   240.000000000000000000000000000000000        0.23873258917884069     
   241.000000000000000000000000000000000        0.24349423825494360     
   242.000000000000000000000000000000000        0.24815333452754992     
   243.000000000000000000000000000000000        0.25270389483108557     
   244.000000000000000000000000000000000        0.25714069595621619     
   245.000000000000000000000000000000000        0.26145779027091481     
   246.000000000000000000000000000000000        0.26565047036163575     
   247.000000000000000000000000000000000        0.26971327647356780     
   248.000000000000000000000000000000000        0.27364127211239225     
   249.000000000000000000000000000000000        0.27743013353764195     
   250.000000000000000000000000000000000        0.28107463775727215     
   251.000000000000000000000000000000000        0.28457076570916617     
   252.000000000000000000000000000000000        0.28791382465949622     
   253.000000000000000000000000000000000        0.29110038454416542     
   254.000000000000000000000000000000000        0.29412591092939039     
   255.000000000000000000000000000000000        0.29698717839416233     
   256.000000000000000000000000000000000        0.29968028034704003     
   257.000000000000000000000000000000000        0.30220246738957851     
   258.000000000000000000000000000000000        0.30455036960693316     
   259.000000000000000000000000000000000        0.30672084316541004     
   260.000000000000000000000000000000000        0.30871132914328536     
   261.000000000000000000000000000000000        0.31052029264785802     
   262.000000000000000000000000000000000        0.31214402182978346     
   263.000000000000000000000000000000000        0.31358230529974579     
   264.000000000000000000000000000000000        0.31483175367905630     
   265.000000000000000000000000000000000        0.31589196330251762     
   266.000000000000000000000000000000000        0.31676088518705858     
   267.000000000000000000000000000000000        0.31743801423401913     
   268.000000000000000000000000000000000        0.31792196595232103     
   269.000000000000000000000000000000000        0.31821292588897854     
   270.000000000000000000000000000000000        0.31830975960206082     
   271.000000000000000000000000000000000        0.31821292297545867     
   272.000000000000000000000000000000000        0.31792195603550610     
   273.000000000000000000000000000000000        0.31743800550773926     
   274.000000000000000000000000000000000        0.31676111516566718     
   275.000000000000000000000000000000000        0.31589194880607657     
   276.000000000000000000000000000000000        0.31483217354445919     
   277.000000000000000000000000000000000        0.31358228510351349     
   278.000000000000000000000000000000000        0.31214460316647613     
   279.000000000000000000000000000000000        0.31052026685027656     
   280.000000000000000000000000000000000        0.30871186740207179     
   281.000000000000000000000000000000000        0.30672081189232231     
   282.000000000000000000000000000000000        0.30455054304983620     
   283.000000000000000000000000000000000        0.30220243079320375     
   284.000000000000000000000000000000000        0.29968056358057160     
   285.000000000000000000000000000000000        0.29698713665281362     
   286.000000000000000000000000000000000        0.29412608634957271     
   287.000000000000000000000000000000000        0.29110033786123957     
   288.000000000000000000000000000000000        0.28791416881385834     
   289.000000000000000000000000000000000        0.28457071431205233     
   290.000000000000000000000000000000000        0.28107460109738369     
   291.000000000000000000000000000000000        0.27743007767684902     
   292.000000000000000000000000000000000        0.27364148747924888     
   293.000000000000000000000000000000000        0.26971321642120744     
   294.000000000000000000000000000000000        0.26565062737554740     
   295.000000000000000000000000000000000        0.26145772631952935     
   296.000000000000000000000000000000000        0.25714051693055390     
   297.000000000000000000000000000000000        0.25270382729228202     
   298.000000000000000000000000000000000        0.24815345883048573     
   299.000000000000000000000000000000000        0.24349416745776384     
   300.000000000000000000000000000000000        0.23873273937855927     
   301.000000000000000000000000000000000        0.23387361535524995     
   302.000000000000000000000000000000000        0.22892404584556064     
   303.000000000000000000000000000000000        0.22388904135049204     
   304.000000000000000000000000000000000        0.21877576030286314     
   305.000000000000000000000000000000000        0.21358908928687706     
   306.000000000000000000000000000000000        0.20833666075369509     
   307.000000000000000000000000000000000        0.20302393949852823     
   308.000000000000000000000000000000000        0.19765786002849323     
   309.000000000000000000000000000000000        0.19224506433568364     
   310.000000000000000000000000000000000        0.18679182838548766     
   311.000000000000000000000000000000000        0.18130497739798310     
   312.000000000000000000000000000000000        0.17579117263893024     
   313.000000000000000000000000000000000        0.17025697769198528     
   314.000000000000000000000000000000000        0.16470928105615679     
   315.000000000000000000000000000000000        0.15915488996486765     
   316.000000000000000000000000000000000        0.15360011991856984     
   317.000000000000000000000000000000000        0.14805280247489894     
   318.000000000000000000000000000000000        0.14251855928698653     
   319.000000000000000000000000000000000        0.13700480347954730     
   320.000000000000000000000000000000000        0.13151760063446710     
   321.000000000000000000000000000000000        0.12606471772225150     
   322.000000000000000000000000000000000        0.12065175487891075     
   323.000000000000000000000000000000000        0.11528584420415165     
   324.000000000000000000000000000000000        0.10997321658918986     
   325.000000000000000000000000000000000        0.10472069651642797     
   326.000000000000000000000000000000000         9.9534393354061640E-002
   327.000000000000000000000000000000000         9.4420746999534996E-002
   328.000000000000000000000000000000000         8.9385848286030273E-002
   329.000000000000000000000000000000000         8.4436175974825584E-002
   330.000000000000000000000000000000000         7.9577399513104136E-002
   331.000000000000000000000000000000000         7.4815627271543172E-002
   332.000000000000000000000000000000000         7.0156807623433973E-002
   333.000000000000000000000000000000000         6.5605971238411193E-002
   334.000000000000000000000000000000000         6.1169323721455733E-002
   335.000000000000000000000000000000000         5.6852076396498169E-002
   336.000000000000000000000000000000000         5.2659372744555524E-002
   337.000000000000000000000000000000000         4.8596590843727430E-002
   338.000000000000000000000000000000000         4.4668377731322970E-002
   339.000000000000000000000000000000000         4.0879734478292469E-002
   340.000000000000000000000000000000000         3.7235124948685382E-002
   341.000000000000000000000000000000000         3.3739103050661585E-002
   342.000000000000000000000000000000000         3.0395827826872942E-002
   343.000000000000000000000000000000000         2.7209485001430937E-002
   344.000000000000000000000000000000000         2.4183657912263415E-002
   345.000000000000000000000000000000000         2.1322691975041348E-002
   346.000000000000000000000000000000000         1.8629423215174922E-002
   347.000000000000000000000000000000000         1.6107403837049433E-002
   348.000000000000000000000000000000000         1.3759638444294618E-002
   349.000000000000000000000000000000000         1.1589028948399123E-002
   350.000000000000000000000000000000000         9.5981981969594527E-003
   351.000000000000000000000000000000000         7.7895803786061065E-003
   352.000000000000000000000000000000000         6.1654459002666714E-003
   353.000000000000000000000000000000000         4.7275686602053181E-003
   354.000000000000000000000000000000000         3.4779047038236643E-003
   355.000000000000000000000000000000000         2.4179116073322986E-003
   356.000000000000000000000000000000000         1.5488757752055641E-003
   357.000000000000000000000000000000000         8.7186163760118477E-004
   358.000000000000000000000000000000000         3.8769045828893821E-004
   359.000000000000000000000000000000000         9.6950951482318280E-005
   360.000000000000000000000000000000000         2.2740635249832355E-013
