   1.00000000000000000000000000000000000         9.6952893807447234E-005
   2.00000000000000000000000000000000000         3.8769345305437016E-004
   3.00000000000000000000000000000000000         8.7186745512851020E-004
   4.00000000000000000000000000000000000         1.5488747506714317E-003
   5.00000000000000000000000000000000000         2.4179212717241479E-003
   6.00000000000000000000000000000000000         3.4779172308724081E-003
   7.00000000000000000000000000000000000         4.7275821243762941E-003
   8.00000000000000000000000000000000000         6.1654446154692484E-003
   9.00000000000000000000000000000000000         7.7895975769655176E-003
   10.0000000000000000000000000000000000         9.5982168575111868E-003
   11.0000000000000000000000000000000000         1.1589049797136484E-002
   12.0000000000000000000000000000000000         1.3759591961469416E-002
   13.0000000000000000000000000000000000         1.6107428234625642E-002
   14.0000000000000000000000000000000000         1.8629468651850466E-002
   15.0000000000000000000000000000000000         2.1322719802567811E-002
   16.0000000000000000000000000000000000         2.4183793824897749E-002
   17.0000000000000000000000000000000000         2.7209516123326030E-002
   18.0000000000000000000000000000000000         3.0395871217516669E-002
   19.0000000000000000000000000000000000         3.3739137315353961E-002
   20.0000000000000000000000000000000000         3.7235315242008772E-002
   21.0000000000000000000000000000000000         4.0879771718796615E-002
   22.0000000000000000000000000000000000         4.4668464329220670E-002
   23.0000000000000000000000000000000000         4.8596630878634639E-002
   24.0000000000000000000000000000000000         5.2659434090729498E-002
   25.0000000000000000000000000000000000         5.6852119030708900E-002
   26.0000000000000000000000000000000000         6.1169416572613454E-002
   27.0000000000000000000000000000000000         6.5606016264330977E-002
   28.0000000000000000000000000000000000         7.0156611915828532E-002
   29.0000000000000000000000000000000000         7.4815674469709936E-002
   30.0000000000000000000000000000000000         7.9577530108792635E-002
   31.0000000000000000000000000000000000         8.4436225115309987E-002
   32.0000000000000000000000000000000000         8.9385712228695458E-002
   33.0000000000000000000000000000000000         9.4420797842929130E-002
   34.0000000000000000000000000000000000         9.9534457674773924E-002
   35.0000000000000000000000000000000000        0.10472074881508080     
   36.0000000000000000000000000000000000        0.10997373662797660     
   37.0000000000000000000000000000000000        0.11528589770322743     
   38.0000000000000000000000000000000000        0.12065188787570867     
   39.0000000000000000000000000000000000        0.12606477216111051     
   40.0000000000000000000000000000000000        0.13151779443767891     
   41.0000000000000000000000000000000000        0.13700485859298761     
   42.0000000000000000000000000000000000        0.14251862201902751     
   43.0000000000000000000000000000000000        0.14805285799438581     
   44.0000000000000000000000000000000000        0.15360073624625273     
   45.0000000000000000000000000000000000        0.15915494561988791     
   46.0000000000000000000000000000000000        0.16470942604184710     
   47.0000000000000000000000000000000000        0.17025703321149033     
   48.0000000000000000000000000000000000        0.17579105206934195     
   49.0000000000000000000000000000000000        0.18130503251144234     
   50.0000000000000000000000000000000000        0.18679198558857021     
   51.0000000000000000000000000000000000        0.19224511877459147     
   52.0000000000000000000000000000000000        0.19765826887213814     
   53.0000000000000000000000000000000000        0.20302399299753121     
   54.0000000000000000000000000000000000        0.20833637157119653     
   55.0000000000000000000000000000000000        0.21358914158559517     
   56.0000000000000000000000000000000000        0.21877556262436465     
   57.0000000000000000000000000000000000        0.22388909219393410     
   58.0000000000000000000000000000000000        0.22892391965570333     
   59.0000000000000000000000000000000000        0.23387366449576658     
   60.0000000000000000000000000000000000        0.23873202636199412     
   61.0000000000000000000000000000000000        0.24349421465589519     
   62.0000000000000000000000000000000000        0.24815319876696049     
   63.0000000000000000000000000000000000        0.25270387231811831     
   64.0000000000000000000000000000000000        0.25714046975794586     
   65.0000000000000000000000000000000000        0.26145776895387951     
   66.0000000000000000000000000000000000        0.26565030296237319     
   67.0000000000000000000000000000000000        0.26971325645611099     
   68.0000000000000000000000000000000000        0.27364155297227100     
   69.0000000000000000000000000000000000        0.27743011491736924     
   70.0000000000000000000000000000000000        0.28107493988211163     
   71.0000000000000000000000000000000000        0.28457074857677905     
   72.0000000000000000000000000000000000        0.28791392105225033     
   73.0000000000000000000000000000000000        0.29110036898315056     
   74.0000000000000000000000000000000000        0.29412573157716582     
   75.0000000000000000000000000000000000        0.29698716448038875     
   76.0000000000000000000000000000000000        0.29968019669200441     
   77.0000000000000000000000000000000000        0.30220245519078071     
   78.0000000000000000000000000000000000        0.30455002344506976     
   79.0000000000000000000000000000000000        0.30672083274109069     
   80.0000000000000000000000000000000000        0.30871204347247039     
   81.0000000000000000000000000000000000        0.31052028404866633     
   82.0000000000000000000000000000000000        0.31214452807741855     
   83.0000000000000000000000000000000000        0.31358229856773734     
   84.0000000000000000000000000000000000        0.31483157992121313     
   85.0000000000000000000000000000000000        0.31589195847037399     
   86.0000000000000000000000000000000000        0.31676114014107831     
   87.0000000000000000000000000000000000        0.31743801132530031     
   88.0000000000000000000000000000000000        0.31792218205389566     
   89.0000000000000000000000000000000000        0.31821292491784031     
   90.0000000000000000000000000000000000        0.31830973833280002     
   91.0000000000000000000000000000000000        0.31821292394662787     
   92.0000000000000000000000000000000000        0.31792220017658623     
   93.0000000000000000000000000000000000        0.31743800841645070     
   94.0000000000000000000000000000000000        0.31676104942082167     
   95.0000000000000000000000000000000000        0.31589195363824574     
   96.0000000000000000000000000000000000        0.31483193101703955     
   97.0000000000000000000000000000000000        0.31358229183562647     
   98.0000000000000000000000000000000000        0.31214439367628460     
   99.0000000000000000000000000000000000        0.31052027544936717     
   100.000000000000000000000000000000000        0.30871132815530566     
   101.000000000000000000000000000000000        0.30672082231671360     
   102.000000000000000000000000000000000        0.30455033338119042     
   103.000000000000000000000000000000000        0.30220244299202714     
   104.000000000000000000000000000000000        0.29968027166056593     
   105.000000000000000000000000000000000        0.29698715056660091     
   106.000000000000000000000000000000000        0.29412576211113101     
   107.000000000000000000000000000000000        0.29110035342217516     
   108.000000000000000000000000000000000        0.28791404869436266     
   109.000000000000000000000000000000000        0.28457073144450851     
   110.000000000000000000000000000000000        0.28107481432504372     
   111.000000000000000000000000000000000        0.27743009629707144     
   112.000000000000000000000000000000000        0.27364166106647442     
   113.000000000000000000000000000000000        0.26971323643865169     
   114.000000000000000000000000000000000        0.26565045188302072     
   115.000000000000000000000000000000000        0.26145774763671659     
   116.000000000000000000000000000000000        0.25714024636229693     
   117.000000000000000000000000000000000        0.25270384980525612     
   118.000000000000000000000000000000000        0.24815305964697684     
   119.000000000000000000000000000000000        0.24349419105670753     
   120.000000000000000000000000000000000        0.23873261943439750     
   121.000000000000000000000000000000000        0.23387363992555232     
   122.000000000000000000000000000000000        0.22892401530305317     
   123.000000000000000000000000000000000        0.22388906677217327     
   124.000000000000000000000000000000000        0.21877520183819435     
   125.000000000000000000000000000000000        0.21358911543626261     
   126.000000000000000000000000000000000        0.20833655936803122     
   127.000000000000000000000000000000000        0.20302396624798846     
   128.000000000000000000000000000000000        0.19765788677614005     
   129.000000000000000000000000000000000        0.19224509155522088     
   130.000000000000000000000000000000000        0.18679172828542015     
   131.000000000000000000000000000000000        0.18130500495469601     
   132.000000000000000000000000000000000        0.17579103421874026     
   133.000000000000000000000000000000000        0.17025700545178246     
   134.000000000000000000000000000000000        0.16470918537839424     
   135.000000000000000000000000000000000        0.15915491779234614     
   136.000000000000000000000000000000000        0.15360044046122431     
   137.000000000000000000000000000000000        0.14805283023469812     
   138.000000000000000000000000000000000        0.14251836426805645     
   139.000000000000000000000000000000000        0.13700483103623073     
   140.000000000000000000000000000000000        0.13151788797551289     
   141.000000000000000000000000000000000        0.12606474494169995     
   142.000000000000000000000000000000000        0.12065155895257901     
   143.000000000000000000000000000000000        0.11528587095365644     
   144.000000000000000000000000000000000        0.10997322276617556     
   145.000000000000000000000000000000000        0.10472072266576705     
   146.000000000000000000000000000000000         9.9534683056698908E-002
   147.000000000000000000000000000000000         9.4420772421212454E-002
   148.000000000000000000000000000000000         8.9385993800716573E-002
   149.000000000000000000000000000000000         8.4436200545080622E-002
   150.000000000000000000000000000000000         7.9577415085290149E-002
   151.000000000000000000000000000000000         7.4815650870603892E-002
   152.000000000000000000000000000000000         7.0156599338028300E-002
   153.000000000000000000000000000000000         6.5605993751403580E-002
   154.000000000000000000000000000000000         6.1169395089346774E-002
   155.000000000000000000000000000000000         5.6852097713589310E-002
   156.000000000000000000000000000000000         5.2659521001337944E-002
   157.000000000000000000000000000000000         4.8596610861220142E-002
   158.000000000000000000000000000000000         4.4668397366465294E-002
   159.000000000000000000000000000000000         4.0879753098528086E-002
   160.000000000000000000000000000000000         3.7235135547697355E-002
   161.000000000000000000000000000000000         3.3739120183015558E-002
   162.000000000000000000000000000000000         3.0395945947686367E-002
   163.000000000000000000000000000000000         2.7209500562365988E-002
   164.000000000000000000000000000000000         2.4183879794751596E-002
   165.000000000000000000000000000000000         2.1322705888797377E-002
   166.000000000000000000000000000000000         1.8629504665143421E-002
   167.000000000000000000000000000000000         1.6107416035815829E-002
   168.000000000000000000000000000000000         1.3759655323259262E-002
   169.000000000000000000000000000000000         1.1589039372762568E-002
   170.000000000000000000000000000000000         9.5981325971073277E-003
   171.000000000000000000000000000000000         7.7895889777790306E-003
   172.000000000000000000000000000000000         6.1653807752450945E-003
   173.000000000000000000000000000000000         4.7275753922919961E-003
   174.000000000000000000000000000000000         3.4778718756292232E-003
   175.000000000000000000000000000000000         2.4179164395247603E-003
   176.000000000000000000000000000000000         1.5488918674038874E-003
   177.000000000000000000000000000000000         8.7186454636606781E-004
   178.000000000000000000000000000000000         3.8768984041393645E-004
   179.000000000000000000000000000000000         9.6951922642415296E-005
   180.000000000000000000000000000000000         2.4012891725822362E-015
   181.000000000000000000000000000000000         9.6953864975475311E-005
   182.000000000000000000000000000000000         3.8769599042956851E-004
   183.000000000000000000000000000000000         8.7187036390269233E-004
   184.000000000000000000000000000000000         1.5488894884425407E-003
   185.000000000000000000000000000000000         2.4179261039235607E-003
   186.000000000000000000000000000000000         3.4779232433868050E-003
   187.000000000000000000000000000000000         4.7275888564747874E-003
   188.000000000000000000000000000000000         6.1653966127233435E-003
   189.000000000000000000000000000000000         7.7896061761436042E-003
   190.000000000000000000000000000000000         9.5982572053320246E-003
   191.000000000000000000000000000000000         1.1589060221536796E-002
   192.000000000000000000000000000000000         1.3759679654073556E-002
   193.000000000000000000000000000000000         1.6107440433404036E-002
   194.000000000000000000000000000000000         1.8629504679899170E-002
   195.000000000000000000000000000000000         2.1322733716336723E-002
   196.000000000000000000000000000000000         2.4183903052576200E-002
   197.000000000000000000000000000000000         2.7209531684296552E-002
   198.000000000000000000000000000000000         3.0395884373910380E-002
   199.000000000000000000000000000000000         3.3739154447694424E-002
   200.000000000000000000000000000000000         3.7235213595025754E-002
   201.000000000000000000000000000000000         4.0879790339014427E-002
   202.000000000000000000000000000000000         4.4668363343836608E-002
   203.000000000000000000000000000000000         4.8596650896107450E-002
   204.000000000000000000000000000000000         5.2659555497758047E-002
   205.000000000000000000000000000000000         5.6852140347855823E-002
   206.000000000000000000000000000000000         6.1169464279748245E-002
   207.000000000000000000000000000000000         6.5606038777278788E-002
   208.000000000000000000000000000000000         7.0156660211217373E-002
   209.000000000000000000000000000000000         7.4815698068799813E-002
   210.000000000000000000000000000000000         7.9577436120179437E-002
   211.000000000000000000000000000000000         8.4436249685628129E-002
   212.000000000000000000000000000000000         8.9386030209852071E-002
   213.000000000000000000000000000000000         9.4420823264652870E-002
   214.000000000000000000000000000000000         9.9534429477340758E-002
   215.000000000000000000000000000000000        0.10472077496445645     
   216.000000000000000000000000000000000        0.10997324613855892     
   217.000000000000000000000000000000000        0.11528592445276105     
   218.000000000000000000000000000000000        0.12065191548449281     
   219.000000000000000000000000000000000        0.12606479938056017     
   220.000000000000000000000000000000000        0.13151794856378510     
   221.000000000000000000000000000000000        0.13700488614966422     
   222.000000000000000000000000000000000        0.14251875470671191     
   223.000000000000000000000000000000000        0.14805288575416564     
   224.000000000000000000000000000000000        0.15360047634841598     
   225.000000000000000000000000000000000        0.15915497344740781     
   226.000000000000000000000000000000000        0.16470939758031994     
   227.000000000000000000000000000000000        0.17025706097126378     
   228.000000000000000000000000000000000        0.17579127593949784     
   229.000000000000000000000000000000000        0.18130506006812003     
   230.000000000000000000000000000000000        0.18679213608828033     
   231.000000000000000000000000000000000        0.19224514599408851     
   232.000000000000000000000000000000000        0.19765818272144492     
   233.000000000000000000000000000000000        0.20302401974705969     
   234.000000000000000000000000000000000        0.20833673222762833     
   235.000000000000000000000000000000000        0.21358916773494821     
   236.000000000000000000000000000000000        0.21877564446593314     
   237.000000000000000000000000000000000        0.22388911761565800     
   238.000000000000000000000000000000000        0.22892405768257043     
   239.000000000000000000000000000000000        0.23387368906604913     
   240.000000000000000000000000000000000        0.23873255583828779     
   241.000000000000000000000000000000000        0.24349423825494357     
   242.000000000000000000000000000000000        0.24815332276277943     
   243.000000000000000000000000000000000        0.25270389483109124     
   244.000000000000000000000000000000000        0.25714065944526110     
   245.000000000000000000000000000000000        0.26145779027093030     
   246.000000000000000000000000000000000        0.26565045630900219     
   247.000000000000000000000000000000000        0.26971327647356197     
   248.000000000000000000000000000000000        0.27364131125369712     
   249.000000000000000000000000000000000        0.27743013353763396     
   250.000000000000000000000000000000000        0.28107465612326415     
   251.000000000000000000000000000000000        0.28457076570916617     
   252.000000000000000000000000000000000        0.28791386649287615     
   253.000000000000000000000000000000000        0.29110038454415521     
   254.000000000000000000000000000000000        0.29412593134491272     
   255.000000000000000000000000000000000        0.29698717839414585     
   256.000000000000000000000000000000000        0.29968031320184518     
   257.000000000000000000000000000000000        0.30220246738957851     
   258.000000000000000000000000000000000        0.30455033752081601     
   259.000000000000000000000000000000000        0.30672084316541420     
   260.000000000000000000000000000000000        0.30871140624511056     
   261.000000000000000000000000000000000        0.31052029264784958     
   262.000000000000000000000000000000000        0.31214412791286955     
   263.000000000000000000000000000000000        0.31358230529975001     
   264.000000000000000000000000000000000        0.31483180174157255     
   265.000000000000000000000000000000000        0.31589196330253250     
   266.000000000000000000000000000000000        0.31676091044987165     
   267.000000000000000000000000000000000        0.31743801423402129     
   268.000000000000000000000000000000000        0.31792201534902620     
   269.000000000000000000000000000000000        0.31821292588897215     
   270.000000000000000000000000000000000        0.31830978593504666     
   271.000000000000000000000000000000000        0.31821292297545650     
   272.000000000000000000000000000000000        0.31792200634783169     
   273.000000000000000000000000000000000        0.31743800550773504     
   274.000000000000000000000000000000000        0.31676108638701383     
   275.000000000000000000000000000000000        0.31589194880605537     
   276.000000000000000000000000000000000        0.31483212380722486     
   277.000000000000000000000000000000000        0.31358228510350927     
   278.000000000000000000000000000000000        0.31214457406657153     
   279.000000000000000000000000000000000        0.31052026685027656     
   280.000000000000000000000000000000000        0.30871181771711964     
   281.000000000000000000000000000000000        0.30672081189231604     
   282.000000000000000000000000000000000        0.30455046457197099     
   283.000000000000000000000000000000000        0.30220243079320580     
   284.000000000000000000000000000000000        0.29968052431371622     
   285.000000000000000000000000000000000        0.29698713665280746     
   286.000000000000000000000000000000000        0.29412605763079391     
   287.000000000000000000000000000000000        0.29110033786123957     
   288.000000000000000000000000000000000        0.28791412268919098     
   289.000000000000000000000000000000000        0.28457071431207248     
   290.000000000000000000000000000000000        0.28107461566036523     
   291.000000000000000000000000000000000        0.27743007767684702     
   292.000000000000000000000000000000000        0.27364146547452162     
   293.000000000000000000000000000000000        0.26971321642120161     
   294.000000000000000000000000000000000        0.26565056432407497     
   295.000000000000000000000000000000000        0.26145772631954478     
   296.000000000000000000000000000000000        0.25714050574970915     
   297.000000000000000000000000000000000        0.25270382729227825     
   298.000000000000000000000000000000000        0.24815340377986855     
   299.000000000000000000000000000000000        0.24349416745774427     
   300.000000000000000000000000000000000        0.23873265626874621     
   301.000000000000000000000000000000000        0.23387361535525908     
   302.000000000000000000000000000000000        0.22892399749241069     
   303.000000000000000000000000000000000        0.22388904135049470     
   304.000000000000000000000000000000000        0.21877567623841185     
   305.000000000000000000000000000000000        0.21358908928688841     
   306.000000000000000000000000000000000        0.20833661908208692     
   307.000000000000000000000000000000000        0.20302393949851294     
   308.000000000000000000000000000000000        0.19765788170087617     
   309.000000000000000000000000000000000        0.19224506433569358     
   310.000000000000000000000000000000000        0.18679183468128829     
   311.000000000000000000000000000000000        0.18130497739797746     
   312.000000000000000000000000000000000        0.17579115904201986     
   313.000000000000000000000000000000000        0.17025697769198450     
   314.000000000000000000000000000000000        0.16470928918705258     
   315.000000000000000000000000000000000        0.15915488996485710     
   316.000000000000000000000000000000000        0.15360019656714283     
   317.000000000000000000000000000000000        0.14805280247490185     
   318.000000000000000000000000000000000        0.14251858374091370     
   319.000000000000000000000000000000000        0.13700480347954522     
   320.000000000000000000000000000000000        0.13151767316256649     
   321.000000000000000000000000000000000        0.12606471772225283     
   322.000000000000000000000000000000000        0.12065177076653098     
   323.000000000000000000000000000000000        0.11528584420415165     
   324.000000000000000000000000000000000        0.10997323753726705     
   325.000000000000000000000000000000000        0.10472069651642919     
   326.000000000000000000000000000000000         9.9534395407967269E-002
   327.000000000000000000000000000000000         9.4420746999526295E-002
   328.000000000000000000000000000000000         8.9385873298868393E-002
   329.000000000000000000000000000000000         8.4436175974826680E-002
   330.000000000000000000000000000000000         7.9577405247529903E-002
   331.000000000000000000000000000000000         7.4815627271540078E-002
   332.000000000000000000000000000000000         7.0156757570803210E-002
   333.000000000000000000000000000000000         6.5605971238415065E-002
   334.000000000000000000000000000000000         6.1169325938069272E-002
   335.000000000000000000000000000000000         5.6852076396490966E-002
   336.000000000000000000000000000000000         5.2659392138734044E-002
   337.000000000000000000000000000000000         4.8596590843731587E-002
   338.000000000000000000000000000000000         4.4668387312231654E-002
   339.000000000000000000000000000000000         4.0879734478289798E-002
   340.000000000000000000000000000000000         3.7235130220847110E-002
   341.000000000000000000000000000000000         3.3739103050665228E-002
   342.000000000000000000000000000000000         3.0395834457206915E-002
   343.000000000000000000000000000000000         2.7209485001427357E-002
   344.000000000000000000000000000000000         2.4183704850479132E-002
   345.000000000000000000000000000000000         2.1322691975041622E-002
   346.000000000000000000000000000000000         1.8629427767452481E-002
   347.000000000000000000000000000000000         1.6107403837047875E-002
   348.000000000000000000000000000000000         1.3759640023360293E-002
   349.000000000000000000000000000000000         1.1589028948398767E-002
   350.000000000000000000000000000000000         9.5981983169424120E-003
   351.000000000000000000000000000000000         7.7895803786057318E-003
   352.000000000000000000000000000000000         6.1654305794029531E-003
   353.000000000000000000000000000000000         4.7275686602054152E-003
   354.000000000000000000000000000000000         3.4779049683419522E-003
   355.000000000000000000000000000000000         2.4179116073320315E-003
   356.000000000000000000000000000000000         1.5488761079774820E-003
   357.000000000000000000000000000000000         8.7186163760140769E-004
   358.000000000000000000000000000000000         3.8769025976273736E-004
   359.000000000000000000000000000000000         9.6950951482277053E-005
   360.000000000000000000000000000000000         1.2119954611909861E-013
