   1.00000000000000000000000000000000000         9.6952893808010599E-005
   2.00000000000000000000000000000000000         3.8769345305541072E-004
   3.00000000000000000000000000000000000         8.7186745512697378E-004
   4.00000000000000000000000000000000000         1.5488698825275083E-003
   5.00000000000000000000000000000000000         2.4179212717248804E-003
   6.00000000000000000000000000000000000         3.4779171232224119E-003
   7.00000000000000000000000000000000000         4.7275821243759411E-003
   8.00000000000000000000000000000000000         6.1654692307351860E-003
   9.00000000000000000000000000000000000         7.7895975769696037E-003
   10.0000000000000000000000000000000000         9.5982164251776792E-003
   11.0000000000000000000000000000000000         1.1589049797132092E-002
   12.0000000000000000000000000000000000         1.3759555808737705E-002
   13.0000000000000000000000000000000000         1.6107428234633278E-002
   14.0000000000000000000000000000000000         1.8629468156795555E-002
   15.0000000000000000000000000000000000         2.1322719802566514E-002
   16.0000000000000000000000000000000000         2.4183744743424135E-002
   17.0000000000000000000000000000000000         2.7209516123326193E-002
   18.0000000000000000000000000000000000         3.0395862217618027E-002
   19.0000000000000000000000000000000000         3.3739137315353780E-002
   20.0000000000000000000000000000000000         3.7235377387507672E-002
   21.0000000000000000000000000000000000         4.0879771718803408E-002
   22.0000000000000000000000000000000000         4.4668466751619049E-002
   23.0000000000000000000000000000000000         4.8596630878628276E-002
   24.0000000000000000000000000000000000         5.2659402428434095E-002
   25.0000000000000000000000000000000000         5.6852119030706146E-002
   26.0000000000000000000000000000000000         6.1169435121338100E-002
   27.0000000000000000000000000000000000         6.5606016264335071E-002
   28.0000000000000000000000000000000000         7.0156603333981105E-002
   29.0000000000000000000000000000000000         7.4815674469715737E-002
   30.0000000000000000000000000000000000         7.9577557046095843E-002
   31.0000000000000000000000000000000000         8.4436225115296609E-002
   32.0000000000000000000000000000000000         8.9385570851695004E-002
   33.0000000000000000000000000000000000         9.4420797842930865E-002
   34.0000000000000000000000000000000000         9.9534459352907681E-002
   35.0000000000000000000000000000000000        0.10472074881507595     
   36.0000000000000000000000000000000000        0.10997391386223325     
   37.0000000000000000000000000000000000        0.11528589770322510     
   38.0000000000000000000000000000000000        0.12065189165708892     
   39.0000000000000000000000000000000000        0.12606477216110082     
   40.0000000000000000000000000000000000        0.13151770652258754     
   41.0000000000000000000000000000000000        0.13700485859299541     
   42.0000000000000000000000000000000000        0.14251857363997678     
   43.0000000000000000000000000000000000        0.14805285799437415     
   44.0000000000000000000000000000000000        0.15360083972394256     
   45.0000000000000000000000000000000000        0.15915494561988883     
   46.0000000000000000000000000000000000        0.16470945120133845     
   47.0000000000000000000000000000000000        0.17025703321149449     
   48.0000000000000000000000000000000000        0.17579099742968532     
   49.0000000000000000000000000000000000        0.18130503251146576     
   50.0000000000000000000000000000000000        0.18679202082472687     
   51.0000000000000000000000000000000000        0.19224511877458506     
   52.0000000000000000000000000000000000        0.19765839129078747     
   53.0000000000000000000000000000000000        0.20302399299752522     
   54.0000000000000000000000000000000000        0.20833629762414346     
   55.0000000000000000000000000000000000        0.21358914158559705     
   56.0000000000000000000000000000000000        0.21877562267556905     
   57.0000000000000000000000000000000000        0.22388909219393216     
   58.0000000000000000000000000000000000        0.22892393861724716     
   59.0000000000000000000000000000000000        0.23387366449574756     
   60.0000000000000000000000000000000000        0.23873184143604295     
   61.0000000000000000000000000000000000        0.24349421465591611     
   62.0000000000000000000000000000000000        0.24815317024726510     
   63.0000000000000000000000000000000000        0.25270387231809333     
   64.0000000000000000000000000000000000        0.25714045027922333     
   65.0000000000000000000000000000000000        0.26145776895389222     
   66.0000000000000000000000000000000000        0.26565026314740203     
   67.0000000000000000000000000000000000        0.26971325645611749     
   68.0000000000000000000000000000000000        0.27364161239199525     
   69.0000000000000000000000000000000000        0.27743011491737907     
   70.0000000000000000000000000000000000        0.28107505278632750     
   71.0000000000000000000000000000000000        0.28457074857675252     
   72.0000000000000000000000000000000000        0.28791388580524874     
   73.0000000000000000000000000000000000        0.29110036898314717     
   74.0000000000000000000000000000000000        0.29412561014486793     
   75.0000000000000000000000000000000000        0.29698716448041590     
   76.0000000000000000000000000000000000        0.29968009348539759     
   77.0000000000000000000000000000000000        0.30220245519077732     
   78.0000000000000000000000000000000000        0.30454993261138946     
   79.0000000000000000000000000000000000        0.30672083274110445     
   80.0000000000000000000000000000000000        0.30871222341107346     
   81.0000000000000000000000000000000000        0.31052028404868021     
   82.0000000000000000000000000000000000        0.31214454690101356     
   83.0000000000000000000000000000000000        0.31358229856776171     
   84.0000000000000000000000000000000000        0.31483139823454998     
   85.0000000000000000000000000000000000        0.31589195847037049     
   86.0000000000000000000000000000000000        0.31676120937570129     
   87.0000000000000000000000000000000000        0.31743801132531430     
   88.0000000000000000000000000000000000        0.31792218072999956     
   89.0000000000000000000000000000000000        0.31821292491786834     
   90.0000000000000000000000000000000000        0.31830967236993091     
   91.0000000000000000000000000000000000        0.31821292394662787     
   92.0000000000000000000000000000000000        0.31792220837451324     
   93.0000000000000000000000000000000000        0.31743800841643321     
   94.0000000000000000000000000000000000        0.31676107743971371     
   95.0000000000000000000000000000000000        0.31589195363827022     
   96.0000000000000000000000000000000000        0.31483191869778498     
   97.0000000000000000000000000000000000        0.31358229183564740     
   98.0000000000000000000000000000000000        0.31214435235644022     
   99.0000000000000000000000000000000000        0.31052027544931865     
   100.000000000000000000000000000000000        0.30871117313815144     
   101.000000000000000000000000000000000        0.30672082231673425     
   102.000000000000000000000000000000000        0.30455039500730841     
   103.000000000000000000000000000000000        0.30220244299203397     
   104.000000000000000000000000000000000        0.29968021023221814     
   105.000000000000000000000000000000000        0.29698715056662461     
   106.000000000000000000000000000000000        0.29412566216778224     
   107.000000000000000000000000000000000        0.29110035342215834     
   108.000000000000000000000000000000000        0.28791408178573963     
   109.000000000000000000000000000000000        0.28457073144452177     
   110.000000000000000000000000000000000        0.28107487613166798     
   111.000000000000000000000000000000000        0.27743009629705506     
   112.000000000000000000000000000000000        0.27364178095903186     
   113.000000000000000000000000000000000        0.26971323643866141     
   114.000000000000000000000000000000000        0.26565049255643985     
   115.000000000000000000000000000000000        0.26145774763670704     
   116.000000000000000000000000000000000        0.25714013127203594     
   117.000000000000000000000000000000000        0.25270384980527799     
   118.000000000000000000000000000000000        0.24815297605276643     
   119.000000000000000000000000000000000        0.24349419105667811     
   120.000000000000000000000000000000000        0.23873272740344342     
   121.000000000000000000000000000000000        0.23387363992555554     
   122.000000000000000000000000000000000        0.22892409152631088     
   123.000000000000000000000000000000000        0.22388906677214804     
   124.000000000000000000000000000000000        0.21877510291352203     
   125.000000000000000000000000000000000        0.21358911543626563     
   126.000000000000000000000000000000000        0.20833658710480812     
   127.000000000000000000000000000000000        0.20302396624797997     
   128.000000000000000000000000000000000        0.19765784067504927     
   129.000000000000000000000000000000000        0.19224509155524824     
   130.000000000000000000000000000000000        0.18679165441727921     
   131.000000000000000000000000000000000        0.18130500495470392     
   132.000000000000000000000000000000000        0.17579098424155165     
   133.000000000000000000000000000000000        0.17025700545180811     
   134.000000000000000000000000000000000        0.16470910952298828     
   135.000000000000000000000000000000000        0.15915491779234120     
   136.000000000000000000000000000000000        0.15360041676454955     
   137.000000000000000000000000000000000        0.14805283023471724     
   138.000000000000000000000000000000000        0.14251820670057552     
   139.000000000000000000000000000000000        0.13700483103621808     
   140.000000000000000000000000000000000        0.13151785745687203     
   141.000000000000000000000000000000000        0.12606474494170436     
   142.000000000000000000000000000000000        0.12065141944897624     
   143.000000000000000000000000000000000        0.11528587095363850     
   144.000000000000000000000000000000000        0.10997316869353913     
   145.000000000000000000000000000000000        0.10472072266577108     
   146.000000000000000000000000000000000         9.9534803940516517E-002
   147.000000000000000000000000000000000         9.4420772421212454E-002
   148.000000000000000000000000000000000         8.9385997920674670E-002
   149.000000000000000000000000000000000         8.4436200545080622E-002
   150.000000000000000000000000000000000         7.9577398872144017E-002
   151.000000000000000000000000000000000         7.4815650870598785E-002
   152.000000000000000000000000000000000         7.0156595735562766E-002
   153.000000000000000000000000000000000         6.5605993751418706E-002
   154.000000000000000000000000000000000         6.1169413849318989E-002
   155.000000000000000000000000000000000         5.6852097713588491E-002
   156.000000000000000000000000000000000         5.2659540398929443E-002
   157.000000000000000000000000000000000         4.8596610861232875E-002
   158.000000000000000000000000000000000         4.4668377183793420E-002
   159.000000000000000000000000000000000         4.0879753098526456E-002
   160.000000000000000000000000000000000         3.7235120903301173E-002
   161.000000000000000000000000000000000         3.3739120183017023E-002
   162.000000000000000000000000000000000         3.0395980175441161E-002
   163.000000000000000000000000000000000         2.7209500562364167E-002
   164.000000000000000000000000000000000         2.4183878510718685E-002
   165.000000000000000000000000000000000         2.1322705888794678E-002
   166.000000000000000000000000000000000         1.8629527461140022E-002
   167.000000000000000000000000000000000         1.6107416035811475E-002
   168.000000000000000000000000000000000         1.3759654611935885E-002
   169.000000000000000000000000000000000         1.1589039372759817E-002
   170.000000000000000000000000000000000         9.5980966937052395E-003
   171.000000000000000000000000000000000         7.7895889777789568E-003
   172.000000000000000000000000000000000         6.1653787335248442E-003
   173.000000000000000000000000000000000         4.7275753922937074E-003
   174.000000000000000000000000000000000         3.4778529892772131E-003
   175.000000000000000000000000000000000         2.4179164395246849E-003
   176.000000000000000000000000000000000         1.5488969604150423E-003
   177.000000000000000000000000000000000         8.7186454636692097E-004
   178.000000000000000000000000000000000         3.8768904716573283E-004
   179.000000000000000000000000000000000         9.6951922642680085E-005
   180.000000000000000000000000000000000         2.3864253593778748E-015
   181.000000000000000000000000000000000         9.6953864975321476E-005
   182.000000000000000000000000000000000         3.8769627338360203E-004
   183.000000000000000000000000000000000         8.7187036390242985E-004
   184.000000000000000000000000000000000         1.5488897765220545E-003
   185.000000000000000000000000000000000         2.4179261039221946E-003
   186.000000000000000000000000000000000         3.4779232433907008E-003
   187.000000000000000000000000000000000         4.7275888564777650E-003
   188.000000000000000000000000000000000         6.1653948068018192E-003
   189.000000000000000000000000000000000         7.7896061761445201E-003
   190.000000000000000000000000000000000         9.5982714043156333E-003
   191.000000000000000000000000000000000         1.1589060221542533E-002
   192.000000000000000000000000000000000         1.3759679746614900E-002
   193.000000000000000000000000000000000         1.6107440433405052E-002
   194.000000000000000000000000000000000         1.8629515082928160E-002
   195.000000000000000000000000000000000         2.1322733716336001E-002
   196.000000000000000000000000000000000         2.4183898809622826E-002
   197.000000000000000000000000000000000         2.7209531684299675E-002
   198.000000000000000000000000000000000         3.0395873855262615E-002
   199.000000000000000000000000000000000         3.3739154447694077E-002
   200.000000000000000000000000000000000         3.7235219012359461E-002
   201.000000000000000000000000000000000         4.0879790339001305E-002
   202.000000000000000000000000000000000         4.4668308667160671E-002
   203.000000000000000000000000000000000         4.8596650896110795E-002
   204.000000000000000000000000000000000         5.2659571638161401E-002
   205.000000000000000000000000000000000         5.6852140347859632E-002
   206.000000000000000000000000000000000         6.1169495062457210E-002
   207.000000000000000000000000000000000         6.5606038777283562E-002
   208.000000000000000000000000000000000         7.0156663600705452E-002
   209.000000000000000000000000000000000         7.4815698068804073E-002
   210.000000000000000000000000000000000         7.9577407015737012E-002
   211.000000000000000000000000000000000         8.4436249685646197E-002
   212.000000000000000000000000000000000         8.9386027869256313E-002
   213.000000000000000000000000000000000         9.4420823264654771E-002
   214.000000000000000000000000000000000         9.9534405528989137E-002
   215.000000000000000000000000000000000        0.10472077496447556     
   216.000000000000000000000000000000000        0.10997317803806128     
   217.000000000000000000000000000000000        0.11528592445275154     
   218.000000000000000000000000000000000        0.12065191955434218     
   219.000000000000000000000000000000000        0.12606479938055906     
   220.000000000000000000000000000000000        0.13151792078759078     
   221.000000000000000000000000000000000        0.13700488614964926     
   222.000000000000000000000000000000000        0.14251875616413268     
   223.000000000000000000000000000000000        0.14805288575417161     
   224.000000000000000000000000000000000        0.15360044328646830     
   225.000000000000000000000000000000000        0.15915497344739915     
   226.000000000000000000000000000000000        0.16470939603440035     
   227.000000000000000000000000000000000        0.17025706097128301     
   228.000000000000000000000000000000000        0.17579131440935650     
   229.000000000000000000000000000000000        0.18130506006812133     
   230.000000000000000000000000000000000        0.18679222974240553     
   231.000000000000000000000000000000000        0.19224514599411441     
   232.000000000000000000000000000000000        0.19765825144097529     
   233.000000000000000000000000000000000        0.20302401974704429     
   234.000000000000000000000000000000000        0.20833681687964098     
   235.000000000000000000000000000000000        0.21358916773496545     
   236.000000000000000000000000000000000        0.21877573111256196     
   237.000000000000000000000000000000000        0.22388911761565652     
   238.000000000000000000000000000000000        0.22892413027867509     
   239.000000000000000000000000000000000        0.23387368906604764     
   240.000000000000000000000000000000000        0.23873261075214083     
   241.000000000000000000000000000000000        0.24349423825494360     
   242.000000000000000000000000000000000        0.24815334214004864     
   243.000000000000000000000000000000000        0.25270389483108185     
   244.000000000000000000000000000000000        0.25714071958095319     
   245.000000000000000000000000000000000        0.26145779027090482     
   246.000000000000000000000000000000000        0.26565047945451647     
   247.000000000000000000000000000000000        0.26971327647357163     
   248.000000000000000000000000000000000        0.27364124678566704     
   249.000000000000000000000000000000000        0.27743013353764706     
   250.000000000000000000000000000000000        0.28107462587339527     
   251.000000000000000000000000000000000        0.28457076570916617     
   252.000000000000000000000000000000000        0.28791379759084029     
   253.000000000000000000000000000000000        0.29110038454417203     
   254.000000000000000000000000000000000        0.29412589771934694     
   255.000000000000000000000000000000000        0.29698717839417299     
   256.000000000000000000000000000000000        0.29968025908804946     
   257.000000000000000000000000000000000        0.30220246738957851     
   258.000000000000000000000000000000000        0.30455039036853926     
   259.000000000000000000000000000000000        0.30672084316540732     
   260.000000000000000000000000000000000        0.30871127925387415     
   261.000000000000000000000000000000000        0.31052029264786346     
   262.000000000000000000000000000000000        0.31214395318779614     
   263.000000000000000000000000000000000        0.31358230529974307     
   264.000000000000000000000000000000000        0.31483172257978304     
   265.000000000000000000000000000000000        0.31589196330250802     
   266.000000000000000000000000000000000        0.31676086884053301     
   267.000000000000000000000000000000000        0.31743801423401774     
   268.000000000000000000000000000000000        0.31792193398974911     
   269.000000000000000000000000000000000        0.31821292588898270     
   270.000000000000000000000000000000000        0.31830974256307060     
   271.000000000000000000000000000000000        0.31821292297546000     
   272.000000000000000000000000000000000        0.31792192348047404     
   273.000000000000000000000000000000000        0.31743800550774204     
   274.000000000000000000000000000000000        0.31676113378714948     
   275.000000000000000000000000000000000        0.31589194880609034     
   276.000000000000000000000000000000000        0.31483220572737769     
   277.000000000000000000000000000000000        0.31358228510351621     
   278.000000000000000000000000000000000        0.31214462199582688     
   279.000000000000000000000000000000000        0.31052026685027656     
   280.000000000000000000000000000000000        0.30871189955116063     
   281.000000000000000000000000000000000        0.30672081189232636     
   282.000000000000000000000000000000000        0.30455059382963673     
   283.000000000000000000000000000000000        0.30220243079320241     
   284.000000000000000000000000000000000        0.29968058898853817     
   285.000000000000000000000000000000000        0.29698713665281762     
   286.000000000000000000000000000000000        0.29412610493231267     
   287.000000000000000000000000000000000        0.29110033786123957     
   288.000000000000000000000000000000000        0.28791419865923329     
   289.000000000000000000000000000000000        0.28457071431203929     
   290.000000000000000000000000000000000        0.28107459167427817     
   291.000000000000000000000000000000000        0.27743007767685030     
   292.000000000000000000000000000000000        0.27364150171760232     
   293.000000000000000000000000000000000        0.26971321642121127     
   294.000000000000000000000000000000000        0.26565066817356298     
   295.000000000000000000000000000000000        0.26145772631951936     
   296.000000000000000000000000000000000        0.25714052416521826     
   297.000000000000000000000000000000000        0.25270382729228452     
   298.000000000000000000000000000000000        0.24815349445147655     
   299.000000000000000000000000000000000        0.24349416745777649     
   300.000000000000000000000000000000000        0.23873279315550483     
   301.000000000000000000000000000000000        0.23387361535524406     
   302.000000000000000000000000000000000        0.22892407713289567     
   303.000000000000000000000000000000000        0.22388904135049029     
   304.000000000000000000000000000000000        0.21877581469751667     
   305.000000000000000000000000000000000        0.21358908928686973     
   306.000000000000000000000000000000000        0.20833668771767908     
   307.000000000000000000000000000000000        0.20302393949853814     
   308.000000000000000000000000000000000        0.19765784600518724     
   309.000000000000000000000000000000000        0.19224506433567723     
   310.000000000000000000000000000000000        0.18679182431173433     
   311.000000000000000000000000000000000        0.18130497739798673     
   312.000000000000000000000000000000000        0.17579118143693137     
   313.000000000000000000000000000000000        0.17025697769198578     
   314.000000000000000000000000000000000        0.16470927579498904     
   315.000000000000000000000000000000000        0.15915488996487448     
   316.000000000000000000000000000000000        0.15360007032244458     
   317.000000000000000000000000000000000        0.14805280247489705     
   318.000000000000000000000000000000000        0.14251854346385831     
   319.000000000000000000000000000000000        0.13700480347954866     
   320.000000000000000000000000000000000        0.13151755370453111     
   321.000000000000000000000000000000000        0.12606471772225064     
   322.000000000000000000000000000000000        0.12065174459868645     
   323.000000000000000000000000000000000        0.11528584420415165     
   324.000000000000000000000000000000000        0.10997320303455274     
   325.000000000000000000000000000000000        0.10472069651642718     
   326.000000000000000000000000000000000         9.9534392025063881E-002
   327.000000000000000000000000000000000         9.4420746999540631E-002
   328.000000000000000000000000000000000         8.9385832101254545E-002
   329.000000000000000000000000000000000         8.4436175974824876E-002
   330.000000000000000000000000000000000         7.9577395802593445E-002
   331.000000000000000000000000000000000         7.4815627271545171E-002
   332.000000000000000000000000000000000         7.0156840010439855E-002
   333.000000000000000000000000000000000         6.5605971238408695E-002
   334.000000000000000000000000000000000         6.1169322287176399E-002
   335.000000000000000000000000000000000         5.6852076396502825E-002
   336.000000000000000000000000000000000         5.2659360195383094E-002
   337.000000000000000000000000000000000         4.8596590843724738E-002
   338.000000000000000000000000000000000         4.4668371531912013E-002
   339.000000000000000000000000000000000         4.0879734478294197E-002
   340.000000000000000000000000000000000         3.7235121537286822E-002
   341.000000000000000000000000000000000         3.3739103050659233E-002
   342.000000000000000000000000000000000         3.0395823536657225E-002
   343.000000000000000000000000000000000         2.7209485001433255E-002
   344.000000000000000000000000000000000         2.4183627540501046E-002
   345.000000000000000000000000000000000         2.1322691975041171E-002
   346.000000000000000000000000000000000         1.8629420269583856E-002
   347.000000000000000000000000000000000         1.6107403837050442E-002
   348.000000000000000000000000000000000         1.3759637422546290E-002
   349.000000000000000000000000000000000         1.1589028948399353E-002
   350.000000000000000000000000000000000         9.5981981193234197E-003
   351.000000000000000000000000000000000         7.7895803786063493E-003
   352.000000000000000000000000000000000         6.1654558137768673E-003
   353.000000000000000000000000000000000         4.7275686602052547E-003
   354.000000000000000000000000000000000         3.4779045326647777E-003
   355.000000000000000000000000000000000         2.4179116073324712E-003
   356.000000000000000000000000000000000         1.5488755598825775E-003
   357.000000000000000000000000000000000         8.7186163760104058E-004
   358.000000000000000000000000000000000         3.8769058674709524E-004
   359.000000000000000000000000000000000         9.6950951482344965E-005
   360.000000000000000000000000000000000         3.1379043071394871E-013
