   1.00000000000000000000000000000000000         9.6952893807291312E-005
   2.00000000000000000000000000000000000         3.8769345305407287E-004
   3.00000000000000000000000000000000000         8.7186745512893391E-004
   4.00000000000000000000000000000000000         1.5488761415711006E-003
   5.00000000000000000000000000000000000         2.4179212717239636E-003
   6.00000000000000000000000000000000000         3.4779172616295501E-003
   7.00000000000000000000000000000000000         4.7275821243763609E-003
   8.00000000000000000000000000000000000         6.1654375825451486E-003
   9.00000000000000000000000000000000000         7.7895975769643961E-003
   10.0000000000000000000000000000000000         9.5982169810350463E-003
   11.0000000000000000000000000000000000         1.1589049797137686E-002
   12.0000000000000000000000000000000000         1.3759602290830057E-002
   13.0000000000000000000000000000000000         1.6107428234623512E-002
   14.0000000000000000000000000000000000         1.8629468793294728E-002
   15.0000000000000000000000000000000000         2.1322719802568120E-002
   16.0000000000000000000000000000000000         2.4183807848185076E-002
   17.0000000000000000000000000000000000         2.7209516123326057E-002
   18.0000000000000000000000000000000000         3.0395873788916523E-002
   19.0000000000000000000000000000000000         3.3739137315353933E-002
   20.0000000000000000000000000000000000         3.7235297486161473E-002
   21.0000000000000000000000000000000000         4.0879771718794762E-002
   22.0000000000000000000000000000000000         4.4668463637106859E-002
   23.0000000000000000000000000000000000         4.8596630878636367E-002
   24.0000000000000000000000000000000000         5.2659443137101365E-002
   25.0000000000000000000000000000000000         5.6852119030709802E-002
   26.0000000000000000000000000000000000         6.1169411272978355E-002
   27.0000000000000000000000000000000000         6.5606016264329617E-002
   28.0000000000000000000000000000000000         7.0156614367785031E-002
   29.0000000000000000000000000000000000         7.4815674469708479E-002
   30.0000000000000000000000000000000000         7.9577522412421123E-002
   31.0000000000000000000000000000000000         8.4436225115313610E-002
   32.0000000000000000000000000000000000         8.9385752622144696E-002
   33.0000000000000000000000000000000000         9.4420797842928852E-002
   34.0000000000000000000000000000000000         9.9534457195307138E-002
   35.0000000000000000000000000000000000        0.10472074881508195     
   36.0000000000000000000000000000000000        0.10997368598964379     
   37.0000000000000000000000000000000000        0.11528589770322833     
   38.0000000000000000000000000000000000        0.12065188679531433     
   39.0000000000000000000000000000000000        0.12606477216111303     
   40.0000000000000000000000000000000000        0.13151781955628186     
   41.0000000000000000000000000000000000        0.13700485859298564     
   42.0000000000000000000000000000000000        0.14251863584161495     
   43.0000000000000000000000000000000000        0.14805285799438889     
   44.0000000000000000000000000000000000        0.15360070668120487     
   45.0000000000000000000000000000000000        0.15915494561988791     
   46.0000000000000000000000000000000000        0.16470941885342136     
   47.0000000000000000000000000000000000        0.17025703321148886     
   48.0000000000000000000000000000000000        0.17579106768067396     
   49.0000000000000000000000000000000000        0.18130503251143590     
   50.0000000000000000000000000000000000        0.18679197552109747     
   51.0000000000000000000000000000000000        0.19224511877459302     
   52.0000000000000000000000000000000000        0.19765823389538814     
   53.0000000000000000000000000000000000        0.20302399299753321     
   54.0000000000000000000000000000000000        0.20833639269892837     
   55.0000000000000000000000000000000000        0.21358914158559433     
   56.0000000000000000000000000000000000        0.21877554546687919     
   57.0000000000000000000000000000000000        0.22388909219393494     
   58.0000000000000000000000000000000000        0.22892391423811953     
   59.0000000000000000000000000000000000        0.23387366449577174     
   60.0000000000000000000000000000000000        0.23873207919799330     
   61.0000000000000000000000000000000000        0.24349421465588950     
   62.0000000000000000000000000000000000        0.24815320691544518     
   63.0000000000000000000000000000000000        0.25270387231812547     
   64.0000000000000000000000000000000000        0.25714047532329531     
   65.0000000000000000000000000000000000        0.26145776895387585     
   66.0000000000000000000000000000000000        0.26565031433807978     
   67.0000000000000000000000000000000000        0.26971325645610916     
   68.0000000000000000000000000000000000        0.27364153599520813     
   69.0000000000000000000000000000000000        0.27743011491736647     
   70.0000000000000000000000000000000000        0.28107490762376836     
   71.0000000000000000000000000000000000        0.28457074857678655     
   72.0000000000000000000000000000000000        0.28791393112282260     
   73.0000000000000000000000000000000000        0.29110036898315161     
   74.0000000000000000000000000000000000        0.29412576627211262     
   75.0000000000000000000000000000000000        0.29698716448038093     
   76.0000000000000000000000000000000000        0.29968022617960965     
   77.0000000000000000000000000000000000        0.30220245519078193     
   78.0000000000000000000000000000000000        0.30455004939755231     
   79.0000000000000000000000000000000000        0.30672083274108652     
   80.0000000000000000000000000000000000        0.30871199206145056     
   81.0000000000000000000000000000000000        0.31052028404866261     
   82.0000000000000000000000000000000000        0.31214452269924864     
   83.0000000000000000000000000000000000        0.31358229856773012     
   84.0000000000000000000000000000000000        0.31483163183169799     
   85.0000000000000000000000000000000000        0.31589195847037538     
   86.0000000000000000000000000000000000        0.31676112035975884     
   87.0000000000000000000000000000000000        0.31743801132529592     
   88.0000000000000000000000000000000000        0.31792218243215170     
   89.0000000000000000000000000000000000        0.31821292491783265     
   90.0000000000000000000000000000000000        0.31830975717933530     
   91.0000000000000000000000000000000000        0.31821292394662737     
   92.0000000000000000000000000000000000        0.31792219783432141     
   93.0000000000000000000000000000000000        0.31743800841645620     
   94.0000000000000000000000000000000000        0.31676104141542416     
   95.0000000000000000000000000000000000        0.31589195363823824     
   96.0000000000000000000000000000000000        0.31483193453682662     
   97.0000000000000000000000000000000000        0.31358229183562103     
   98.0000000000000000000000000000000000        0.31214440548195488     
   99.0000000000000000000000000000000000        0.31052027544938038     
   100.000000000000000000000000000000000        0.30871137244592833     
   101.000000000000000000000000000000000        0.30672082231670833     
   102.000000000000000000000000000000000        0.30455031577372926     
   103.000000000000000000000000000000000        0.30220244299202459     
   104.000000000000000000000000000000000        0.29968028921152357     
   105.000000000000000000000000000000000        0.29698715056659486     
   106.000000000000000000000000000000000        0.29412579066637662     
   107.000000000000000000000000000000000        0.29110035342217921     
   108.000000000000000000000000000000000        0.28791403923968389     
   109.000000000000000000000000000000000        0.28457073144450556     
   110.000000000000000000000000000000000        0.28107479666600949     
   111.000000000000000000000000000000000        0.27743009629707532     
   112.000000000000000000000000000000000        0.27364162681146281     
   113.000000000000000000000000000000000        0.26971323643864975     
   114.000000000000000000000000000000000        0.26565044026204443     
   115.000000000000000000000000000000000        0.26145774763671842     
   116.000000000000000000000000000000000        0.25714027924523342     
   117.000000000000000000000000000000000        0.25270384980525074     
   118.000000000000000000000000000000000        0.24815308353103954     
   119.000000000000000000000000000000000        0.24349419105671585     
   120.000000000000000000000000000000000        0.23873258858610316     
   121.000000000000000000000000000000000        0.23387363992555146     
   122.000000000000000000000000000000000        0.22892399352498186     
   123.000000000000000000000000000000000        0.22388906677218040     
   124.000000000000000000000000000000000        0.21877523010239056     
   125.000000000000000000000000000000000        0.21358911543626180     
   126.000000000000000000000000000000000        0.20833655144323815     
   127.000000000000000000000000000000000        0.20302396624799088     
   128.000000000000000000000000000000000        0.19765789994788124     
   129.000000000000000000000000000000000        0.19224509155521310     
   130.000000000000000000000000000000000        0.18679174939060594     
   131.000000000000000000000000000000000        0.18130500495469373     
   132.000000000000000000000000000000000        0.17579104849793831     
   133.000000000000000000000000000000000        0.17025700545177513     
   134.000000000000000000000000000000000        0.16470920705137057     
   135.000000000000000000000000000000000        0.15915491779234758     
   136.000000000000000000000000000000000        0.15360044723170313     
   137.000000000000000000000000000000000        0.14805283023469265     
   138.000000000000000000000000000000000        0.14251840928735268     
   139.000000000000000000000000000000000        0.13700483103623437     
   140.000000000000000000000000000000000        0.13151789669512523     
   141.000000000000000000000000000000000        0.12606474494169867     
   142.000000000000000000000000000000000        0.12065159881076604     
   143.000000000000000000000000000000000        0.11528587095366157     
   144.000000000000000000000000000000000        0.10997323821550270     
   145.000000000000000000000000000000000        0.10472072266576590     
   146.000000000000000000000000000000000         9.9534648518478777E-002
   147.000000000000000000000000000000000         9.4420772421212454E-002
   148.000000000000000000000000000000000         8.9385992623585708E-002
   149.000000000000000000000000000000000         8.4436200545080622E-002
   150.000000000000000000000000000000000         7.9577419717617920E-002
   151.000000000000000000000000000000000         7.4815650870605349E-002
   152.000000000000000000000000000000000         7.0156600367304187E-002
   153.000000000000000000000000000000000         6.5605993751399250E-002
   154.000000000000000000000000000000000         6.1169389729355240E-002
   155.000000000000000000000000000000000         5.6852097713589483E-002
   156.000000000000000000000000000000000         5.2659515459169602E-002
   157.000000000000000000000000000000000         4.8596610861216555E-002
   158.000000000000000000000000000000000         4.4668403132943804E-002
   159.000000000000000000000000000000000         4.0879753098528489E-002
   160.000000000000000000000000000000000         3.7235139731811077E-002
   161.000000000000000000000000000000000         3.3739120183015191E-002
   162.000000000000000000000000000000000         3.0395936168331392E-002
   163.000000000000000000000000000000000         2.7209500562366457E-002
   164.000000000000000000000000000000000         2.4183880161618151E-002
   165.000000000000000000000000000000000         2.1322705888798196E-002
   166.000000000000000000000000000000000         1.8629498152004098E-002
   167.000000000000000000000000000000000         1.6107416035817033E-002
   168.000000000000000000000000000000000         1.3759655526494515E-002
   169.000000000000000000000000000000000         1.1589039372763382E-002
   170.000000000000000000000000000000000         9.5981428552345451E-003
   171.000000000000000000000000000000000         7.7895889777790306E-003
   172.000000000000000000000000000000000         6.1653813585937998E-003
   173.000000000000000000000000000000000         4.7275753922915225E-003
   174.000000000000000000000000000000000         3.4778772717392165E-003
   175.000000000000000000000000000000000         2.4179164395247686E-003
   176.000000000000000000000000000000000         1.5488904122593810E-003
   177.000000000000000000000000000000000         8.7186454636583178E-004
   178.000000000000000000000000000000000         3.8769006705642942E-004
   179.000000000000000000000000000000000         9.6951922642337057E-005
   180.000000000000000000000000000000000         2.4055444523115660E-015
   181.000000000000000000000000000000000         9.6953864975516714E-005
   182.000000000000000000000000000000000         3.8769590958557702E-004
   183.000000000000000000000000000000000         8.7187036390277495E-004
   184.000000000000000000000000000000000         1.5488894061341130E-003
   185.000000000000000000000000000000000         2.4179261039239388E-003
   186.000000000000000000000000000000000         3.4779232433856922E-003
   187.000000000000000000000000000000000         4.7275888564739512E-003
   188.000000000000000000000000000000000         6.1653971287009704E-003
   189.000000000000000000000000000000000         7.7896061761433223E-003
   190.000000000000000000000000000000000         9.5982531484814938E-003
   191.000000000000000000000000000000000         1.1589060221535179E-002
   192.000000000000000000000000000000000         1.3759679627633171E-002
   193.000000000000000000000000000000000         1.6107440433403699E-002
   194.000000000000000000000000000000000         1.8629501707605706E-002
   195.000000000000000000000000000000000         2.1322733716336983E-002
   196.000000000000000000000000000000000         2.4183904264848659E-002
   197.000000000000000000000000000000000         2.7209531684295601E-002
   198.000000000000000000000000000000000         3.0395887379238644E-002
   199.000000000000000000000000000000000         3.3739154447694583E-002
   200.000000000000000000000000000000000         3.7235212047216200E-002
   201.000000000000000000000000000000000         4.0879790339018111E-002
   202.000000000000000000000000000000000         4.4668378965750169E-002
   203.000000000000000000000000000000000         4.8596650896106569E-002
   204.000000000000000000000000000000000         5.2659550886214684E-002
   205.000000000000000000000000000000000         5.6852140347854657E-002
   206.000000000000000000000000000000000         6.1169455484689966E-002
   207.000000000000000000000000000000000         6.5606038777277428E-002
   208.000000000000000000000000000000000         7.0156659242792227E-002
   209.000000000000000000000000000000000         7.4815698068798606E-002
   210.000000000000000000000000000000000         7.9577444435735389E-002
   211.000000000000000000000000000000000         8.4436249685622966E-002
   212.000000000000000000000000000000000         8.9386030878593717E-002
   213.000000000000000000000000000000000         9.4420823264652315E-002
   214.000000000000000000000000000000000         9.9534436319727457E-002
   215.000000000000000000000000000000000        0.10472077496445102     
   216.000000000000000000000000000000000        0.10997326559584784     
   217.000000000000000000000000000000000        0.11528592445276373     
   218.000000000000000000000000000000000        0.12065191432167871     
   219.000000000000000000000000000000000        0.12606479938056056     
   220.000000000000000000000000000000000        0.13151795649984113     
   221.000000000000000000000000000000000        0.13700488614966841     
   222.000000000000000000000000000000000        0.14251875429030600     
   223.000000000000000000000000000000000        0.14805288575416406     
   224.000000000000000000000000000000000        0.15360048579468738     
   225.000000000000000000000000000000000        0.15915497344741011     
   226.000000000000000000000000000000000        0.16470939802201123     
   227.000000000000000000000000000000000        0.17025706097125848     
   228.000000000000000000000000000000000        0.17579126494811043     
   229.000000000000000000000000000000000        0.18130506006811942     
   230.000000000000000000000000000000000        0.18679210932996312     
   231.000000000000000000000000000000000        0.19224514599408135     
   232.000000000000000000000000000000000        0.19765816308729559     
   233.000000000000000000000000000000000        0.20302401974706380     
   234.000000000000000000000000000000000        0.20833670804134216     
   235.000000000000000000000000000000000        0.21358916773494363     
   236.000000000000000000000000000000000        0.21877561970975665     
   237.000000000000000000000000000000000        0.22388911761565800     
   238.000000000000000000000000000000000        0.22892403694082836     
   239.000000000000000000000000000000000        0.23387368906604999     
   240.000000000000000000000000000000000        0.23873254014861667     
   241.000000000000000000000000000000000        0.24349423825494312     
   242.000000000000000000000000000000000        0.24815331722641695     
   243.000000000000000000000000000000000        0.25270389483109396     
   244.000000000000000000000000000000000        0.25714064226363609     
   245.000000000000000000000000000000000        0.26145779027093752     
   246.000000000000000000000000000000000        0.26565044969599833     
   247.000000000000000000000000000000000        0.26971327647355919     
   248.000000000000000000000000000000000        0.27364132967313570     
   249.000000000000000000000000000000000        0.27743013353763024     
   250.000000000000000000000000000000000        0.28107466476608417     
   251.000000000000000000000000000000000        0.28457076570916617     
   252.000000000000000000000000000000000        0.28791388617917363     
   253.000000000000000000000000000000000        0.29110038454415044     
   254.000000000000000000000000000000000        0.29412594095221756     
   255.000000000000000000000000000000000        0.29698717839413813     
   256.000000000000000000000000000000000        0.29968032866293054     
   257.000000000000000000000000000000000        0.30220246738957851     
   258.000000000000000000000000000000000        0.30455032242146735     
   259.000000000000000000000000000000000        0.30672084316541620     
   260.000000000000000000000000000000000        0.30871144252832583     
   261.000000000000000000000000000000000        0.31052029264784564     
   262.000000000000000000000000000000000        0.31214417783432813     
   263.000000000000000000000000000000000        0.31358230529975201     
   264.000000000000000000000000000000000        0.31483182435922852     
   265.000000000000000000000000000000000        0.31589196330253949     
   266.000000000000000000000000000000000        0.31676092233825465     
   267.000000000000000000000000000000000        0.31743801423402229     
   268.000000000000000000000000000000000        0.31792203859453588     
   269.000000000000000000000000000000000        0.31821292588896916     
   270.000000000000000000000000000000000        0.31830979832704037     
   271.000000000000000000000000000000000        0.31821292297545550     
   272.000000000000000000000000000000000        0.31792203002422154     
   273.000000000000000000000000000000000        0.31743800550773305     
   274.000000000000000000000000000000000        0.31676107284411859     
   275.000000000000000000000000000000000        0.31589194880604538     
   276.000000000000000000000000000000000        0.31483210040146886     
   277.000000000000000000000000000000000        0.31358228510350727     
   278.000000000000000000000000000000000        0.31214456037249927     
   279.000000000000000000000000000000000        0.31052026685027656     
   280.000000000000000000000000000000000        0.30871179433596707     
   281.000000000000000000000000000000000        0.30672081189231309     
   282.000000000000000000000000000000000        0.30455042764121443     
   283.000000000000000000000000000000000        0.30220243079320680     
   284.000000000000000000000000000000000        0.29968050583519695     
   285.000000000000000000000000000000000        0.29698713665280452     
   286.000000000000000000000000000000000        0.29412604411607496     
   287.000000000000000000000000000000000        0.29110033786123957     
   288.000000000000000000000000000000000        0.28791410098346643     
   289.000000000000000000000000000000000        0.28457071431208192     
   290.000000000000000000000000000000000        0.28107462251353316     
   291.000000000000000000000000000000000        0.27743007767684613     
   292.000000000000000000000000000000000        0.27364145511935611     
   293.000000000000000000000000000000000        0.26971321642119883     
   294.000000000000000000000000000000000        0.26565053465279642     
   295.000000000000000000000000000000000        0.26145772631955205     
   296.000000000000000000000000000000000        0.25714050048813525     
   297.000000000000000000000000000000000        0.25270382729227647     
   298.000000000000000000000000000000000        0.24815337787369787     
   299.000000000000000000000000000000000        0.24349416745773508     
   300.000000000000000000000000000000000        0.23873261715825095     
   301.000000000000000000000000000000000        0.23387361535526338     
   302.000000000000000000000000000000000        0.22892397473798892     
   303.000000000000000000000000000000000        0.22388904135049598     
   304.000000000000000000000000000000000        0.21877563667867567     
   305.000000000000000000000000000000000        0.21358908928689374     
   306.000000000000000000000000000000000        0.20833659947191982     
   307.000000000000000000000000000000000        0.20302393949850572     
   308.000000000000000000000000000000000        0.19765789189964503     
   309.000000000000000000000000000000000        0.19224506433569824     
   310.000000000000000000000000000000000        0.18679183764401805     
   311.000000000000000000000000000000000        0.18130497739797483     
   312.000000000000000000000000000000000        0.17579115264347397     
   313.000000000000000000000000000000000        0.17025697769198414     
   314.000000000000000000000000000000000        0.16470929301335654     
   315.000000000000000000000000000000000        0.15915488996485214     
   316.000000000000000000000000000000000        0.15360023263706615     
   317.000000000000000000000000000000000        0.14805280247490321     
   318.000000000000000000000000000000000        0.14251859524864485     
   319.000000000000000000000000000000000        0.13700480347954422     
   320.000000000000000000000000000000000        0.13151770729344370     
   321.000000000000000000000000000000000        0.12606471772225347     
   322.000000000000000000000000000000000        0.12065177824305852     
   323.000000000000000000000000000000000        0.11528584420415165     
   324.000000000000000000000000000000000        0.10997324739518642     
   325.000000000000000000000000000000000        0.10472069651642978     
   326.000000000000000000000000000000000         9.9534396374511100E-002
   327.000000000000000000000000000000000         9.4420746999522201E-002
   328.000000000000000000000000000000000         8.9385885069616949E-002
   329.000000000000000000000000000000000         8.4436175974827193E-002
   330.000000000000000000000000000000000         7.9577407946083284E-002
   331.000000000000000000000000000000000         7.4815627271538621E-002
   332.000000000000000000000000000000000         7.0156734016630196E-002
   333.000000000000000000000000000000000         6.5605971238416882E-002
   334.000000000000000000000000000000000         6.1169326981181542E-002
   335.000000000000000000000000000000000         5.6852076396487580E-002
   336.000000000000000000000000000000000         5.2659401265407524E-002
   337.000000000000000000000000000000000         4.8596590843733550E-002
   338.000000000000000000000000000000000         4.4668391820894916E-002
   339.000000000000000000000000000000000         4.0879734478288542E-002
   340.000000000000000000000000000000000         3.7235132701864522E-002
   341.000000000000000000000000000000000         3.3739103050666942E-002
   342.000000000000000000000000000000000         3.0395837577364332E-002
   343.000000000000000000000000000000000         2.7209485001425671E-002
   344.000000000000000000000000000000000         2.4183726939066997E-002
   345.000000000000000000000000000000000         2.1322691975041753E-002
   346.000000000000000000000000000000000         1.8629429909700936E-002
   347.000000000000000000000000000000000         1.6107403837047143E-002
   348.000000000000000000000000000000000         1.3759640766450053E-002
   349.000000000000000000000000000000000         1.1589028948398600E-002
   350.000000000000000000000000000000000         9.5981983734049758E-003
   351.000000000000000000000000000000000         7.7895803786055548E-003
   352.000000000000000000000000000000000         6.1654233695913200E-003
   353.000000000000000000000000000000000         4.7275686602054612E-003
   354.000000000000000000000000000000000         3.4779050928211500E-003
   355.000000000000000000000000000000000         2.4179116073319061E-003
   356.000000000000000000000000000000000         1.5488762645760438E-003
   357.000000000000000000000000000000000         8.7186163760151253E-004
   358.000000000000000000000000000000000         3.8769016633866045E-004
   359.000000000000000000000000000000000         9.6950951482257646E-005
   360.000000000000000000000000000000000         8.2688721248318086E-014
