   1.00000000000000000000000000000000000         9.6952893808134903E-005
   2.00000000000000000000000000000000000         3.8769345305563369E-004
   3.00000000000000000000000000000000000         8.7186745512663388E-004
   4.00000000000000000000000000000000000         1.5488688393548058E-003
   5.00000000000000000000000000000000000         2.4179212717250547E-003
   6.00000000000000000000000000000000000         3.4779171001545562E-003
   7.00000000000000000000000000000000000         4.7275821243758396E-003
   8.00000000000000000000000000000000000         6.1654745054414229E-003
   9.00000000000000000000000000000000000         7.7895975769705127E-003
   10.0000000000000000000000000000000000         9.5982163325347876E-003
   11.0000000000000000000000000000000000         1.1589049797131112E-002
   12.0000000000000000000000000000000000         1.3759548061729946E-002
   13.0000000000000000000000000000000000         1.6107428234634968E-002
   14.0000000000000000000000000000000000         1.8629468050712361E-002
   15.0000000000000000000000000000000000         2.1322719802566174E-002
   16.0000000000000000000000000000000000         2.4183734225971983E-002
   17.0000000000000000000000000000000000         2.7209516123326304E-002
   18.0000000000000000000000000000000000         3.0395860289068492E-002
   19.0000000000000000000000000000000000         3.3739137315353655E-002
   20.0000000000000000000000000000000000         3.7235390704407040E-002
   21.0000000000000000000000000000000000         4.0879771718804955E-002
   22.0000000000000000000000000000000000         4.4668467270704428E-002
   23.0000000000000000000000000000000000         4.8596630878626812E-002
   24.0000000000000000000000000000000000         5.2659395643657750E-002
   25.0000000000000000000000000000000000         5.6852119030705660E-002
   26.0000000000000000000000000000000000         6.1169439096065176E-002
   27.0000000000000000000000000000000000         6.5606016264335917E-002
   28.0000000000000000000000000000000000         7.0156601495013862E-002
   29.0000000000000000000000000000000000         7.4815674469717014E-002
   30.0000000000000000000000000000000000         7.9577562818375705E-002
   31.0000000000000000000000000000000000         8.4436225115293695E-002
   32.0000000000000000000000000000000000         8.9385540556638027E-002
   33.0000000000000000000000000000000000         9.4420797842931281E-002
   34.0000000000000000000000000000000000         9.9534459712507781E-002
   35.0000000000000000000000000000000000        0.10472074881507487     
   36.0000000000000000000000000000000000        0.10997395184102111     
   37.0000000000000000000000000000000000        0.11528589770322464     
   38.0000000000000000000000000000000000        0.12065189246738468     
   39.0000000000000000000000000000000000        0.12606477216109868     
   40.0000000000000000000000000000000000        0.13151768768364322     
   41.0000000000000000000000000000000000        0.13700485859299713     
   42.0000000000000000000000000000000000        0.14251856327303841     
   43.0000000000000000000000000000000000        0.14805285799437159     
   44.0000000000000000000000000000000000        0.15360086189773778     
   45.0000000000000000000000000000000000        0.15915494561988910     
   46.0000000000000000000000000000000000        0.16470945659265829     
   47.0000000000000000000000000000000000        0.17025703321149532     
   48.0000000000000000000000000000000000        0.17579098572118859     
   49.0000000000000000000000000000000000        0.18130503251147087     
   50.0000000000000000000000000000000000        0.18679202837533232     
   51.0000000000000000000000000000000000        0.19224511877458358     
   52.0000000000000000000000000000000000        0.19765841752336011     
   53.0000000000000000000000000000000000        0.20302399299752399     
   54.0000000000000000000000000000000000        0.20833628177834809     
   55.0000000000000000000000000000000000        0.21358914158559739     
   56.0000000000000000000000000000000000        0.21877563554368534     
   57.0000000000000000000000000000000000        0.22388909219393185     
   58.0000000000000000000000000000000000        0.22892394268043526     
   59.0000000000000000000000000000000000        0.23387366449574337     
   60.0000000000000000000000000000000000        0.23873180180906275     
   61.0000000000000000000000000000000000        0.24349421465592072     
   62.0000000000000000000000000000000000        0.24815316413590202     
   63.0000000000000000000000000000000000        0.25270387231808794     
   64.0000000000000000000000000000000000        0.25714044610521147     
   65.0000000000000000000000000000000000        0.26145776895389494     
   66.0000000000000000000000000000000000        0.26565025461562292     
   67.0000000000000000000000000000000000        0.26971325645611888     
   68.0000000000000000000000000000000000        0.27364162512479417     
   69.0000000000000000000000000000000000        0.27743011491738118     
   70.0000000000000000000000000000000000        0.28107507698009099     
   71.0000000000000000000000000000000000        0.28457074857674686     
   72.0000000000000000000000000000000000        0.28791387825232007     
   73.0000000000000000000000000000000000        0.29110036898314645     
   74.0000000000000000000000000000000000        0.29412558412366452     
   75.0000000000000000000000000000000000        0.29698716448042167     
   76.0000000000000000000000000000000000        0.29968007136969843     
   77.0000000000000000000000000000000000        0.30220245519077660     
   78.0000000000000000000000000000000000        0.30454991314703117     
   79.0000000000000000000000000000000000        0.30672083274110740     
   80.0000000000000000000000000000000000        0.30871226196935236     
   81.0000000000000000000000000000000000        0.31052028404868315     
   82.0000000000000000000000000000000000        0.31214455093464111     
   83.0000000000000000000000000000000000        0.31358229856776693     
   84.0000000000000000000000000000000000        0.31483135930170036     
   85.0000000000000000000000000000000000        0.31589195847036977     
   86.0000000000000000000000000000000000        0.31676122421169289     
   87.0000000000000000000000000000000000        0.31743801132531729     
   88.0000000000000000000000000000000000        0.31792218044630749     
   89.0000000000000000000000000000000000        0.31821292491787434     
   90.0000000000000000000000000000000000        0.31830965823503127     
   91.0000000000000000000000000000000000        0.31821292394662787     
   92.0000000000000000000000000000000000        0.31792221013121191     
   93.0000000000000000000000000000000000        0.31743800841642944     
   94.0000000000000000000000000000000000        0.31676108344376219     
   95.0000000000000000000000000000000000        0.31589195363827544     
   96.0000000000000000000000000000000000        0.31483191605794475     
   97.0000000000000000000000000000000000        0.31358229183565184     
   98.0000000000000000000000000000000000        0.31214434350218823     
   99.0000000000000000000000000000000000        0.31052027544930827     
   100.000000000000000000000000000000000        0.30871113992019489     
   101.000000000000000000000000000000000        0.30672082231673869     
   102.000000000000000000000000000000000        0.30455040821290597     
   103.000000000000000000000000000000000        0.30220244299203547     
   104.000000000000000000000000000000000        0.29968019706900162     
   105.000000000000000000000000000000000        0.29698715056662972     
   106.000000000000000000000000000000000        0.29412564075135256     
   107.000000000000000000000000000000000        0.29110035342215479     
   108.000000000000000000000000000000000        0.28791408887674919     
   109.000000000000000000000000000000000        0.28457073144452466     
   110.000000000000000000000000000000000        0.28107488937594549     
   111.000000000000000000000000000000000        0.27743009629705156     
   112.000000000000000000000000000000000        0.27364180665029758     
   113.000000000000000000000000000000000        0.26971323643866346     
   114.000000000000000000000000000000000        0.26565050127217293     
   115.000000000000000000000000000000000        0.26145774763670498     
   116.000000000000000000000000000000000        0.25714010660984055     
   117.000000000000000000000000000000000        0.25270384980528265     
   118.000000000000000000000000000000000        0.24815295813972316     
   119.000000000000000000000000000000000        0.24349419105667153     
   120.000000000000000000000000000000000        0.23873275053967075     
   121.000000000000000000000000000000000        0.23387363992555651     
   122.000000000000000000000000000000000        0.22892410785986778     
   123.000000000000000000000000000000000        0.22388906677214238     
   124.000000000000000000000000000000000        0.21877508171538085     
   125.000000000000000000000000000000000        0.21358911543626657     
   126.000000000000000000000000000000000        0.20833659304840341     
   127.000000000000000000000000000000000        0.20302396624797786     
   128.000000000000000000000000000000000        0.19765783079624483     
   129.000000000000000000000000000000000        0.19224509155525438     
   130.000000000000000000000000000000000        0.18679163858839379     
   131.000000000000000000000000000000000        0.18130500495470533     
   132.000000000000000000000000000000000        0.17579097353215503     
   133.000000000000000000000000000000000        0.17025700545181388     
   134.000000000000000000000000000000000        0.16470909326826072     
   135.000000000000000000000000000000000        0.15915491779233987     
   136.000000000000000000000000000000000        0.15360041168669092     
   137.000000000000000000000000000000000        0.14805283023472154     
   138.000000000000000000000000000000000        0.14251817293612667     
   139.000000000000000000000000000000000        0.13700483103621516     
   140.000000000000000000000000000000000        0.13151785091716375     
   141.000000000000000000000000000000000        0.12606474494170547     
   142.000000000000000000000000000000000        0.12065138955535756     
   143.000000000000000000000000000000000        0.11528587095363454     
   144.000000000000000000000000000000000        0.10997315710654733     
   145.000000000000000000000000000000000        0.10472072266577201     
   146.000000000000000000000000000000000         9.9534829844201270E-002
   147.000000000000000000000000000000000         9.4420772421212384E-002
   148.000000000000000000000000000000000         8.9385998803522840E-002
   149.000000000000000000000000000000000         8.4436200545080664E-002
   150.000000000000000000000000000000000         7.9577395397898640E-002
   151.000000000000000000000000000000000         7.4815650870597702E-002
   152.000000000000000000000000000000000         7.0156594963605864E-002
   153.000000000000000000000000000000000         6.5605993751421954E-002
   154.000000000000000000000000000000000         6.1169417869313410E-002
   155.000000000000000000000000000000000         5.6852097713588255E-002
   156.000000000000000000000000000000000         5.2659544555556659E-002
   157.000000000000000000000000000000000         4.8596610861235671E-002
   158.000000000000000000000000000000000         4.4668372858935754E-002
   159.000000000000000000000000000000000         4.0879753098526053E-002
   160.000000000000000000000000000000000         3.7235117765216652E-002
   161.000000000000000000000000000000000         3.3739120183017390E-002
   162.000000000000000000000000000000000         3.0395987509962551E-002
   163.000000000000000000000000000000000         2.7209500562363726E-002
   164.000000000000000000000000000000000         2.4183878235568779E-002
   165.000000000000000000000000000000000         2.1322705888794143E-002
   166.000000000000000000000000000000000         1.8629532345998248E-002
   167.000000000000000000000000000000000         1.6107416035810503E-002
   168.000000000000000000000000000000000         1.3759654459509449E-002
   169.000000000000000000000000000000000         1.1589039372759243E-002
   170.000000000000000000000000000000000         9.5980890001278150E-003
   171.000000000000000000000000000000000         7.7895889777789273E-003
   172.000000000000000000000000000000000         6.1653782960134056E-003
   173.000000000000000000000000000000000         4.7275753922940856E-003
   174.000000000000000000000000000000000         3.4778489422084540E-003
   175.000000000000000000000000000000000         2.4179164395246593E-003
   176.000000000000000000000000000000000         1.5488980517756649E-003
   177.000000000000000000000000000000000         8.7186454636710941E-004
   178.000000000000000000000000000000000         3.8768887718408049E-004
   179.000000000000000000000000000000000         9.6951922642735013E-005
   180.000000000000000000000000000000000         2.3832462603742089E-015
   181.000000000000000000000000000000000         9.6953864975286741E-005
   182.000000000000000000000000000000000         3.8769633401662250E-004
   183.000000000000000000000000000000000         8.7187036390237889E-004
   184.000000000000000000000000000000000         1.5488898382533822E-003
   185.000000000000000000000000000000000         2.4179261039218927E-003
   186.000000000000000000000000000000000         3.4779232433915356E-003
   187.000000000000000000000000000000000         4.7275888564784173E-003
   188.000000000000000000000000000000000         6.1653944198186697E-003
   189.000000000000000000000000000000000         7.7896061761446962E-003
   190.000000000000000000000000000000000         9.5982744469563456E-003
   191.000000000000000000000000000000000         1.1589060221543787E-002
   192.000000000000000000000000000000000         1.3759679766445189E-002
   193.000000000000000000000000000000000         1.6107440433405260E-002
   194.000000000000000000000000000000000         1.8629517312149034E-002
   195.000000000000000000000000000000000         2.1322733716335855E-002
   196.000000000000000000000000000000000         2.4183897900418579E-002
   197.000000000000000000000000000000000         2.7209531684300334E-002
   198.000000000000000000000000000000000         3.0395871601266902E-002
   199.000000000000000000000000000000000         3.3739154447694014E-002
   200.000000000000000000000000000000000         3.7235220173216732E-002
   201.000000000000000000000000000000000         4.0879790338998481E-002
   202.000000000000000000000000000000000         4.4668296950734467E-002
   203.000000000000000000000000000000000         4.8596650896111523E-002
   204.000000000000000000000000000000000         5.2659575096819587E-002
   205.000000000000000000000000000000000         5.6852140347860423E-002
   206.000000000000000000000000000000000         6.1169501658752998E-002
   207.000000000000000000000000000000000         6.5606038777284589E-002
   208.000000000000000000000000000000000         7.0156664327024332E-002
   209.000000000000000000000000000000000         7.4815698068804976E-002
   210.000000000000000000000000000000000         7.9577400779071480E-002
   211.000000000000000000000000000000000         8.4436249685650069E-002
   212.000000000000000000000000000000000         8.9386027367700072E-002
   213.000000000000000000000000000000000         9.4420823264655188E-002
   214.000000000000000000000000000000000         9.9534400397199879E-002
   215.000000000000000000000000000000000        0.10472077496447965     
   216.000000000000000000000000000000000        0.10997316344510025     
   217.000000000000000000000000000000000        0.11528592445274952     
   218.000000000000000000000000000000000        0.12065192042645276     
   219.000000000000000000000000000000000        0.12606479938055884     
   220.000000000000000000000000000000000        0.13151791483554950     
   221.000000000000000000000000000000000        0.13700488614964607     
   222.000000000000000000000000000000000        0.14251875647643714     
   223.000000000000000000000000000000000        0.14805288575417289     
   224.000000000000000000000000000000000        0.15360043620176569     
   225.000000000000000000000000000000000        0.15915497344739729     
   226.000000000000000000000000000000000        0.16470939570313187     
   227.000000000000000000000000000000000        0.17025706097128715     
   228.000000000000000000000000000000000        0.17579132265289821     
   229.000000000000000000000000000000000        0.18130506006812164     
   230.000000000000000000000000000000000        0.18679224981114970     
   231.000000000000000000000000000000000        0.19224514599411996     
   232.000000000000000000000000000000000        0.19765826616659049     
   233.000000000000000000000000000000000        0.20302401974704098     
   234.000000000000000000000000000000000        0.20833683501936021     
   235.000000000000000000000000000000000        0.21358916773496914     
   236.000000000000000000000000000000000        0.21877574967969896     
   237.000000000000000000000000000000000        0.22388911761565619     
   238.000000000000000000000000000000000        0.22892414583498472     
   239.000000000000000000000000000000000        0.23387368906604730     
   240.000000000000000000000000000000000        0.23873262251939587     
   241.000000000000000000000000000000000        0.24349423825494360     
   242.000000000000000000000000000000000        0.24815334629232072     
   243.000000000000000000000000000000000        0.25270389483107986     
   244.000000000000000000000000000000000        0.25714073246717384     
   245.000000000000000000000000000000000        0.26145779027089938     
   246.000000000000000000000000000000000        0.26565048441426969     
   247.000000000000000000000000000000000        0.26971327647357368     
   248.000000000000000000000000000000000        0.27364123297109011     
   249.000000000000000000000000000000000        0.27743013353764989     
   250.000000000000000000000000000000000        0.28107461939128070     
   251.000000000000000000000000000000000        0.28457076570916617     
   252.000000000000000000000000000000000        0.28791378282611935     
   253.000000000000000000000000000000000        0.29110038454417558     
   254.000000000000000000000000000000000        0.29412589051386878     
   255.000000000000000000000000000000000        0.29698717839417876     
   256.000000000000000000000000000000000        0.29968024749223671     
   257.000000000000000000000000000000000        0.30220246738957851     
   258.000000000000000000000000000000000        0.30455040169305198     
   259.000000000000000000000000000000000        0.30672084316540588     
   260.000000000000000000000000000000000        0.30871125204146971     
   261.000000000000000000000000000000000        0.31052029264786640     
   262.000000000000000000000000000000000        0.31214391574671535     
   263.000000000000000000000000000000000        0.31358230529974157     
   264.000000000000000000000000000000000        0.31483170561654372     
   265.000000000000000000000000000000000        0.31589196330250280     
   266.000000000000000000000000000000000        0.31676085992424652     
   267.000000000000000000000000000000000        0.31743801423401702     
   268.000000000000000000000000000000000        0.31792191655561969     
   269.000000000000000000000000000000000        0.31821292588898498     
   270.000000000000000000000000000000000        0.31830973326907613     
   271.000000000000000000000000000000000        0.31821292297546078     
   272.000000000000000000000000000000000        0.31792190572318452     
   273.000000000000000000000000000000000        0.31743800550774354     
   274.000000000000000000000000000000000        0.31676114394432187     
   275.000000000000000000000000000000000        0.31589194880609778     
   276.000000000000000000000000000000000        0.31483222328169752     
   277.000000000000000000000000000000000        0.31358228510351771     
   278.000000000000000000000000000000000        0.31214463226638206     
   279.000000000000000000000000000000000        0.31052026685027656     
   280.000000000000000000000000000000000        0.30871191708702800     
   281.000000000000000000000000000000000        0.30672081189232858     
   282.000000000000000000000000000000000        0.30455062152771151     
   283.000000000000000000000000000000000        0.30220243079320169     
   284.000000000000000000000000000000000        0.29968060284742948     
   285.000000000000000000000000000000000        0.29698713665281978     
   286.000000000000000000000000000000000        0.29412611506835290     
   287.000000000000000000000000000000000        0.29110033786123957     
   288.000000000000000000000000000000000        0.28791421493852937     
   289.000000000000000000000000000000000        0.28457071431203218     
   290.000000000000000000000000000000000        0.28107458653440248     
   291.000000000000000000000000000000000        0.27743007767685102     
   292.000000000000000000000000000000000        0.27364150948397709     
   293.000000000000000000000000000000000        0.26971321642121332     
   294.000000000000000000000000000000000        0.26565069042702733     
   295.000000000000000000000000000000000        0.26145772631951392     
   296.000000000000000000000000000000000        0.25714052811139887     
   297.000000000000000000000000000000000        0.25270382729228585     
   298.000000000000000000000000000000000        0.24815351388110901     
   299.000000000000000000000000000000000        0.24349416745778341     
   300.000000000000000000000000000000000        0.23873282248838679     
   301.000000000000000000000000000000000        0.23387361535524084     
   302.000000000000000000000000000000000        0.22892409419871571     
   303.000000000000000000000000000000000        0.22388904135048934     
   304.000000000000000000000000000000000        0.21877584436733055     
   305.000000000000000000000000000000000        0.21358908928686574     
   306.000000000000000000000000000000000        0.20833670242530744     
   307.000000000000000000000000000000000        0.20302393949854355     
   308.000000000000000000000000000000000        0.19765783835611148     
   309.000000000000000000000000000000000        0.19224506433567370     
   310.000000000000000000000000000000000        0.18679182208968709     
   311.000000000000000000000000000000000        0.18130497739798870     
   312.000000000000000000000000000000000        0.17579118623584117     
   313.000000000000000000000000000000000        0.17025697769198606     
   314.000000000000000000000000000000000        0.16470927292526119     
   315.000000000000000000000000000000000        0.15915488996487820     
   316.000000000000000000000000000000000        0.15360004327001600     
   317.000000000000000000000000000000000        0.14805280247489602     
   318.000000000000000000000000000000000        0.14251853483306146     
   319.000000000000000000000000000000000        0.13700480347954941     
   320.000000000000000000000000000000000        0.13151752810638773     
   321.000000000000000000000000000000000        0.12606471772225017     
   322.000000000000000000000000000000000        0.12065173899129156     
   323.000000000000000000000000000000000        0.11528584420415165     
   324.000000000000000000000000000000000        0.10997319564111467     
   325.000000000000000000000000000000000        0.10472069651642675     
   326.000000000000000000000000000000000         9.9534391300156025E-002
   327.000000000000000000000000000000000         9.4420746999543698E-002
   328.000000000000000000000000000000000         8.9385823273195664E-002
   329.000000000000000000000000000000000         8.4436175974824487E-002
   330.000000000000000000000000000000000         7.9577393778678562E-002
   331.000000000000000000000000000000000         7.4815627271546267E-002
   332.000000000000000000000000000000000         7.0156857676082582E-002
   333.000000000000000000000000000000000         6.5605971238407335E-002
   334.000000000000000000000000000000000         6.1169321504842229E-002
   335.000000000000000000000000000000000         5.6852076396505365E-002
   336.000000000000000000000000000000000         5.2659353350380585E-002
   337.000000000000000000000000000000000         4.8596590843723267E-002
   338.000000000000000000000000000000000         4.4668368150415312E-002
   339.000000000000000000000000000000000         4.0879734478295141E-002
   340.000000000000000000000000000000000         3.7235119676524028E-002
   341.000000000000000000000000000000000         3.3739103050657950E-002
   342.000000000000000000000000000000000         3.0395821196539691E-002
   343.000000000000000000000000000000000         2.7209485001434518E-002
   344.000000000000000000000000000000000         2.4183610974093248E-002
   345.000000000000000000000000000000000         2.1322691975041070E-002
   346.000000000000000000000000000000000         1.8629418662897919E-002
   347.000000000000000000000000000000000         1.6107403837050990E-002
   348.000000000000000000000000000000000         1.3759636865229035E-002
   349.000000000000000000000000000000000         1.1589028948399478E-002
   350.000000000000000000000000000000000         9.5981980769764934E-003
   351.000000000000000000000000000000000         7.7895803786064812E-003
   352.000000000000000000000000000000000         6.1654612211494248E-003
   353.000000000000000000000000000000000         4.7275686602052201E-003
   354.000000000000000000000000000000000         3.4779044393053868E-003
   355.000000000000000000000000000000000         2.4179116073325653E-003
   356.000000000000000000000000000000000         1.5488754424336820E-003
   357.000000000000000000000000000000000         8.7186163760096186E-004
   358.000000000000000000000000000000000         3.8769065681518920E-004
   359.000000000000000000000000000000000         9.6950951482359507E-005
   360.000000000000000000000000000000000         3.6675813167924840E-013
