   1.00000000000000000000000000000000000         9.6952893806727270E-005
   2.00000000000000000000000000000000000         3.8769345305295799E-004
   3.00000000000000000000000000000000000         8.7186745513046220E-004
   4.00000000000000000000000000000000000         1.5488813574504213E-003
   5.00000000000000000000000000000000000         2.4179212717233747E-003
   6.00000000000000000000000000000000000         3.4779173769688343E-003
   7.00000000000000000000000000000000000         4.7275821243764676E-003
   8.00000000000000000000000000000000000         6.1654112091154992E-003
   9.00000000000000000000000000000000000         7.7895975769603637E-003
   10.0000000000000000000000000000000000         9.5982174442495304E-003
   11.0000000000000000000000000000000000         1.1589049797141976E-002
   12.0000000000000000000000000000000000         1.3759641025966992E-002
   13.0000000000000000000000000000000000         1.6107428234615806E-002
   14.0000000000000000000000000000000000         1.8629469323710714E-002
   15.0000000000000000000000000000000000         2.1322719802568946E-002
   16.0000000000000000000000000000000000         2.4183860435548748E-002
   17.0000000000000000000000000000000000         2.7209516123326494E-002
   18.0000000000000000000000000000000000         3.0395883431666954E-002
   19.0000000000000000000000000000000000         3.3739137315353440E-002
   20.0000000000000000000000000000000000         3.7235230901771797E-002
   21.0000000000000000000000000000000000         4.0879771718788233E-002
   22.0000000000000000000000000000000000         4.4668461041680117E-002
   23.0000000000000000000000000000000000         4.8596630878642390E-002
   24.0000000000000000000000000000000000         5.2659477061002775E-002
   25.0000000000000000000000000000000000         5.6852119030713612E-002
   26.0000000000000000000000000000000000         6.1169391399348787E-002
   27.0000000000000000000000000000000000         6.5606016264324232E-002
   28.0000000000000000000000000000000000         7.0156623562622297E-002
   29.0000000000000000000000000000000000         7.4815674469703289E-002
   30.0000000000000000000000000000000000         7.9577493551031289E-002
   31.0000000000000000000000000000000000         8.4436225115326863E-002
   32.0000000000000000000000000000000000         8.9385904097660618E-002
   33.0000000000000000000000000000000000         9.4420797842928131E-002
   34.0000000000000000000000000000000000         9.9534455397306695E-002
   35.0000000000000000000000000000000000        0.10472074881508595     
   36.0000000000000000000000000000000000        0.10997349609599959     
   37.0000000000000000000000000000000000        0.11528589770323211     
   38.0000000000000000000000000000000000        0.12065188274383558     
   39.0000000000000000000000000000000000        0.12606477216112211     
   40.0000000000000000000000000000000000        0.13151791375106422     
   41.0000000000000000000000000000000000        0.13700485859297865     
   42.0000000000000000000000000000000000        0.14251868767632378     
   43.0000000000000000000000000000000000        0.14805285799439999     
   44.0000000000000000000000000000000000        0.15360059581230082     
   45.0000000000000000000000000000000000        0.15915494561988835     
   46.0000000000000000000000000000000000        0.16470939189682618     
   47.0000000000000000000000000000000000        0.17025703321148292     
   48.0000000000000000000000000000000000        0.17579112622317522     
   49.0000000000000000000000000000000000        0.18130503251141225     
   50.0000000000000000000000000000000000        0.18679193776807718     
   51.0000000000000000000000000000000000        0.19224511877459838     
   52.0000000000000000000000000000000000        0.19765810273260326     
   53.0000000000000000000000000000000000        0.20302399299754120     
   54.0000000000000000000000000000000000        0.20833647192793237     
   55.0000000000000000000000000000000000        0.21358914158559070     
   56.0000000000000000000000000000000000        0.21877548112631470     
   57.0000000000000000000000000000000000        0.22388909219393868     
   58.0000000000000000000000000000000000        0.22892389392218079     
   59.0000000000000000000000000000000000        0.23387366449579047     
   60.0000000000000000000000000000000000        0.23873227733304236     
   61.0000000000000000000000000000000000        0.24349421465586873     
   62.0000000000000000000000000000000000        0.24815323747226400     
   63.0000000000000000000000000000000000        0.25270387231814889     
   64.0000000000000000000000000000000000        0.25714049619335622     
   65.0000000000000000000000000000000000        0.26145776895386563     
   66.0000000000000000000000000000000000        0.26565035699698164     
   67.0000000000000000000000000000000000        0.26971325645609878     
   68.0000000000000000000000000000000000        0.27364147233122693     
   69.0000000000000000000000000000000000        0.27743011491735942     
   70.0000000000000000000000000000000000        0.28107478665499774     
   71.0000000000000000000000000000000000        0.28457074857681142     
   72.0000000000000000000000000000000000        0.28791396888747028     
   73.0000000000000000000000000000000000        0.29110036898315883     
   74.0000000000000000000000000000000000        0.29412589637818159     
   75.0000000000000000000000000000000000        0.29698716448034823     
   76.0000000000000000000000000000000000        0.29968033675814215     
   77.0000000000000000000000000000000000        0.30220245519078925     
   78.0000000000000000000000000000000000        0.30455014671937181     
   79.0000000000000000000000000000000000        0.30672083274106809     
   80.0000000000000000000000000000000000        0.30871179927016434     
   81.0000000000000000000000000000000000        0.31052028404865151     
   82.0000000000000000000000000000000000        0.31214450253111192     
   83.0000000000000000000000000000000000        0.31358229856770026     
   84.0000000000000000000000000000000000        0.31483182649605418     
   85.0000000000000000000000000000000000        0.31589195847038287     
   86.0000000000000000000000000000000000        0.31676104617981637     
   87.0000000000000000000000000000000000        0.31743801132527716     
   88.0000000000000000000000000000000000        0.31792218385061183     
   89.0000000000000000000000000000000000        0.31821292491780634     
   90.0000000000000000000000000000000000        0.31830982785384754     
   91.0000000000000000000000000000000000        0.31821292394662359     
   92.0000000000000000000000000000000000        0.31792218905082831     
   93.0000000000000000000000000000000000        0.31743800841647873     
   94.0000000000000000000000000000000000        0.31676101139518442     
   95.0000000000000000000000000000000000        0.31589195363820832     
   96.0000000000000000000000000000000000        0.31483194773602824     
   97.0000000000000000000000000000000000        0.31358229183560238     
   98.0000000000000000000000000000000000        0.31214444975322059     
   99.0000000000000000000000000000000000        0.31052027544942862     
   100.000000000000000000000000000000000        0.30871153853579153     
   101.000000000000000000000000000000000        0.30672082231668990     
   102.000000000000000000000000000000000        0.30455024974575445     
   103.000000000000000000000000000000000        0.30220244299201360     
   104.000000000000000000000000000000000        0.29968035502761942     
   105.000000000000000000000000000000000        0.29698715056657310     
   106.000000000000000000000000000000000        0.29412589774856007     
   107.000000000000000000000000000000000        0.29110035342219359     
   108.000000000000000000000000000000000        0.28791400378463988     
   109.000000000000000000000000000000000        0.28457073144449491     
   110.000000000000000000000000000000000        0.28107473044463593     
   111.000000000000000000000000000000000        0.27743009629708937     
   112.000000000000000000000000000000000        0.27364149835518847     
   113.000000000000000000000000000000000        0.26971323643864281     
   114.000000000000000000000000000000000        0.26565039668338547     
   115.000000000000000000000000000000000        0.26145774763672519     
   116.000000000000000000000000000000000        0.25714040255626380     
   117.000000000000000000000000000000000        0.25270384980523064     
   118.000000000000000000000000000000000        0.24815317309628490     
   119.000000000000000000000000000000000        0.24349419105674625     
   120.000000000000000000000000000000000        0.23873247290501709     
   121.000000000000000000000000000000000        0.23387363992554910     
   122.000000000000000000000000000000000        0.22892391185722369     
   123.000000000000000000000000000000000        0.22388906677220635     
   124.000000000000000000000000000000000        0.21877533609314256     
   125.000000000000000000000000000000000        0.21358911543625952     
   126.000000000000000000000000000000000        0.20833652172526548     
   127.000000000000000000000000000000000        0.20302396624799907     
   128.000000000000000000000000000000000        0.19765794934191469     
   129.000000000000000000000000000000000        0.19224509155518466     
   130.000000000000000000000000000000000        0.18679182853506332     
   131.000000000000000000000000000000000        0.18130500495468443     
   132.000000000000000000000000000000000        0.17579110204493617     
   133.000000000000000000000000000000000        0.17025700545174843     
   134.000000000000000000000000000000000        0.16470928832504453     
   135.000000000000000000000000000000000        0.15915491779235214     
   136.000000000000000000000000000000000        0.15360047262100010     
   137.000000000000000000000000000000000        0.14805283023467286     
   138.000000000000000000000000000000000        0.14251857810977700     
   139.000000000000000000000000000000000        0.13700483103624719     
   140.000000000000000000000000000000000        0.13151792939367402     
   141.000000000000000000000000000000000        0.12606474494169465     
   142.000000000000000000000000000000000        0.12065174827902606     
   143.000000000000000000000000000000000        0.11528587095368012     
   144.000000000000000000000000000000000        0.10997329615048913     
   145.000000000000000000000000000000000        0.10472072266576224     
   146.000000000000000000000000000000000         9.9534519000206698E-002
   147.000000000000000000000000000000000         9.4420772421211843E-002
   148.000000000000000000000000000000000         8.9385988209345027E-002
   149.000000000000000000000000000000000         8.4436200545081247E-002
   150.000000000000000000000000000000000         7.9577437088848249E-002
   151.000000000000000000000000000000000         7.4815650870610234E-002
   152.000000000000000000000000000000000         7.0156604227088817E-002
   153.000000000000000000000000000000000         6.5605993751383582E-002
   154.000000000000000000000000000000000         6.1169369629389084E-002
   155.000000000000000000000000000000000         5.6852097713589803E-002
   156.000000000000000000000000000000000         5.2659494676040912E-002
   157.000000000000000000000000000000000         4.8596610861203413E-002
   158.000000000000000000000000000000000         4.4668424757241552E-002
   159.000000000000000000000000000000000         4.0879753098529766E-002
   160.000000000000000000000000000000000         3.7235155422239631E-002
   161.000000000000000000000000000000000         3.3739120183014025E-002
   162.000000000000000000000000000000000         3.0395899495764257E-002
   163.000000000000000000000000000000000         2.7209500562368039E-002
   164.000000000000000000000000000000000         2.4183881537367745E-002
   165.000000000000000000000000000000000         2.1322705888801415E-002
   166.000000000000000000000000000000000         1.8629473727741774E-002
   167.000000000000000000000000000000000         1.6107416035821422E-002
   168.000000000000000000000000000000000         1.3759656288626730E-002
   169.000000000000000000000000000000000         1.1589039372766558E-002
   170.000000000000000000000000000000000         9.5981813232604279E-003
   171.000000000000000000000000000000000         7.7895889777789256E-003
   172.000000000000000000000000000000000         6.1653835461516898E-003
   173.000000000000000000000000000000000         4.7275753922898320E-003
   174.000000000000000000000000000000000         3.4778975071889746E-003
   175.000000000000000000000000000000000         2.4179164395247482E-003
   176.000000000000000000000000000000000         1.5488849554735700E-003
   177.000000000000000000000000000000000         8.7186454636497776E-004
   178.000000000000000000000000000000000         3.8769091696636801E-004
   179.000000000000000000000000000000000         9.6951922642033467E-005
   180.000000000000000000000000000000000         2.4215353017656880E-015
   181.000000000000000000000000000000000         9.6953864975661861E-005
   182.000000000000000000000000000000000         3.8769560642068409E-004
   183.000000000000000000000000000000000         8.7187036390311463E-004
   184.000000000000000000000000000000000         1.5488890974775292E-003
   185.000000000000000000000000000000000         2.4179261039253075E-003
   186.000000000000000000000000000000000         3.4779232433815180E-003
   187.000000000000000000000000000000000         4.7275888564708947E-003
   188.000000000000000000000000000000000         6.1653990636172636E-003
   189.000000000000000000000000000000000         7.7896061761421756E-003
   190.000000000000000000000000000000000         9.5982379352996389E-003
   191.000000000000000000000000000000000         1.1589060221529227E-002
   192.000000000000000000000000000000000         1.3759679528481731E-002
   193.000000000000000000000000000000000         1.6107440433402367E-002
   194.000000000000000000000000000000000         1.8629490561507329E-002
   195.000000000000000000000000000000000         2.1322733716338027E-002
   196.000000000000000000000000000000000         2.4183908810870659E-002
   197.000000000000000000000000000000000         2.7209531684291948E-002
   198.000000000000000000000000000000000         3.0395898649220970E-002
   199.000000000000000000000000000000000         3.3739154447695298E-002
   200.000000000000000000000000000000000         3.7235206242930648E-002
   201.000000000000000000000000000000000         4.0879790339031802E-002
   202.000000000000000000000000000000000         4.4668437547950336E-002
   203.000000000000000000000000000000000         4.8596650896103391E-002
   204.000000000000000000000000000000000         5.2659533592928874E-002
   205.000000000000000000000000000000000         5.6852140347850154E-002
   206.000000000000000000000000000000000         6.1169422503227038E-002
   207.000000000000000000000000000000000         6.5606038777273126E-002
   208.000000000000000000000000000000000         7.0156655611197979E-002
   209.000000000000000000000000000000000         7.4815698068793166E-002
   210.000000000000000000000000000000000         7.9577475619074078E-002
   211.000000000000000000000000000000000         8.4436249685604578E-002
   212.000000000000000000000000000000000         8.9386033386374936E-002
   213.000000000000000000000000000000000         9.4420823264649248E-002
   214.000000000000000000000000000000000         9.9534461978679697E-002
   215.000000000000000000000000000000000        0.10472077496443162     
   216.000000000000000000000000000000000        0.10997333856069660     
   217.000000000000000000000000000000000        0.11528592445277278     
   218.000000000000000000000000000000000        0.12065190996112592     
   219.000000000000000000000000000000000        0.12606479938056295     
   220.000000000000000000000000000000000        0.13151798626005348     
   221.000000000000000000000000000000000        0.13700488614968320     
   222.000000000000000000000000000000000        0.14251875272878375     
   223.000000000000000000000000000000000        0.14805288575415892     
   224.000000000000000000000000000000000        0.15360052121820778     
   225.000000000000000000000000000000000        0.15915497344741811     
   226.000000000000000000000000000000000        0.16470939967835366     
   227.000000000000000000000000000000000        0.17025706097123922     
   228.000000000000000000000000000000000        0.17579122373041067     
   229.000000000000000000000000000000000        0.18130506006811656     
   230.000000000000000000000000000000000        0.18679200898629078     
   231.000000000000000000000000000000000        0.19224514599405507     
   232.000000000000000000000000000000000        0.19765808945924424     
   233.000000000000000000000000000000000        0.20302401974707879     
   234.000000000000000000000000000000000        0.20833661734278153     
   235.000000000000000000000000000000000        0.21358916773492670     
   236.000000000000000000000000000000000        0.21877552687410720     
   237.000000000000000000000000000000000        0.22388911761565800     
   238.000000000000000000000000000000000        0.22892395915930397     
   239.000000000000000000000000000000000        0.23387368906605321     
   240.000000000000000000000000000000000        0.23873248131235450     
   241.000000000000000000000000000000000        0.24349423825494149     
   242.000000000000000000000000000000000        0.24815329646505815     
   243.000000000000000000000000000000000        0.25270389483110400     
   244.000000000000000000000000000000000        0.25714057783254812     
   245.000000000000000000000000000000000        0.26145779027096477     
   246.000000000000000000000000000000000        0.26565042489723445     
   247.000000000000000000000000000000000        0.26971327647354881     
   248.000000000000000000000000000000000        0.27364139874603582     
   249.000000000000000000000000000000000        0.27743013353761620     
   250.000000000000000000000000000000000        0.28107469717666034     
   251.000000000000000000000000000000000        0.28457076570916617     
   252.000000000000000000000000000000000        0.28791396000279518     
   253.000000000000000000000000000000000        0.29110038454413245     
   254.000000000000000000000000000000000        0.29412597697961218     
   255.000000000000000000000000000000000        0.29698717839410910     
   256.000000000000000000000000000000000        0.29968038664200430     
   257.000000000000000000000000000000000        0.30220246738957851     
   258.000000000000000000000000000000000        0.30455026579891320     
   259.000000000000000000000000000000000        0.30672084316542358     
   260.000000000000000000000000000000000        0.30871157859040188     
   261.000000000000000000000000000000000        0.31052029264783076     
   262.000000000000000000000000000000000        0.31214436503983317     
   263.000000000000000000000000000000000        0.31358230529975945     
   264.000000000000000000000000000000000        0.31483190917544568     
   265.000000000000000000000000000000000        0.31589196330256569     
   266.000000000000000000000000000000000        0.31676096691969280     
   267.000000000000000000000000000000000        0.31743801423402601     
   268.000000000000000000000000000000000        0.31792212576520462     
   269.000000000000000000000000000000000        0.31821292588895789     
   270.000000000000000000000000000000000        0.31830984479701890     
   271.000000000000000000000000000000000        0.31821292297545173     
   272.000000000000000000000000000000000        0.31792211881069143     
   273.000000000000000000000000000000000        0.31743800550772550     
   274.000000000000000000000000000000000        0.31676102205826401     
   275.000000000000000000000000000000000        0.31589194880600796     
   276.000000000000000000000000000000000        0.31483201262989158     
   277.000000000000000000000000000000000        0.31358228510349984     
   278.000000000000000000000000000000000        0.31214450901973090     
   279.000000000000000000000000000000000        0.31052026685027656     
   280.000000000000000000000000000000000        0.30871170665665276     
   281.000000000000000000000000000000000        0.30672081189230205     
   282.000000000000000000000000000000000        0.30455028915089710     
   283.000000000000000000000000000000000        0.30220243079321046     
   284.000000000000000000000000000000000        0.29968043654075477     
   285.000000000000000000000000000000000        0.29698713665279364     
   286.000000000000000000000000000000000        0.29412599343588169     
   287.000000000000000000000000000000000        0.29110033786123957     
   288.000000000000000000000000000000000        0.28791401958700669     
   289.000000000000000000000000000000000        0.28457071431211745     
   290.000000000000000000000000000000000        0.28107464821291367     
   291.000000000000000000000000000000000        0.27743007767684258     
   292.000000000000000000000000000000000        0.27364141628748734     
   293.000000000000000000000000000000000        0.26971321642118845     
   294.000000000000000000000000000000000        0.26565042338551653     
   295.000000000000000000000000000000000        0.26145772631957931     
   296.000000000000000000000000000000000        0.25714048075723356     
   297.000000000000000000000000000000000        0.25270382729226976     
   298.000000000000000000000000000000000        0.24815328072556989     
   299.000000000000000000000000000000000        0.24349416745770056     
   300.000000000000000000000000000000000        0.23873247049392227     
   301.000000000000000000000000000000000        0.23387361535527948     
   302.000000000000000000000000000000000        0.22892388940891747     
   303.000000000000000000000000000000000        0.22388904135050069     
   304.000000000000000000000000000000000        0.21877548832969679     
   305.000000000000000000000000000000000        0.21358908928691375     
   306.000000000000000000000000000000000        0.20833652593380139     
   307.000000000000000000000000000000000        0.20302393949847872     
   308.000000000000000000000000000000000        0.19765793014503058     
   309.000000000000000000000000000000000        0.19224506433571578     
   310.000000000000000000000000000000000        0.18679184875425486     
   311.000000000000000000000000000000000        0.18130497739796489     
   312.000000000000000000000000000000000        0.17579112864892793     
   313.000000000000000000000000000000000        0.17025697769198275     
   314.000000000000000000000000000000000        0.16470930736199685     
   315.000000000000000000000000000000000        0.15915488996483354     
   316.000000000000000000000000000000000        0.15360036789931630     
   317.000000000000000000000000000000000        0.14805280247490835     
   318.000000000000000000000000000000000        0.14251863840264084     
   319.000000000000000000000000000000000        0.13700480347954053     
   320.000000000000000000000000000000000        0.13151783528427269     
   321.000000000000000000000000000000000        0.12606471772225583     
   322.000000000000000000000000000000000        0.12065180628003883     
   323.000000000000000000000000000000000        0.11528584420415165     
   324.000000000000000000000000000000000        0.10997328436238799     
   325.000000000000000000000000000000000        0.10472069651643193     
   326.000000000000000000000000000000000         9.9534399999050518E-002
   327.000000000000000000000000000000000         9.4420746999506852E-002
   328.000000000000000000000000000000000         8.9385929209930937E-002
   329.000000000000000000000000000000000         8.4436175974829122E-002
   330.000000000000000000000000000000000         7.9577418065658864E-002
   331.000000000000000000000000000000000         7.4815627271533153E-002
   332.000000000000000000000000000000000         7.0156645688516650E-002
   333.000000000000000000000000000000000         6.5605971238423710E-002
   334.000000000000000000000000000000000         6.1169330892852633E-002
   335.000000000000000000000000000000000         5.6852076396474868E-002
   336.000000000000000000000000000000000         5.2659435490440110E-002
   337.000000000000000000000000000000000         4.8596590843740892E-002
   338.000000000000000000000000000000000         4.4668408728384075E-002
   339.000000000000000000000000000000000         4.0879734478283823E-002
   340.000000000000000000000000000000000         3.7235142005680552E-002
   341.000000000000000000000000000000000         3.3739103050673368E-002
   342.000000000000000000000000000000000         3.0395849277956064E-002
   343.000000000000000000000000000000000         2.7209485001419353E-002
   344.000000000000000000000000000000000         2.4183809771361330E-002
   345.000000000000000000000000000000000         2.1322691975042239E-002
   346.000000000000000000000000000000000         1.8629437943133740E-002
   347.000000000000000000000000000000000         1.6107403837044395E-002
   348.000000000000000000000000000000000         1.3759643553036832E-002
   349.000000000000000000000000000000000         1.1589028948397972E-002
   350.000000000000000000000000000000000         9.5981985851395293E-003
   351.000000000000000000000000000000000         7.7895803786048939E-003
   352.000000000000000000000000000000000         6.1653963328352395E-003
   353.000000000000000000000000000000000         4.7275686602056329E-003
   354.000000000000000000000000000000000         3.4779055596181612E-003
   355.000000000000000000000000000000000         2.4179116073314352E-003
   356.000000000000000000000000000000000         1.5488768518207381E-003
   357.000000000000000000000000000000000         8.7186163760190599E-004
   358.000000000000000000000000000000000         3.8768981599847222E-004
   359.000000000000000000000000000000000         9.6950951482184882E-005
   360.000000000000000000000000000000000         3.6455656786340997E-015
