   1.00000000000000000000000000000000000         9.6952893806546384E-005
   2.00000000000000000000000000000000000         3.8769345305258638E-004
   3.00000000000000000000000000000000000         8.7186745513095063E-004
   4.00000000000000000000000000000000000         1.5488830960788131E-003
   5.00000000000000000000000000000000000         2.4179212717232129E-003
   6.00000000000000000000000000000000000         3.4779174154152626E-003
   7.00000000000000000000000000000000000         4.7275821243764563E-003
   8.00000000000000000000000000000000000         6.1654024179848181E-003
   9.00000000000000000000000000000000000         7.7895975769590800E-003
   10.0000000000000000000000000000000000         9.5982175986543614E-003
   11.0000000000000000000000000000000000         1.1589049797143333E-002
   12.0000000000000000000000000000000000         1.3759653937691419E-002
   13.0000000000000000000000000000000000         1.6107428234613339E-002
   14.0000000000000000000000000000000000         1.8629469500516044E-002
   15.0000000000000000000000000000000000         2.1322719802569109E-002
   16.0000000000000000000000000000000000         2.4183877964682680E-002
   17.0000000000000000000000000000000000         2.7209516123326772E-002
   18.0000000000000000000000000000000000         3.0395886645917435E-002
   19.0000000000000000000000000000000000         3.3739137315353135E-002
   20.0000000000000000000000000000000000         3.7235208706988467E-002
   21.0000000000000000000000000000000000         4.0879771718786213E-002
   22.0000000000000000000000000000000000         4.4668460176537889E-002
   23.0000000000000000000000000000000000         4.8596630878644222E-002
   24.0000000000000000000000000000000000         5.2659488368972336E-002
   25.0000000000000000000000000000000000         5.6852119030715069E-002
   26.0000000000000000000000000000000000         6.1169384774806317E-002
   27.0000000000000000000000000000000000         6.5606016264322248E-002
   28.0000000000000000000000000000000000         7.0156626627568192E-002
   29.0000000000000000000000000000000000         7.4815674469701776E-002
   30.0000000000000000000000000000000000         7.9577483930569168E-002
   31.0000000000000000000000000000000000         8.4436225115331054E-002
   32.0000000000000000000000000000000000         8.9385954589527777E-002
   33.0000000000000000000000000000000000         9.4420797842928131E-002
   34.0000000000000000000000000000000000         9.9534454797973224E-002
   35.0000000000000000000000000000000000        0.10472074881508701     
   36.0000000000000000000000000000000000        0.10997343279815461     
   37.0000000000000000000000000000000000        0.11528589770323362     
   38.0000000000000000000000000000000000        0.12065188139334267     
   39.0000000000000000000000000000000000        0.12606477216112486     
   40.0000000000000000000000000000000000        0.13151794514933252     
   41.0000000000000000000000000000000000        0.13700485859297659     
   42.0000000000000000000000000000000000        0.14251870495456215     
   43.0000000000000000000000000000000000        0.14805285799440343     
   44.0000000000000000000000000000000000        0.15360055885600837     
   45.0000000000000000000000000000000000        0.15915494561988880     
   46.0000000000000000000000000000000000        0.16470938291129494     
   47.0000000000000000000000000000000000        0.17025703321148061     
   48.0000000000000000000000000000000000        0.17579114573734447     
   49.0000000000000000000000000000000000        0.18130503251140470     
   50.0000000000000000000000000000000000        0.18679192518373791     
   51.0000000000000000000000000000000000        0.19224511877459985     
   52.0000000000000000000000000000000000        0.19765805901168462     
   53.0000000000000000000000000000000000        0.20302399299754420     
   54.0000000000000000000000000000000000        0.20833649833760370     
   55.0000000000000000000000000000000000        0.21358914158558917     
   56.0000000000000000000000000000000000        0.21877545967946196     
   57.0000000000000000000000000000000000        0.22388909219394024     
   58.0000000000000000000000000000000000        0.22892388715020143     
   59.0000000000000000000000000000000000        0.23387366449579639     
   60.0000000000000000000000000000000000        0.23873234337807700     
   61.0000000000000000000000000000000000        0.24349421465586216     
   62.0000000000000000000000000000000000        0.24815324765787067     
   63.0000000000000000000000000000000000        0.25270387231815672     
   64.0000000000000000000000000000000000        0.25714050315004333     
   65.0000000000000000000000000000000000        0.26145776895386225     
   66.0000000000000000000000000000000000        0.26565037121661633     
   67.0000000000000000000000000000000000        0.26971325645609534     
   68.0000000000000000000000000000000000        0.27364145110990157     
   69.0000000000000000000000000000000000        0.27743011491735708     
   70.0000000000000000000000000000000000        0.28107474633207996     
   71.0000000000000000000000000000000000        0.28457074857681969     
   72.0000000000000000000000000000000000        0.28791398147568670     
   73.0000000000000000000000000000000000        0.29110036898316122     
   74.0000000000000000000000000000000000        0.29412593974687762     
   75.0000000000000000000000000000000000        0.29698716448033735     
   76.0000000000000000000000000000000000        0.29968037361765754     
   77.0000000000000000000000000000000000        0.30220245519079170     
   78.0000000000000000000000000000000000        0.30455017915998173     
   79.0000000000000000000000000000000000        0.30672083274106193     
   80.0000000000000000000000000000000000        0.30871173500641569     
   81.0000000000000000000000000000000000        0.31052028404864779     
   82.0000000000000000000000000000000000        0.31214449580839987     
   83.0000000000000000000000000000000000        0.31358229856769032     
   84.0000000000000000000000000000000000        0.31483189138418632     
   85.0000000000000000000000000000000000        0.31589195847038537     
   86.0000000000000000000000000000000000        0.31676102145317081     
   87.0000000000000000000000000000000000        0.31743801132527089     
   88.0000000000000000000000000000000000        0.31792218432343189     
   89.0000000000000000000000000000000000        0.31821292491779757     
   90.0000000000000000000000000000000000        0.31830985141202001     
   91.0000000000000000000000000000000000        0.31821292394662237     
   92.0000000000000000000000000000000000        0.31792218612299733     
   93.0000000000000000000000000000000000        0.31743800841648623     
   94.0000000000000000000000000000000000        0.31676100138843816     
   95.0000000000000000000000000000000000        0.31589195363819833     
   96.0000000000000000000000000000000000        0.31483195213576215     
   97.0000000000000000000000000000000000        0.31358229183559616     
   98.0000000000000000000000000000000000        0.31214446451030980     
   99.0000000000000000000000000000000000        0.31052027544944472     
   100.000000000000000000000000000000000        0.30871159389908920     
   101.000000000000000000000000000000000        0.30672082231668374     
   102.000000000000000000000000000000000        0.30455022773643114     
   103.000000000000000000000000000000000        0.30220244299200993     
   104.000000000000000000000000000000000        0.29968037696631961     
   105.000000000000000000000000000000000        0.29698715056656583     
   106.000000000000000000000000000000000        0.29412593344262555     
   107.000000000000000000000000000000000        0.29110035342219837     
   108.000000000000000000000000000000000        0.28791399196629236     
   109.000000000000000000000000000000000        0.28457073144449135     
   110.000000000000000000000000000000000        0.28107470837084653     
   111.000000000000000000000000000000000        0.27743009629709403     
   112.000000000000000000000000000000000        0.27364145553643704     
   113.000000000000000000000000000000000        0.26971323643864054     
   114.000000000000000000000000000000000        0.26565038215716663     
   115.000000000000000000000000000000000        0.26145774763672747     
   116.000000000000000000000000000000000        0.25714044365994715     
   117.000000000000000000000000000000000        0.25270384980522398     
   118.000000000000000000000000000000000        0.24815320295137031     
   119.000000000000000000000000000000000        0.24349419105675610     
   120.000000000000000000000000000000000        0.23873243434466129     
   121.000000000000000000000000000000000        0.23387363992554858     
   122.000000000000000000000000000000000        0.22892388463464086     
   123.000000000000000000000000000000000        0.22388906677221476     
   124.000000000000000000000000000000000        0.21877537142339895     
   125.000000000000000000000000000000000        0.21358911543625902     
   126.000000000000000000000000000000000        0.20833651181927507     
   127.000000000000000000000000000000000        0.20302396624800159     
   128.000000000000000000000000000000000        0.19765796580659387     
   129.000000000000000000000000000000000        0.19224509155517541     
   130.000000000000000000000000000000000        0.18679185491655284     
   131.000000000000000000000000000000000        0.18130500495468113     
   132.000000000000000000000000000000000        0.17579111989393728     
   133.000000000000000000000000000000000        0.17025700545173972     
   134.000000000000000000000000000000000        0.16470931541627362     
   135.000000000000000000000000000000000        0.15915491779235347     
   136.000000000000000000000000000000000        0.15360048108409954     
   137.000000000000000000000000000000000        0.14805283023466645     
   138.000000000000000000000000000000000        0.14251863438394063     
   139.000000000000000000000000000000000        0.13700483103625130     
   140.000000000000000000000000000000000        0.13151794029319117     
   141.000000000000000000000000000000000        0.12606474494169348     
   142.000000000000000000000000000000000        0.12065179810179996     
   143.000000000000000000000000000000000        0.11528587095368614     
   144.000000000000000000000000000000000        0.10997331546215466     
   145.000000000000000000000000000000000        0.10472072266576117     
   146.000000000000000000000000000000000         9.9534475827468064E-002
   147.000000000000000000000000000000000         9.4420772421211496E-002
   148.000000000000000000000000000000000         8.9385986737931494E-002
   149.000000000000000000000000000000000         8.4436200545081566E-002
   150.000000000000000000000000000000000         7.9577442879258789E-002
   151.000000000000000000000000000000000         7.4815650870611761E-002
   152.000000000000000000000000000000000         7.0156605513683731E-002
   153.000000000000000000000000000000000         6.5605993751378461E-002
   154.000000000000000000000000000000000         6.1169362929401103E-002
   155.000000000000000000000000000000000         5.6852097713589803E-002
   156.000000000000000000000000000000000         5.2659487748332262E-002
   157.000000000000000000000000000000000         4.8596610861199131E-002
   158.000000000000000000000000000000000         4.4668431965341968E-002
   159.000000000000000000000000000000000         4.0879753098530106E-002
   160.000000000000000000000000000000000         3.7235160652383220E-002
   161.000000000000000000000000000000000         3.3739120183013720E-002
   162.000000000000000000000000000000000         3.0395887271580130E-002
   163.000000000000000000000000000000000         2.7209500562368497E-002
   164.000000000000000000000000000000000         2.4183881995950954E-002
   165.000000000000000000000000000000000         2.1322705888802550E-002
   166.000000000000000000000000000000000         1.8629465586324556E-002
   167.000000000000000000000000000000000         1.6107416035822830E-002
   168.000000000000000000000000000000000         1.3759656542670806E-002
   169.000000000000000000000000000000000         1.1589039372767663E-002
   170.000000000000000000000000000000000         9.5981941459528514E-003
   171.000000000000000000000000000000000         7.7895889777788519E-003
   172.000000000000000000000000000000000         6.1653842753377390E-003
   173.000000000000000000000000000000000         4.7275753922892978E-003
   174.000000000000000000000000000000000         3.4779042523519757E-003
   175.000000000000000000000000000000000         2.4179164395247235E-003
   176.000000000000000000000000000000000         1.5488831365471024E-003
   177.000000000000000000000000000000000         8.7186454636470389E-004
   178.000000000000000000000000000000000         3.8769120026988793E-004
   179.000000000000000000000000000000000         9.6951922641928733E-005
   180.000000000000000000000000000000000         2.4268773569654672E-015
   181.000000000000000000000000000000000         9.6953864975706761E-005
   182.000000000000000000000000000000000         3.8769550536574612E-004
   183.000000000000000000000000000000000         8.7187036390323812E-004
   184.000000000000000000000000000000000         1.5488889945920079E-003
   185.000000000000000000000000000000000         2.4179261039257473E-003
   186.000000000000000000000000000000000         3.4779232433801268E-003
   187.000000000000000000000000000000000         4.7275888564699024E-003
   188.000000000000000000000000000000000         6.1653997085894287E-003
   189.000000000000000000000000000000000         7.7896061761417593E-003
   190.000000000000000000000000000000000         9.5982328642416990E-003
   191.000000000000000000000000000000000         1.1589060221527284E-002
   192.000000000000000000000000000000000         1.3759679495431250E-002
   193.000000000000000000000000000000000         1.6107440433401874E-002
   194.000000000000000000000000000000000         1.8629486846141945E-002
   195.000000000000000000000000000000000         2.1322733716338433E-002
   196.000000000000000000000000000000000         2.4183910326211418E-002
   197.000000000000000000000000000000000         2.7209531684290664E-002
   198.000000000000000000000000000000000         3.0395902405882209E-002
   199.000000000000000000000000000000000         3.3739154447695603E-002
   200.000000000000000000000000000000000         3.7235204308168901E-002
   201.000000000000000000000000000000000         4.0879790339036291E-002
   202.000000000000000000000000000000000         4.4668457075358929E-002
   203.000000000000000000000000000000000         4.8596650896102406E-002
   204.000000000000000000000000000000000         5.2659527828500904E-002
   205.000000000000000000000000000000000         5.6852140347848565E-002
   206.000000000000000000000000000000000         6.1169411509408037E-002
   207.000000000000000000000000000000000         6.5606038777271711E-002
   208.000000000000000000000000000000000         7.0156654400666596E-002
   209.000000000000000000000000000000000         7.4815698068791348E-002
   210.000000000000000000000000000000000         7.9577486013521659E-002
   211.000000000000000000000000000000000         8.4436249685598458E-002
   212.000000000000000000000000000000000         8.9386034222302013E-002
   213.000000000000000000000000000000000         9.4420823264648235E-002
   214.000000000000000000000000000000000         9.9534470531664518E-002
   215.000000000000000000000000000000000        0.10472077496442515     
   216.000000000000000000000000000000000        0.10997336288231824     
   217.000000000000000000000000000000000        0.11528592445277579     
   218.000000000000000000000000000000000        0.12065190850760833     
   219.000000000000000000000000000000000        0.12606479938056372     
   220.000000000000000000000000000000000        0.13151799618012502     
   221.000000000000000000000000000000000        0.13700488614968814     
   222.000000000000000000000000000000000        0.14251875220827634     
   223.000000000000000000000000000000000        0.14805288575415720     
   224.000000000000000000000000000000000        0.15360053302604881     
   225.000000000000000000000000000000000        0.15915497344742074     
   226.000000000000000000000000000000000        0.16470940023046779     
   227.000000000000000000000000000000000        0.17025706097123280     
   228.000000000000000000000000000000000        0.17579120999117850     
   229.000000000000000000000000000000000        0.18130506006811561     
   230.000000000000000000000000000000000        0.18679197553840599     
   231.000000000000000000000000000000000        0.19224514599404632     
   232.000000000000000000000000000000000        0.19765806491656349     
   233.000000000000000000000000000000000        0.20302401974708381     
   234.000000000000000000000000000000000        0.20833658710993236     
   235.000000000000000000000000000000000        0.21358916773492106     
   236.000000000000000000000000000000000        0.21877549592889511     
   237.000000000000000000000000000000000        0.22388911761565800     
   238.000000000000000000000000000000000        0.22892393323213209     
   239.000000000000000000000000000000000        0.23387368906605430     
   240.000000000000000000000000000000000        0.23873246170026871     
   241.000000000000000000000000000000000        0.24349423825494093     
   242.000000000000000000000000000000000        0.24815328954460542     
   243.000000000000000000000000000000000        0.25270389483110733     
   244.000000000000000000000000000000000        0.25714055635552147     
   245.000000000000000000000000000000000        0.26145779027097388     
   246.000000000000000000000000000000000        0.26565041663098005     
   247.000000000000000000000000000000000        0.26971327647354532     
   248.000000000000000000000000000000000        0.27364142177033779     
   249.000000000000000000000000000000000        0.27743013353761153     
   250.000000000000000000000000000000000        0.28107470798018613     
   251.000000000000000000000000000000000        0.28457076570916617     
   252.000000000000000000000000000000000        0.28791398461067108     
   253.000000000000000000000000000000000        0.29110038454412651     
   254.000000000000000000000000000000000        0.29412598898874420     
   255.000000000000000000000000000000000        0.29698717839409938     
   256.000000000000000000000000000000000        0.29968040596836348     
   257.000000000000000000000000000000000        0.30220246738957851     
   258.000000000000000000000000000000000        0.30455024692472965     
   259.000000000000000000000000000000000        0.30672084316542603     
   260.000000000000000000000000000000000        0.30871162394443386     
   261.000000000000000000000000000000000        0.31052029264782582     
   262.000000000000000000000000000000000        0.31214442744168069     
   263.000000000000000000000000000000000        0.31358230529976194     
   264.000000000000000000000000000000000        0.31483193744752058     
   265.000000000000000000000000000000000        0.31589196330257441     
   266.000000000000000000000000000000000        0.31676098178017287     
   267.000000000000000000000000000000000        0.31743801423402729     
   268.000000000000000000000000000000000        0.31792215482209685     
   269.000000000000000000000000000000000        0.31821292588895411     
   270.000000000000000000000000000000000        0.31830986028701247     
   271.000000000000000000000000000000000        0.31821292297545051     
   272.000000000000000000000000000000000        0.31792214840618410     
   273.000000000000000000000000000000000        0.31743800550772300     
   274.000000000000000000000000000000000        0.31676100512964672     
   275.000000000000000000000000000000000        0.31589194880599547     
   276.000000000000000000000000000000000        0.31483198337270191     
   277.000000000000000000000000000000000        0.31358228510349734     
   278.000000000000000000000000000000000        0.31214449190214238     
   279.000000000000000000000000000000000        0.31052026685027656     
   280.000000000000000000000000000000000        0.30871167743021743     
   281.000000000000000000000000000000000        0.30672081189229833     
   282.000000000000000000000000000000000        0.30455024298746503     
   283.000000000000000000000000000000000        0.30220243079321168     
   284.000000000000000000000000000000000        0.29968041344260915     
   285.000000000000000000000000000000000        0.29698713665279003     
   286.000000000000000000000000000000000        0.29412597654248490     
   287.000000000000000000000000000000000        0.29110033786123957     
   288.000000000000000000000000000000000        0.28791399245485599     
   289.000000000000000000000000000000000        0.28457071431212932     
   290.000000000000000000000000000000000        0.28107465677937404     
   291.000000000000000000000000000000000        0.27743007767684141     
   292.000000000000000000000000000000000        0.27364140334353171     
   293.000000000000000000000000000000000        0.26971321642118495     
   294.000000000000000000000000000000000        0.26565038629642845     
   295.000000000000000000000000000000000        0.26145772631958841     
   296.000000000000000000000000000000000        0.25714047418026653     
   297.000000000000000000000000000000000        0.25270382729226754     
   298.000000000000000000000000000000000        0.24815324834286479     
   299.000000000000000000000000000000000        0.24349416745768906     
   300.000000000000000000000000000000000        0.23873242160582270     
   301.000000000000000000000000000000000        0.23387361535528486     
   302.000000000000000000000000000000000        0.22892386096589717     
   303.000000000000000000000000000000000        0.22388904135050228     
   304.000000000000000000000000000000000        0.21877543888004836     
   305.000000000000000000000000000000000        0.21358908928692041     
   306.000000000000000000000000000000000        0.20833650142109814     
   307.000000000000000000000000000000000        0.20302393949846972     
   308.000000000000000000000000000000000        0.19765794289349323     
   309.000000000000000000000000000000000        0.19224506433572161     
   310.000000000000000000000000000000000        0.18679185245766719     
   311.000000000000000000000000000000000        0.18130497739796159     
   312.000000000000000000000000000000000        0.17579112065074626     
   313.000000000000000000000000000000000        0.17025697769198231     
   314.000000000000000000000000000000000        0.16470931214487711     
   315.000000000000000000000000000000000        0.15915488996482735     
   316.000000000000000000000000000000000        0.15360041298674626     
   317.000000000000000000000000000000000        0.14805280247491004     
   318.000000000000000000000000000000000        0.14251865278730760     
   319.000000000000000000000000000000000        0.13700480347953928     
   320.000000000000000000000000000000000        0.13151787794789618     
   321.000000000000000000000000000000000        0.12606471772225664     
   322.000000000000000000000000000000000        0.12065181562569965     
   323.000000000000000000000000000000000        0.11528584420415165     
   324.000000000000000000000000000000000        0.10997329668478989     
   325.000000000000000000000000000000000        0.10472069651643265     
   326.000000000000000000000000000000000         9.9534401207230352E-002
   327.000000000000000000000000000000000         9.4420746999501731E-002
   328.000000000000000000000000000000000         8.9385943923371361E-002
   329.000000000000000000000000000000000         8.4436175974829775E-002
   330.000000000000000000000000000000000         7.9577421438850868E-002
   331.000000000000000000000000000000000         7.4815627271531335E-002
   332.000000000000000000000000000000000         7.0156616245824491E-002
   333.000000000000000000000000000000000         6.5605971238425986E-002
   334.000000000000000000000000000000000         6.1169332196743025E-002
   335.000000000000000000000000000000000         5.6852076396470635E-002
   336.000000000000000000000000000000000         5.2659446898786780E-002
   337.000000000000000000000000000000000         4.8596590843743334E-002
   338.000000000000000000000000000000000         4.4668414364214426E-002
   339.000000000000000000000000000000000         4.0879734478282255E-002
   340.000000000000000000000000000000000         3.7235145106952819E-002
   341.000000000000000000000000000000000         3.3739103050675505E-002
   342.000000000000000000000000000000000         3.0395853178153805E-002
   343.000000000000000000000000000000000         2.7209485001417247E-002
   344.000000000000000000000000000000000         2.4183837382157632E-002
   345.000000000000000000000000000000000         2.1322691975042402E-002
   346.000000000000000000000000000000000         1.8629440620945060E-002
   347.000000000000000000000000000000000         1.6107403837043479E-002
   348.000000000000000000000000000000000         1.3759644481899154E-002
   349.000000000000000000000000000000000         1.1589028948397764E-002
   350.000000000000000000000000000000000         9.5981986557177150E-003
   351.000000000000000000000000000000000         7.7895803786046736E-003
   352.000000000000000000000000000000000         6.1653873205963858E-003
   353.000000000000000000000000000000000         4.7275686602056902E-003
   354.000000000000000000000000000000000         3.4779057152171718E-003
   355.000000000000000000000000000000000         2.4179116073312782E-003
   356.000000000000000000000000000000000         1.5488770475689943E-003
   357.000000000000000000000000000000000         8.7186163760203707E-004
   358.000000000000000000000000000000000         3.8768969921844468E-004
   359.000000000000000000000000000000000         9.6950951482160623E-005
   360.000000000000000000000000000000000         2.3554459133956533E-016
