   1.00000000000000000000000000000000000         9.6952893808155747E-005
   2.00000000000000000000000000000000000         3.8769345305567082E-004
   3.00000000000000000000000000000000000         8.7186745512657685E-004
   4.00000000000000000000000000000000000         1.5488686654927229E-003
   5.00000000000000000000000000000000000         2.4179212717250851E-003
   6.00000000000000000000000000000000000         3.4779170963099132E-003
   7.00000000000000000000000000000000000         4.7275821243758223E-003
   8.00000000000000000000000000000000000         6.1654753845593480E-003
   9.00000000000000000000000000000000000         7.7895975769706645E-003
   10.0000000000000000000000000000000000         9.5982163170943054E-003
   11.0000000000000000000000000000000000         1.1589049797130947E-002
   12.0000000000000000000000000000000000         1.3759546770562198E-002
   13.0000000000000000000000000000000000         1.6107428234635249E-002
   14.0000000000000000000000000000000000         1.8629468033031827E-002
   15.0000000000000000000000000000000000         2.1322719802566118E-002
   16.0000000000000000000000000000000000         2.4183732473063515E-002
   17.0000000000000000000000000000000000         2.7209516123326321E-002
   18.0000000000000000000000000000000000         3.0395859967643577E-002
   19.0000000000000000000000000000000000         3.3739137315353634E-002
   20.0000000000000000000000000000000000         3.7235392923890498E-002
   21.0000000000000000000000000000000000         4.0879771718805212E-002
   22.0000000000000000000000000000000000         4.4668467357218654E-002
   23.0000000000000000000000000000000000         4.8596630878626562E-002
   24.0000000000000000000000000000000000         5.2659394512861731E-002
   25.0000000000000000000000000000000000         5.6852119030705577E-002
   26.0000000000000000000000000000000000         6.1169439758519704E-002
   27.0000000000000000000000000000000000         6.5606016264336070E-002
   28.0000000000000000000000000000000000         7.0156601188519324E-002
   29.0000000000000000000000000000000000         7.4815674469717222E-002
   30.0000000000000000000000000000000000         7.9577563780422370E-002
   31.0000000000000000000000000000000000         8.4436225115293223E-002
   32.0000000000000000000000000000000000         8.9385535507462366E-002
   33.0000000000000000000000000000000000         9.4420797842931337E-002
   34.0000000000000000000000000000000000         9.9534459772441131E-002
   35.0000000000000000000000000000000000        0.10472074881507469     
   36.0000000000000000000000000000000000        0.10997395817081973     
   37.0000000000000000000000000000000000        0.11528589770322457     
   38.0000000000000000000000000000000000        0.12065189260243399     
   39.0000000000000000000000000000000000        0.12606477216109835     
   40.0000000000000000000000000000000000        0.13151768454381929     
   41.0000000000000000000000000000000000        0.13700485859299744     
   42.0000000000000000000000000000000000        0.14251856154521539     
   43.0000000000000000000000000000000000        0.14805285799437118     
   44.0000000000000000000000000000000000        0.15360086559337047     
   45.0000000000000000000000000000000000        0.15915494561988913     
   46.0000000000000000000000000000000000        0.16470945749121160     
   47.0000000000000000000000000000000000        0.17025703321149546     
   48.0000000000000000000000000000000000        0.17579098376977251     
   49.0000000000000000000000000000000000        0.18130503251147173     
   50.0000000000000000000000000000000000        0.18679202963376657     
   51.0000000000000000000000000000000000        0.19224511877458333     
   52.0000000000000000000000000000000000        0.19765842189545571     
   53.0000000000000000000000000000000000        0.20302399299752380     
   54.0000000000000000000000000000000000        0.20833627913738226     
   55.0000000000000000000000000000000000        0.21358914158559741     
   56.0000000000000000000000000000000000        0.21877563768837144     
   57.0000000000000000000000000000000000        0.22388909219393180     
   58.0000000000000000000000000000000000        0.22892394335763325     
   59.0000000000000000000000000000000000        0.23387366449574268     
   60.0000000000000000000000000000000000        0.23873179520456636     
   61.0000000000000000000000000000000000        0.24349421465592150     
   62.0000000000000000000000000000000000        0.24815316311734151     
   63.0000000000000000000000000000000000        0.25270387231808705     
   64.0000000000000000000000000000000000        0.25714044540954284     
   65.0000000000000000000000000000000000        0.26145776895389539     
   66.0000000000000000000000000000000000        0.26565025319365970     
   67.0000000000000000000000000000000000        0.26971325645611910     
   68.0000000000000000000000000000000000        0.27364162724692731     
   69.0000000000000000000000000000000000        0.27743011491738151     
   70.0000000000000000000000000000000000        0.28107508101238504     
   71.0000000000000000000000000000000000        0.28457074857674591     
   72.0000000000000000000000000000000000        0.28791387699349863     
   73.0000000000000000000000000000000000        0.29110036898314634     
   74.0000000000000000000000000000000000        0.29412557978679738     
   75.0000000000000000000000000000000000        0.29698716448042267     
   76.0000000000000000000000000000000000        0.29968006768374866     
   77.0000000000000000000000000000000000        0.30220245519077643     
   78.0000000000000000000000000000000000        0.30454990990297148     
   79.0000000000000000000000000000000000        0.30672083274110790     
   80.0000000000000000000000000000000000        0.30871226839573246     
   81.0000000000000000000000000000000000        0.31052028404868365     
   82.0000000000000000000000000000000000        0.31214455160691240     
   83.0000000000000000000000000000000000        0.31358229856776781     
   84.0000000000000000000000000000000000        0.31483135281289232     
   85.0000000000000000000000000000000000        0.31589195847036966     
   86.0000000000000000000000000000000000        0.31676122668435819     
   87.0000000000000000000000000000000000        0.31743801132531779     
   88.0000000000000000000000000000000000        0.31792218039902548     
   89.0000000000000000000000000000000000        0.31821292491787534     
   90.0000000000000000000000000000000000        0.31830965587921473     
   91.0000000000000000000000000000000000        0.31821292394662787     
   92.0000000000000000000000000000000000        0.31792221042399504     
   93.0000000000000000000000000000000000        0.31743800841642883     
   94.0000000000000000000000000000000000        0.31676108444443690     
   95.0000000000000000000000000000000000        0.31589195363827632     
   96.0000000000000000000000000000000000        0.31483191561797141     
   97.0000000000000000000000000000000000        0.31358229183565262     
   98.0000000000000000000000000000000000        0.31214434202647956     
   99.0000000000000000000000000000000000        0.31052027544930649     
   100.000000000000000000000000000000000        0.30871113438386899     
   101.000000000000000000000000000000000        0.30672082231673942     
   102.000000000000000000000000000000000        0.30455041041383890     
   103.000000000000000000000000000000000        0.30220244299203569     
   104.000000000000000000000000000000000        0.29968019487513220     
   105.000000000000000000000000000000000        0.29698715056663055     
   106.000000000000000000000000000000000        0.29412563718194767     
   107.000000000000000000000000000000000        0.29110035342215418     
   108.000000000000000000000000000000000        0.28791409005858415     
   109.000000000000000000000000000000000        0.28457073144452510     
   110.000000000000000000000000000000000        0.28107489158332510     
   111.000000000000000000000000000000000        0.27743009629705101     
   112.000000000000000000000000000000000        0.27364181093217532     
   113.000000000000000000000000000000000        0.26971323643866385     
   114.000000000000000000000000000000000        0.26565050272479512     
   115.000000000000000000000000000000000        0.26145774763670465     
   116.000000000000000000000000000000000        0.25714010249947472     
   117.000000000000000000000000000000000        0.25270384980528343     
   118.000000000000000000000000000000000        0.24815295515421601     
   119.000000000000000000000000000000000        0.24349419105667042     
   120.000000000000000000000000000000000        0.23873275439570874     
   121.000000000000000000000000000000000        0.23387363992555668     
   122.000000000000000000000000000000000        0.22892411058212730     
   123.000000000000000000000000000000000        0.22388906677214143     
   124.000000000000000000000000000000000        0.21877507818235745     
   125.000000000000000000000000000000000        0.21358911543626671     
   126.000000000000000000000000000000000        0.20833659403900265     
   127.000000000000000000000000000000000        0.20302396624797753     
   128.000000000000000000000000000000000        0.19765782914977742     
   129.000000000000000000000000000000000        0.19224509155525540     
   130.000000000000000000000000000000000        0.18679163595024628     
   131.000000000000000000000000000000000        0.18130500495470556     
   132.000000000000000000000000000000000        0.17579097174725561     
   133.000000000000000000000000000000000        0.17025700545181485     
   134.000000000000000000000000000000000        0.16470909055913954     
   135.000000000000000000000000000000000        0.15915491779233965     
   136.000000000000000000000000000000000        0.15360041084038117     
   137.000000000000000000000000000000000        0.14805283023472229     
   138.000000000000000000000000000000000        0.14251816730871891     
   139.000000000000000000000000000000000        0.13700483103621469     
   140.000000000000000000000000000000000        0.13151784982721237     
   141.000000000000000000000000000000000        0.12606474494170566     
   142.000000000000000000000000000000000        0.12065138457308815     
   143.000000000000000000000000000000000        0.11528587095363386     
   144.000000000000000000000000000000000        0.10997315517538209     
   145.000000000000000000000000000000000        0.10472072266577219     
   146.000000000000000000000000000000000         9.9534834161482386E-002
   147.000000000000000000000000000000000         9.4420772421212357E-002
   148.000000000000000000000000000000000         8.9385998950664208E-002
   149.000000000000000000000000000000000         8.4436200545080692E-002
   150.000000000000000000000000000000000         7.9577394818857741E-002
   151.000000000000000000000000000000000         7.4815650870597480E-002
   152.000000000000000000000000000000000         7.0156594834946392E-002
   153.000000000000000000000000000000000         6.5605993751422481E-002
   154.000000000000000000000000000000000         6.1169418539312494E-002
   155.000000000000000000000000000000000         5.6852097713588214E-002
   156.000000000000000000000000000000000         5.2659545248327874E-002
   157.000000000000000000000000000000000         4.8596610861236136E-002
   158.000000000000000000000000000000000         4.4668372138126168E-002
   159.000000000000000000000000000000000         4.0879753098525984E-002
   160.000000000000000000000000000000000         3.7235117242202576E-002
   161.000000000000000000000000000000000         3.3739120183017453E-002
   162.000000000000000000000000000000000         3.0395988732382868E-002
   163.000000000000000000000000000000000         2.7209500562363653E-002
   164.000000000000000000000000000000000         2.4183878189710462E-002
   165.000000000000000000000000000000000         2.1322705888794053E-002
   166.000000000000000000000000000000000         1.8629533160141348E-002
   167.000000000000000000000000000000000         1.6107416035810340E-002
   168.000000000000000000000000000000000         1.3759654434105045E-002
   169.000000000000000000000000000000000         1.1589039372759151E-002
   170.000000000000000000000000000000000         9.5980877178652099E-003
   171.000000000000000000000000000000000         7.7895889777789230E-003
   172.000000000000000000000000000000000         6.1653782230948343E-003
   173.000000000000000000000000000000000         4.7275753922941489E-003
   174.000000000000000000000000000000000         3.4778482676972229E-003
   175.000000000000000000000000000000000         2.4179164395246545E-003
   176.000000000000000000000000000000000         1.5488982336691393E-003
   177.000000000000000000000000000000000         8.7186454636714096E-004
   178.000000000000000000000000000000000         3.8768884885380871E-004
   179.000000000000000000000000000000000         9.6951922642744094E-005
   180.000000000000000000000000000000000         2.3827166165545830E-015
   181.000000000000000000000000000000000         9.6953864975280886E-005
   182.000000000000000000000000000000000         3.8769634412212639E-004
   183.000000000000000000000000000000000         8.7187036390237044E-004
   184.000000000000000000000000000000000         1.5488898485419369E-003
   185.000000000000000000000000000000000         2.4179261039218424E-003
   186.000000000000000000000000000000000         3.4779232433916748E-003
   187.000000000000000000000000000000000         4.7275888564785257E-003
   188.000000000000000000000000000000000         6.1653943553214791E-003
   189.000000000000000000000000000000000         7.7896061761447257E-003
   190.000000000000000000000000000000000         9.5982749540631778E-003
   191.000000000000000000000000000000000         1.1589060221543997E-002
   192.000000000000000000000000000000000         1.3759679769750236E-002
   193.000000000000000000000000000000000         1.6107440433405298E-002
   194.000000000000000000000000000000000         1.8629517683685860E-002
   195.000000000000000000000000000000000         2.1322733716335831E-002
   196.000000000000000000000000000000000         2.4183897748884541E-002
   197.000000000000000000000000000000000         2.7209531684300445E-002
   198.000000000000000000000000000000000         3.0395871225600959E-002
   199.000000000000000000000000000000000         3.3739154447694007E-002
   200.000000000000000000000000000000000         3.7235220366692946E-002
   201.000000000000000000000000000000000         4.0879790338998009E-002
   202.000000000000000000000000000000000         4.4668294997996918E-002
   203.000000000000000000000000000000000         4.8596650896111648E-002
   204.000000000000000000000000000000000         5.2659575673262626E-002
   205.000000000000000000000000000000000         5.6852140347860562E-002
   206.000000000000000000000000000000000         6.1169502758135666E-002
   207.000000000000000000000000000000000         6.5606038777284756E-002
   208.000000000000000000000000000000000         7.0156664448077485E-002
   209.000000000000000000000000000000000         7.4815698068805128E-002
   210.000000000000000000000000000000000         7.9577399739627241E-002
   211.000000000000000000000000000000000         8.4436249685650708E-002
   212.000000000000000000000000000000000         8.9386027284107369E-002
   213.000000000000000000000000000000000         9.4420823264655257E-002
   214.000000000000000000000000000000000         9.9534399541901686E-002
   215.000000000000000000000000000000000        0.10472077496448035     
   216.000000000000000000000000000000000        0.10997316101294016     
   217.000000000000000000000000000000000        0.11528592445274917     
   218.000000000000000000000000000000000        0.12065192057180453     
   219.000000000000000000000000000000000        0.12606479938055878     
   220.000000000000000000000000000000000        0.13151791384354264     
   221.000000000000000000000000000000000        0.13700488614964551     
   222.000000000000000000000000000000000        0.14251875652848789     
   223.000000000000000000000000000000000        0.14805288575417311     
   224.000000000000000000000000000000000        0.15360043502098192     
   225.000000000000000000000000000000000        0.15915497344739696     
   226.000000000000000000000000000000000        0.16470939564792048     
   227.000000000000000000000000000000000        0.17025706097128784     
   228.000000000000000000000000000000000        0.17579132402682182     
   229.000000000000000000000000000000000        0.18130506006812167     
   230.000000000000000000000000000000000        0.18679225315594050     
   231.000000000000000000000000000000000        0.19224514599412088     
   232.000000000000000000000000000000000        0.19765826862085975     
   233.000000000000000000000000000000000        0.20302401974704043     
   234.000000000000000000000000000000000        0.20833683804264683     
   235.000000000000000000000000000000000        0.21358916773496975     
   236.000000000000000000000000000000000        0.21877575277422184     
   237.000000000000000000000000000000000        0.22388911761565616     
   238.000000000000000000000000000000000        0.22892414842770303     
   239.000000000000000000000000000000000        0.23387368906604725     
   240.000000000000000000000000000000000        0.23873262448060509     
   241.000000000000000000000000000000000        0.24349423825494360     
   242.000000000000000000000000000000000        0.24815334698436606     
   243.000000000000000000000000000000000        0.25270389483107952     
   244.000000000000000000000000000000000        0.25714073461487730     
   245.000000000000000000000000000000000        0.26145779027089849     
   246.000000000000000000000000000000000        0.26565048524089524     
   247.000000000000000000000000000000000        0.26971327647357407     
   248.000000000000000000000000000000000        0.27364123066866070     
   249.000000000000000000000000000000000        0.27743013353765034     
   250.000000000000000000000000000000000        0.28107461831092828     
   251.000000000000000000000000000000000        0.28457076570916617     
   252.000000000000000000000000000000000        0.28791378036533261     
   253.000000000000000000000000000000000        0.29110038454417619     
   254.000000000000000000000000000000000        0.29412588931295580     
   255.000000000000000000000000000000000        0.29698717839417976     
   256.000000000000000000000000000000000        0.29968024555960132     
   257.000000000000000000000000000000000        0.30220246738957851     
   258.000000000000000000000000000000000        0.30455040358047075     
   259.000000000000000000000000000000000        0.30672084316540560     
   260.000000000000000000000000000000000        0.30871124750606910     
   261.000000000000000000000000000000000        0.31052029264786690     
   262.000000000000000000000000000000000        0.31214390950653542     
   263.000000000000000000000000000000000        0.31358230529974129     
   264.000000000000000000000000000000000        0.31483170278933725     
   265.000000000000000000000000000000000        0.31589196330250191     
   266.000000000000000000000000000000000        0.31676085843819879     
   267.000000000000000000000000000000000        0.31743801423401691     
   268.000000000000000000000000000000000        0.31792191364993150     
   269.000000000000000000000000000000000        0.31821292588898531     
   270.000000000000000000000000000000000        0.31830973172007704     
   271.000000000000000000000000000000000        0.31821292297546089     
   272.000000000000000000000000000000000        0.31792190276363635     
   273.000000000000000000000000000000000        0.31743800550774376     
   274.000000000000000000000000000000000        0.31676114563718394     
   275.000000000000000000000000000000000        0.31589194880609905     
   276.000000000000000000000000000000000        0.31483222620741758     
   277.000000000000000000000000000000000        0.31358228510351799     
   278.000000000000000000000000000000000        0.31214463397814124     
   279.000000000000000000000000000000000        0.31052026685027656     
   280.000000000000000000000000000000000        0.30871192000967257     
   281.000000000000000000000000000000000        0.30672081189232897     
   282.000000000000000000000000000000000        0.30455062614405742     
   283.000000000000000000000000000000000        0.30220243079320158     
   284.000000000000000000000000000000000        0.29968060515724476     
   285.000000000000000000000000000000000        0.29698713665282017     
   286.000000000000000000000000000000000        0.29412611675769296     
   287.000000000000000000000000000000000        0.29110033786123957     
   288.000000000000000000000000000000000        0.28791421765174546     
   289.000000000000000000000000000000000        0.28457071431203101     
   290.000000000000000000000000000000000        0.28107458567775656     
   291.000000000000000000000000000000000        0.27743007767685113     
   292.000000000000000000000000000000000        0.27364151077837290     
   293.000000000000000000000000000000000        0.26971321642121371     
   294.000000000000000000000000000000000        0.26565069413593811     
   295.000000000000000000000000000000000        0.26145772631951303     
   296.000000000000000000000000000000000        0.25714052876909560     
   297.000000000000000000000000000000000        0.25270382729228608     
   298.000000000000000000000000000000000        0.24815351711938116     
   299.000000000000000000000000000000000        0.24349416745778454     
   300.000000000000000000000000000000000        0.23873282737720064     
   301.000000000000000000000000000000000        0.23387361535524029     
   302.000000000000000000000000000000000        0.22892409704301908     
   303.000000000000000000000000000000000        0.22388904135048918     
   304.000000000000000000000000000000000        0.21877584931229974     
   305.000000000000000000000000000000000        0.21358908928686507     
   306.000000000000000000000000000000000        0.20833670487657888     
   307.000000000000000000000000000000000        0.20302393949854444     
   308.000000000000000000000000000000000        0.19765783708126552     
   309.000000000000000000000000000000000        0.19224506433567312     
   310.000000000000000000000000000000000        0.18679182171934589     
   311.000000000000000000000000000000000        0.18130497739798904     
   312.000000000000000000000000000000000        0.17579118703565949     
   313.000000000000000000000000000000000        0.17025697769198611     
   314.000000000000000000000000000000000        0.16470927244697323     
   315.000000000000000000000000000000000        0.15915488996487881     
   316.000000000000000000000000000000000        0.15360003876127812     
   317.000000000000000000000000000000000        0.14805280247489586     
   318.000000000000000000000000000000000        0.14251853339459536     
   319.000000000000000000000000000000000        0.13700480347954952     
   320.000000000000000000000000000000000        0.13151752384003074     
   321.000000000000000000000000000000000        0.12606471772225009     
   322.000000000000000000000000000000000        0.12065173805672576     
   323.000000000000000000000000000000000        0.11528584420415165     
   324.000000000000000000000000000000000        0.10997319440887501     
   325.000000000000000000000000000000000        0.10472069651642668     
   326.000000000000000000000000000000000         9.9534391179338044E-002
   327.000000000000000000000000000000000         9.4420746999544211E-002
   328.000000000000000000000000000000000         8.9385821801852561E-002
   329.000000000000000000000000000000000         8.4436175974824418E-002
   330.000000000000000000000000000000000         7.9577393441359418E-002
   331.000000000000000000000000000000000         7.4815627271546448E-002
   332.000000000000000000000000000000000         7.0156860620356587E-002
   333.000000000000000000000000000000000         6.5605971238407099E-002
   334.000000000000000000000000000000000         6.1169321374453203E-002
   335.000000000000000000000000000000000         5.6852076396505788E-002
   336.000000000000000000000000000000000         5.2659352209546872E-002
   337.000000000000000000000000000000000         4.8596590843723024E-002
   338.000000000000000000000000000000000         4.4668367586832541E-002
   339.000000000000000000000000000000000         4.0879734478295293E-002
   340.000000000000000000000000000000000         3.7235119366396903E-002
   341.000000000000000000000000000000000         3.3739103050657734E-002
   342.000000000000000000000000000000000         3.0395820806520108E-002
   343.000000000000000000000000000000000         2.7209485001434729E-002
   344.000000000000000000000000000000000         2.4183608213025832E-002
   345.000000000000000000000000000000000         2.1322691975041056E-002
   346.000000000000000000000000000000000         1.8629418395116937E-002
   347.000000000000000000000000000000000         1.6107403837051081E-002
   348.000000000000000000000000000000000         1.3759636772342827E-002
   349.000000000000000000000000000000000         1.1589028948399499E-002
   350.000000000000000000000000000000000         9.5981980699186720E-003
   351.000000000000000000000000000000000         7.7895803786065029E-003
   352.000000000000000000000000000000000         6.1654621223784147E-003
   353.000000000000000000000000000000000         4.7275686602052149E-003
   354.000000000000000000000000000000000         3.4779044237454883E-003
   355.000000000000000000000000000000000         2.4179116073325809E-003
   356.000000000000000000000000000000000         1.5488754228588665E-003
   357.000000000000000000000000000000000         8.7186163760094874E-004
   358.000000000000000000000000000000000         3.8769066849320545E-004
   359.000000000000000000000000000000000         9.6950951482361933E-005
   360.000000000000000000000000000000000         3.7598749154538082E-013
