   1.00000000000000000000000000000000000         9.6952893808031226E-005
   2.00000000000000000000000000000000000         3.8769345305544786E-004
   3.00000000000000000000000000000000000         8.7186745512691740E-004
   4.00000000000000000000000000000000000         1.5488697086653669E-003
   5.00000000000000000000000000000000000         2.4179212717249090E-003
   6.00000000000000000000000000000000000         3.4779171193777695E-003
   7.00000000000000000000000000000000000         4.7275821243759255E-003
   8.00000000000000000000000000000000000         6.1654701098527356E-003
   9.00000000000000000000000000000000000         7.7895975769697529E-003
   10.0000000000000000000000000000000000         9.5982164097371970E-003
   11.0000000000000000000000000000000000         1.1589049797131930E-002
   12.0000000000000000000000000000000000         1.3759554517569593E-002
   13.0000000000000000000000000000000000         1.6107428234633559E-002
   14.0000000000000000000000000000000000         1.8629468139115021E-002
   15.0000000000000000000000000000000000         2.1322719802566458E-002
   16.0000000000000000000000000000000000         2.4183742990515286E-002
   17.0000000000000000000000000000000000         2.7209516123326213E-002
   18.0000000000000000000000000000000000         3.0395861896193102E-002
   19.0000000000000000000000000000000000         3.3739137315353759E-002
   20.0000000000000000000000000000000000         3.7235379606990734E-002
   21.0000000000000000000000000000000000         4.0879771718803665E-002
   22.0000000000000000000000000000000000         4.4668466838133275E-002
   23.0000000000000000000000000000000000         4.8596630878628033E-002
   24.0000000000000000000000000000000000         5.2659401297638006E-002
   25.0000000000000000000000000000000000         5.6852119030706055E-002
   26.0000000000000000000000000000000000         6.1169435783792608E-002
   27.0000000000000000000000000000000000         6.5606016264335210E-002
   28.0000000000000000000000000000000000         7.0156603027486567E-002
   29.0000000000000000000000000000000000         7.4815674469715945E-002
   30.0000000000000000000000000000000000         7.9577558008142479E-002
   31.0000000000000000000000000000000000         8.4436225115296124E-002
   32.0000000000000000000000000000000000         8.9385565802518496E-002
   33.0000000000000000000000000000000000         9.4420797842930934E-002
   34.0000000000000000000000000000000000         9.9534459412841031E-002
   35.0000000000000000000000000000000000        0.10472074881507577     
   36.0000000000000000000000000000000000        0.10997392019203077     
   37.0000000000000000000000000000000000        0.11528589770322502     
   38.0000000000000000000000000000000000        0.12065189179213821     
   39.0000000000000000000000000000000000        0.12606477216110046     
   40.0000000000000000000000000000000000        0.13151770338276339     
   41.0000000000000000000000000000000000        0.13700485859299569     
   42.0000000000000000000000000000000000        0.14251857191215370     
   43.0000000000000000000000000000000000        0.14805285799437373     
   44.0000000000000000000000000000000000        0.15360084341957497     
   45.0000000000000000000000000000000000        0.15915494561988888     
   46.0000000000000000000000000000000000        0.16470945209989177     
   47.0000000000000000000000000000000000        0.17025703321149463     
   48.0000000000000000000000000000000000        0.17579099547826918     
   49.0000000000000000000000000000000000        0.18130503251146662     
   50.0000000000000000000000000000000000        0.18679202208316112     
   51.0000000000000000000000000000000000        0.19224511877458481     
   52.0000000000000000000000000000000000        0.19765839566288279     
   53.0000000000000000000000000000000000        0.20302399299752499     
   54.0000000000000000000000000000000000        0.20833629498317754     
   55.0000000000000000000000000000000000        0.21358914158559711     
   56.0000000000000000000000000000000000        0.21877562482025506     
   57.0000000000000000000000000000000000        0.22388909219393210     
   58.0000000000000000000000000000000000        0.22892393929444518     
   59.0000000000000000000000000000000000        0.23387366449574687     
   60.0000000000000000000000000000000000        0.23873183483154603     
   61.0000000000000000000000000000000000        0.24349421465591689     
   62.0000000000000000000000000000000000        0.24815316922870459     
   63.0000000000000000000000000000000000        0.25270387231809244     
   64.0000000000000000000000000000000000        0.25714044958355470     
   65.0000000000000000000000000000000000        0.26145776895389267     
   66.0000000000000000000000000000000000        0.26565026172543882     
   67.0000000000000000000000000000000000        0.26971325645611771     
   68.0000000000000000000000000000000000        0.27364161451412838     
   69.0000000000000000000000000000000000        0.27743011491737940     
   70.0000000000000000000000000000000000        0.28107505681862138     
   71.0000000000000000000000000000000000        0.28457074857675158     
   72.0000000000000000000000000000000000        0.28791388454642725     
   73.0000000000000000000000000000000000        0.29110036898314706     
   74.0000000000000000000000000000000000        0.29412560580800062     
   75.0000000000000000000000000000000000        0.29698716448041684     
   76.0000000000000000000000000000000000        0.29968008979944766     
   77.0000000000000000000000000000000000        0.30220245519077721     
   78.0000000000000000000000000000000000        0.30454992936732972     
   79.0000000000000000000000000000000000        0.30672083274110495     
   80.0000000000000000000000000000000000        0.30871222983745311     
   81.0000000000000000000000000000000000        0.31052028404868071     
   82.0000000000000000000000000000000000        0.31214454757328480     
   83.0000000000000000000000000000000000        0.31358229856776260     
   84.0000000000000000000000000000000000        0.31483139174574154     
   85.0000000000000000000000000000000000        0.31589195847037038     
   86.0000000000000000000000000000000000        0.31676121184836653     
   87.0000000000000000000000000000000000        0.31743801132531480     
   88.0000000000000000000000000000000000        0.31792218068271755     
   89.0000000000000000000000000000000000        0.31821292491786934     
   90.0000000000000000000000000000000000        0.31830967001411431     
   91.0000000000000000000000000000000000        0.31821292394662787     
   92.0000000000000000000000000000000000        0.31792220866729637     
   93.0000000000000000000000000000000000        0.31743800841643260     
   94.0000000000000000000000000000000000        0.31676107844038842     
   95.0000000000000000000000000000000000        0.31589195363827105     
   96.0000000000000000000000000000000000        0.31483191825781165     
   97.0000000000000000000000000000000000        0.31358229183564812     
   98.0000000000000000000000000000000000        0.31214435088073156     
   99.0000000000000000000000000000000000        0.31052027544931693     
   100.000000000000000000000000000000000        0.30871116760182526     
   101.000000000000000000000000000000000        0.30672082231673503     
   102.000000000000000000000000000000000        0.30455039720824134     
   103.000000000000000000000000000000000        0.30220244299203425     
   104.000000000000000000000000000000000        0.29968020803834872     
   105.000000000000000000000000000000000        0.29698715056662545     
   106.000000000000000000000000000000000        0.29412565859837725     
   107.000000000000000000000000000000000        0.29110035342215779     
   108.000000000000000000000000000000000        0.28791408296757454     
   109.000000000000000000000000000000000        0.28457073144452227     
   110.000000000000000000000000000000000        0.28107487833904754     
   111.000000000000000000000000000000000        0.27743009629705451     
   112.000000000000000000000000000000000        0.27364178524090937     
   113.000000000000000000000000000000000        0.26971323643866174     
   114.000000000000000000000000000000000        0.26565049400906204     
   115.000000000000000000000000000000000        0.26145774763670671     
   116.000000000000000000000000000000000        0.25714012716166995     
   117.000000000000000000000000000000000        0.25270384980527877     
   118.000000000000000000000000000000000        0.24815297306725917     
   119.000000000000000000000000000000000        0.24349419105667700     
   120.000000000000000000000000000000000        0.23873273125948125     
   121.000000000000000000000000000000000        0.23387363992555571     
   122.000000000000000000000000000000000        0.22892409424857033     
   123.000000000000000000000000000000000        0.22388906677214709     
   124.000000000000000000000000000000000        0.21877509938049841     
   125.000000000000000000000000000000000        0.21358911543626580     
   126.000000000000000000000000000000000        0.20833658809540734     
   127.000000000000000000000000000000000        0.20302396624797961     
   128.000000000000000000000000000000000        0.19765783902858186     
   129.000000000000000000000000000000000        0.19224509155524927     
   130.000000000000000000000000000000000        0.18679165177913160     
   131.000000000000000000000000000000000        0.18130500495470414     
   132.000000000000000000000000000000000        0.17579098245665220     
   133.000000000000000000000000000000000        0.17025700545180908     
   134.000000000000000000000000000000000        0.16470910681386697     
   135.000000000000000000000000000000000        0.15915491779234098     
   136.000000000000000000000000000000000        0.15360041591823978     
   137.000000000000000000000000000000000        0.14805283023471794     
   138.000000000000000000000000000000000        0.14251820107316712     
   139.000000000000000000000000000000000        0.13700483103621763     
   140.000000000000000000000000000000000        0.13151785636692065     
   141.000000000000000000000000000000000        0.12606474494170453     
   142.000000000000000000000000000000000        0.12065141446670620     
   143.000000000000000000000000000000000        0.11528587095363786     
   144.000000000000000000000000000000000        0.10997316676237379     
   145.000000000000000000000000000000000        0.10472072266577122     
   146.000000000000000000000000000000000         9.9534808257797078E-002
   147.000000000000000000000000000000000         9.4420772421212454E-002
   148.000000000000000000000000000000000         8.9385998067816025E-002
   149.000000000000000000000000000000000         8.4436200545080622E-002
   150.000000000000000000000000000000000         7.9577398293103119E-002
   151.000000000000000000000000000000000         7.4815650870598605E-002
   152.000000000000000000000000000000000         7.0156595606903280E-002
   153.000000000000000000000000000000000         6.5605993751419248E-002
   154.000000000000000000000000000000000         6.1169414519318052E-002
   155.000000000000000000000000000000000         5.6852097713588449E-002
   156.000000000000000000000000000000000         5.2659541091700630E-002
   157.000000000000000000000000000000000         4.8596610861233340E-002
   158.000000000000000000000000000000000         4.4668376462983793E-002
   159.000000000000000000000000000000000         4.0879753098526386E-002
   160.000000000000000000000000000000000         3.7235120380287076E-002
   161.000000000000000000000000000000000         3.3739120183017085E-002
   162.000000000000000000000000000000000         3.0395981397861330E-002
   163.000000000000000000000000000000000         2.7209500562364094E-002
   164.000000000000000000000000000000000         2.4183878464860368E-002
   165.000000000000000000000000000000000         2.1322705888794587E-002
   166.000000000000000000000000000000000         1.8629528275283014E-002
   167.000000000000000000000000000000000         1.6107416035811312E-002
   168.000000000000000000000000000000000         1.3759654586531479E-002
   169.000000000000000000000000000000000         1.1589039372759721E-002
   170.000000000000000000000000000000000         9.5980954114421209E-003
   171.000000000000000000000000000000000         7.7895889777789525E-003
   172.000000000000000000000000000000000         6.1653786606062702E-003
   173.000000000000000000000000000000000         4.7275753922937707E-003
   174.000000000000000000000000000000000         3.4778523147655895E-003
   175.000000000000000000000000000000000         2.4179164395246805E-003
   176.000000000000000000000000000000000         1.5488971423084526E-003
   177.000000000000000000000000000000000         8.7186454636695230E-004
   178.000000000000000000000000000000000         3.8768901883545488E-004
   179.000000000000000000000000000000000         9.6951922642689274E-005
   180.000000000000000000000000000000000         2.3858953623909309E-015
   181.000000000000000000000000000000000         9.6953864975315743E-005
   182.000000000000000000000000000000000         3.8769628348910511E-004
   183.000000000000000000000000000000000         8.7187036390242128E-004
   184.000000000000000000000000000000000         1.5488897868106090E-003
   185.000000000000000000000000000000000         2.4179261039221447E-003
   186.000000000000000000000000000000000         3.4779232433908400E-003
   187.000000000000000000000000000000000         4.7275888564778734E-003
   188.000000000000000000000000000000000         6.1653947423046269E-003
   189.000000000000000000000000000000000         7.7896061761445496E-003
   190.000000000000000000000000000000000         9.5982719114223857E-003
   191.000000000000000000000000000000000         1.1589060221542742E-002
   192.000000000000000000000000000000000         1.3759679749919948E-002
   193.000000000000000000000000000000000         1.6107440433405087E-002
   194.000000000000000000000000000000000         1.8629515454464961E-002
   195.000000000000000000000000000000000         2.1322733716335977E-002
   196.000000000000000000000000000000000         2.4183898658088784E-002
   197.000000000000000000000000000000000         2.7209531684299786E-002
   198.000000000000000000000000000000000         3.0395873479596658E-002
   199.000000000000000000000000000000000         3.3739154447694070E-002
   200.000000000000000000000000000000000         3.7235219205835668E-002
   201.000000000000000000000000000000000         4.0879790339000834E-002
   202.000000000000000000000000000000000         4.4668306714422866E-002
   203.000000000000000000000000000000000         4.8596650896110913E-002
   204.000000000000000000000000000000000         5.2659572214604426E-002
   205.000000000000000000000000000000000         5.6852140347859764E-002
   206.000000000000000000000000000000000         6.1169496161839816E-002
   207.000000000000000000000000000000000         6.5606038777283729E-002
   208.000000000000000000000000000000000         7.0156663721758591E-002
   209.000000000000000000000000000000000         7.4815698068804212E-002
   210.000000000000000000000000000000000         7.9577405976292745E-002
   211.000000000000000000000000000000000         8.4436249685646836E-002
   212.000000000000000000000000000000000         8.9386027785663597E-002
   213.000000000000000000000000000000000         9.4420823264654841E-002
   214.000000000000000000000000000000000         9.9534404673690915E-002
   215.000000000000000000000000000000000        0.10472077496447624     
   216.000000000000000000000000000000000        0.10997317560590104     
   217.000000000000000000000000000000000        0.11528592445275121     
   218.000000000000000000000000000000000        0.12065191969969394     
   219.000000000000000000000000000000000        0.12606479938055903     
   220.000000000000000000000000000000000        0.13151791979558389     
   221.000000000000000000000000000000000        0.13700488614964873     
   222.000000000000000000000000000000000        0.14251875621618343     
   223.000000000000000000000000000000000        0.14805288575417183     
   224.000000000000000000000000000000000        0.15360044210568452     
   225.000000000000000000000000000000000        0.15915497344739882     
   226.000000000000000000000000000000000        0.16470939597918893     
   227.000000000000000000000000000000000        0.17025706097128371     
   228.000000000000000000000000000000000        0.17579131578328011     
   229.000000000000000000000000000000000        0.18130506006812139     
   230.000000000000000000000000000000000        0.18679223308719617     
   231.000000000000000000000000000000000        0.19224514599411532     
   232.000000000000000000000000000000000        0.19765825389524447     
   233.000000000000000000000000000000000        0.20302401974704373     
   234.000000000000000000000000000000000        0.20833681990292746     
   235.000000000000000000000000000000000        0.21358916773496606     
   236.000000000000000000000000000000000        0.21877573420708474     
   237.000000000000000000000000000000000        0.22388911761565647     
   238.000000000000000000000000000000000        0.22892413287139332     
   239.000000000000000000000000000000000        0.23387368906604758     
   240.000000000000000000000000000000000        0.23873261271335000     
   241.000000000000000000000000000000000        0.24349423825494360     
   242.000000000000000000000000000000000        0.24815334283209398     
   243.000000000000000000000000000000000        0.25270389483108152     
   244.000000000000000000000000000000000        0.25714072172865660     
   245.000000000000000000000000000000000        0.26145779027090393     
   246.000000000000000000000000000000000        0.26565048028114202     
   247.000000000000000000000000000000000        0.26971327647357196     
   248.000000000000000000000000000000000        0.27364124448323751     
   249.000000000000000000000000000000000        0.27743013353764756     
   250.000000000000000000000000000000000        0.28107462479304279     
   251.000000000000000000000000000000000        0.28457076570916617     
   252.000000000000000000000000000000000        0.28791379513005344     
   253.000000000000000000000000000000000        0.29110038454417259     
   254.000000000000000000000000000000000        0.29412589651843390     
   255.000000000000000000000000000000000        0.29698717839417393     
   256.000000000000000000000000000000000        0.29968025715541396     
   257.000000000000000000000000000000000        0.30220246738957851     
   258.000000000000000000000000000000000        0.30455039225595804     
   259.000000000000000000000000000000000        0.30672084316540710     
   260.000000000000000000000000000000000        0.30871127471847332     
   261.000000000000000000000000000000000        0.31052029264786396     
   262.000000000000000000000000000000000        0.31214394694761582     
   263.000000000000000000000000000000000        0.31358230529974279     
   264.000000000000000000000000000000000        0.31483171975257646     
   265.000000000000000000000000000000000        0.31589196330250718     
   266.000000000000000000000000000000000        0.31676086735448522     
   267.000000000000000000000000000000000        0.31743801423401763     
   268.000000000000000000000000000000000        0.31792193108406086     
   269.000000000000000000000000000000000        0.31821292588898309     
   270.000000000000000000000000000000000        0.31830974101407150     
   271.000000000000000000000000000000000        0.31821292297546017     
   272.000000000000000000000000000000000        0.31792192052092577     
   273.000000000000000000000000000000000        0.31743800550774226     
   274.000000000000000000000000000000000        0.31676113548001156     
   275.000000000000000000000000000000000        0.31589194880609156     
   276.000000000000000000000000000000000        0.31483220865309763     
   277.000000000000000000000000000000000        0.31358228510351649     
   278.000000000000000000000000000000000        0.31214462370758606     
   279.000000000000000000000000000000000        0.31052026685027656     
   280.000000000000000000000000000000000        0.30871190247380514     
   281.000000000000000000000000000000000        0.30672081189232675     
   282.000000000000000000000000000000000        0.30455059844598242     
   283.000000000000000000000000000000000        0.30220243079320230     
   284.000000000000000000000000000000000        0.29968059129835339     
   285.000000000000000000000000000000000        0.29698713665281795     
   286.000000000000000000000000000000000        0.29412610662165267     
   287.000000000000000000000000000000000        0.29110033786123957     
   288.000000000000000000000000000000000        0.28791420137244927     
   289.000000000000000000000000000000000        0.28457071431203812     
   290.000000000000000000000000000000000        0.28107459081763220     
   291.000000000000000000000000000000000        0.27743007767685046     
   292.000000000000000000000000000000000        0.27364150301199813     
   293.000000000000000000000000000000000        0.26971321642121160     
   294.000000000000000000000000000000000        0.26565067188247365     
   295.000000000000000000000000000000000        0.26145772631951847     
   296.000000000000000000000000000000000        0.25714052482291500     
   297.000000000000000000000000000000000        0.25270382729228474     
   298.000000000000000000000000000000000        0.24815349768974859     
   299.000000000000000000000000000000000        0.24349416745777763     
   300.000000000000000000000000000000000        0.23873279804431838     
   301.000000000000000000000000000000000        0.23387361535524351     
   302.000000000000000000000000000000000        0.22892407997719896     
   303.000000000000000000000000000000000        0.22388904135049012     
   304.000000000000000000000000000000000        0.21877581964248552     
   305.000000000000000000000000000000000        0.21358908928686907     
   306.000000000000000000000000000000000        0.20833669016895043     
   307.000000000000000000000000000000000        0.20302393949853906     
   308.000000000000000000000000000000000        0.19765784473034129     
   309.000000000000000000000000000000000        0.19224506433567665     
   310.000000000000000000000000000000000        0.18679182394139313     
   311.000000000000000000000000000000000        0.18130497739798707     
   312.000000000000000000000000000000000        0.17579118223674967     
   313.000000000000000000000000000000000        0.17025697769198583     
   314.000000000000000000000000000000000        0.16470927531670104     
   315.000000000000000000000000000000000        0.15915488996487509     
   316.000000000000000000000000000000000        0.15360006581370630     
   317.000000000000000000000000000000000        0.14805280247489688     
   318.000000000000000000000000000000000        0.14251854202539216     
   319.000000000000000000000000000000000        0.13700480347954877     
   320.000000000000000000000000000000000        0.13151754943817370     
   321.000000000000000000000000000000000        0.12606471772225056     
   322.000000000000000000000000000000000        0.12065174366412063     
   323.000000000000000000000000000000000        0.11528584420415165     
   324.000000000000000000000000000000000        0.10997320180231304     
   325.000000000000000000000000000000000        0.10472069651642711     
   326.000000000000000000000000000000000         9.9534391904245914E-002
   327.000000000000000000000000000000000         9.4420746999541144E-002
   328.000000000000000000000000000000000         8.9385830629911359E-002
   329.000000000000000000000000000000000         8.4436175974824806E-002
   330.000000000000000000000000000000000         7.9577395465274300E-002
   331.000000000000000000000000000000000         7.4815627271545365E-002
   332.000000000000000000000000000000000         7.0156842954713486E-002
   333.000000000000000000000000000000000         6.5605971238408473E-002
   334.000000000000000000000000000000000         6.1169322156787373E-002
   335.000000000000000000000000000000000         5.6852076396503248E-002
   336.000000000000000000000000000000000         5.2659359054549312E-002
   337.000000000000000000000000000000000         4.8596590843724495E-002
   338.000000000000000000000000000000000         4.4668370968329221E-002
   339.000000000000000000000000000000000         4.0879734478294349E-002
   340.000000000000000000000000000000000         3.7235121227159683E-002
   341.000000000000000000000000000000000         3.3739103050659018E-002
   342.000000000000000000000000000000000         3.0395823146637628E-002
   343.000000000000000000000000000000000         2.7209485001433463E-002
   344.000000000000000000000000000000000         2.4183624779432686E-002
   345.000000000000000000000000000000000         2.1322691975041153E-002
   346.000000000000000000000000000000000         1.8629420001802864E-002
   347.000000000000000000000000000000000         1.6107403837050532E-002
   348.000000000000000000000000000000000         1.3759637329660080E-002
   349.000000000000000000000000000000000         1.1589028948399374E-002
   350.000000000000000000000000000000000         9.5981981122655984E-003
   351.000000000000000000000000000000000         7.7895803786063710E-003
   352.000000000000000000000000000000000         6.1654567150054625E-003
   353.000000000000000000000000000000000         4.7275686602052487E-003
   354.000000000000000000000000000000000         3.4779045171048789E-003
   355.000000000000000000000000000000000         2.4179116073324868E-003
   356.000000000000000000000000000000000         1.5488755403077613E-003
   357.000000000000000000000000000000000         8.7186163760102746E-004
   358.000000000000000000000000000000000         3.8769059842511057E-004
   359.000000000000000000000000000000000         9.6950951482347391E-005
   360.000000000000000000000000000000000         3.2233165965680065E-013
