   1.00000000000000000000000000000000000         9.6952893807907939E-005
   2.00000000000000000000000000000000000         3.8769345305522489E-004
   3.00000000000000000000000000000000000         8.7186745512725426E-004
   4.00000000000000000000000000000000000         1.5488707518383621E-003
   5.00000000000000000000000000000000000         2.4179212717247390E-003
   6.00000000000000000000000000000000000         3.4779171424456257E-003
   7.00000000000000000000000000000000000         4.7275821243760174E-003
   8.00000000000000000000000000000000000         6.1654648351483791E-003
   9.00000000000000000000000000000000000         7.7895975769688569E-003
   10.0000000000000000000000000000000000         9.5982165023800903E-003
   11.0000000000000000000000000000000000         1.1589049797132898E-002
   12.0000000000000000000000000000000000         1.3759562264579171E-002
   13.0000000000000000000000000000000000         1.6107428234631890E-002
   14.0000000000000000000000000000000000         1.8629468245198216E-002
   15.0000000000000000000000000000000000         2.1322719802566774E-002
   16.0000000000000000000000000000000000         2.4183753507969342E-002
   17.0000000000000000000000000000000000         2.7209516123326141E-002
   18.0000000000000000000000000000000000         3.0395863824742686E-002
   19.0000000000000000000000000000000000         3.3739137315353843E-002
   20.0000000000000000000000000000000000         3.7235366290093351E-002
   21.0000000000000000000000000000000000         4.0879771718802173E-002
   22.0000000000000000000000000000000000         4.4668466319047903E-002
   23.0000000000000000000000000000000000         4.8596630878629442E-002
   24.0000000000000000000000000000000000         5.2659408082414719E-002
   25.0000000000000000000000000000000000         5.6852119030706610E-002
   26.0000000000000000000000000000000000         6.1169431809065637E-002
   27.0000000000000000000000000000000000         6.5606016264334363E-002
   28.0000000000000000000000000000000000         7.0156604866453823E-002
   29.0000000000000000000000000000000000         7.4815674469714682E-002
   30.0000000000000000000000000000000000         7.9577552235862797E-002
   31.0000000000000000000000000000000000         8.4436225115299024E-002
   32.0000000000000000000000000000000000         8.9385596097579748E-002
   33.0000000000000000000000000000000000         9.4420797842930518E-002
   34.0000000000000000000000000000000000         9.9534459053240945E-002
   35.0000000000000000000000000000000000        0.10472074881507686     
   36.0000000000000000000000000000000000        0.10997388221324837     
   37.0000000000000000000000000000000000        0.11528589770322548     
   38.0000000000000000000000000000000000        0.12065189098184244     
   39.0000000000000000000000000000000000        0.12606477216110260     
   40.0000000000000000000000000000000000        0.13151772222170885     
   41.0000000000000000000000000000000000        0.13700485859299397     
   42.0000000000000000000000000000000000        0.14251858227909239     
   43.0000000000000000000000000000000000        0.14805285799437629     
   44.0000000000000000000000000000000000        0.15360082124578109     
   45.0000000000000000000000000000000000        0.15915494561988860     
   46.0000000000000000000000000000000000        0.16470944670857202     
   47.0000000000000000000000000000000000        0.17025703321149382     
   48.0000000000000000000000000000000000        0.17579100718676624     
   49.0000000000000000000000000000000000        0.18130503251146152     
   50.0000000000000000000000000000000000        0.18679201453255581     
   51.0000000000000000000000000000000000        0.19224511877458628     
   52.0000000000000000000000000000000000        0.19765836943031159     
   53.0000000000000000000000000000000000        0.20302399299752621     
   54.0000000000000000000000000000000000        0.20833631082897341     
   55.0000000000000000000000000000000000        0.21358914158559680     
   56.0000000000000000000000000000000000        0.21877561195213910     
   57.0000000000000000000000000000000000        0.22388909219393241     
   58.0000000000000000000000000000000000        0.22892393523125715     
   59.0000000000000000000000000000000000        0.23387366449575106     
   60.0000000000000000000000000000000000        0.23873187445852898     
   61.0000000000000000000000000000000000        0.24349421465591228     
   62.0000000000000000000000000000000000        0.24815317534006773     
   63.0000000000000000000000000000000000        0.25270387231809777     
   64.0000000000000000000000000000000000        0.25714045375756661     
   65.0000000000000000000000000000000000        0.26145776895388995     
   66.0000000000000000000000000000000000        0.26565027025721810     
   67.0000000000000000000000000000000000        0.26971325645611632     
   68.0000000000000000000000000000000000        0.27364160178132974     
   69.0000000000000000000000000000000000        0.27743011491737729     
   70.0000000000000000000000000000000000        0.28107503262485872     
   71.0000000000000000000000000000000000        0.28457074857675729     
   72.0000000000000000000000000000000000        0.28791389209935597     
   73.0000000000000000000000000000000000        0.29110036898314778     
   74.0000000000000000000000000000000000        0.29412563182920498     
   75.0000000000000000000000000000000000        0.29698716448041101     
   76.0000000000000000000000000000000000        0.29968011191514748     
   77.0000000000000000000000000000000000        0.30220245519077793     
   78.0000000000000000000000000000000000        0.30454994883168851     
   79.0000000000000000000000000000000000        0.30672083274110201     
   80.0000000000000000000000000000000000        0.30871219127917621     
   81.0000000000000000000000000000000000        0.31052028404867771     
   82.0000000000000000000000000000000000        0.31214454353965726     
   83.0000000000000000000000000000000000        0.31358229856775738     
   84.0000000000000000000000000000000000        0.31483143067859309     
   85.0000000000000000000000000000000000        0.31589195847037110     
   86.0000000000000000000000000000000000        0.31676119701237521     
   87.0000000000000000000000000000000000        0.31743801132531180     
   88.0000000000000000000000000000000000        0.31792218096640956     
   89.0000000000000000000000000000000000        0.31821292491786335     
   90.0000000000000000000000000000000000        0.31830968414901417     
   91.0000000000000000000000000000000000        0.31821292394662787     
   92.0000000000000000000000000000000000        0.31792220691059769     
   93.0000000000000000000000000000000000        0.31743800841643632     
   94.0000000000000000000000000000000000        0.31676107243634005     
   95.0000000000000000000000000000000000        0.31589195363826583     
   96.0000000000000000000000000000000000        0.31483192089765188     
   97.0000000000000000000000000000000000        0.31358229183564368     
   98.0000000000000000000000000000000000        0.31214435973498367     
   99.0000000000000000000000000000000000        0.31052027544932731     
   100.000000000000000000000000000000000        0.30871120081978326     
   101.000000000000000000000000000000000        0.30672082231673059     
   102.000000000000000000000000000000000        0.30455038400264406     
   103.000000000000000000000000000000000        0.30220244299203275     
   104.000000000000000000000000000000000        0.29968022120156551     
   105.000000000000000000000000000000000        0.29698715056662039     
   106.000000000000000000000000000000000        0.29412568001480754     
   107.000000000000000000000000000000000        0.29110035342216134     
   108.000000000000000000000000000000000        0.28791407587656503     
   109.000000000000000000000000000000000        0.28457073144451944     
   110.000000000000000000000000000000000        0.28107486509477031     
   111.000000000000000000000000000000000        0.27743009629705800     
   112.000000000000000000000000000000000        0.27364175954964465     
   113.000000000000000000000000000000000        0.26971323643865969     
   114.000000000000000000000000000000000        0.26565048529332908     
   115.000000000000000000000000000000000        0.26145774763670876     
   116.000000000000000000000000000000000        0.25714015182386640     
   117.000000000000000000000000000000000        0.25270384980527411     
   118.000000000000000000000000000000000        0.24815299098030297     
   119.000000000000000000000000000000000        0.24349419105668357     
   120.000000000000000000000000000000000        0.23873270812325487     
   121.000000000000000000000000000000000        0.23387363992555479     
   122.000000000000000000000000000000000        0.22892407791501393     
   123.000000000000000000000000000000000        0.22388906677215273     
   124.000000000000000000000000000000000        0.21877512057864043     
   125.000000000000000000000000000000000        0.21358911543626496     
   126.000000000000000000000000000000000        0.20833658215181211     
   127.000000000000000000000000000000000        0.20302396624798158     
   128.000000000000000000000000000000000        0.19765784890738652     
   129.000000000000000000000000000000000        0.19224509155524327     
   130.000000000000000000000000000000000        0.18679166760801760     
   131.000000000000000000000000000000000        0.18130500495470253     
   132.000000000000000000000000000000000        0.17579099316604910     
   133.000000000000000000000000000000000        0.17025700545180353     
   134.000000000000000000000000000000000        0.16470912306859523     
   135.000000000000000000000000000000000        0.15915491779234209     
   136.000000000000000000000000000000000        0.15360042099609850     
   137.000000000000000000000000000000000        0.14805283023471383     
   138.000000000000000000000000000000000        0.14251823483761930     
   139.000000000000000000000000000000000        0.13700483103622035     
   140.000000000000000000000000000000000        0.13151786290662906     
   141.000000000000000000000000000000000        0.12606474494170355     
   142.000000000000000000000000000000000        0.12065144436032796     
   143.000000000000000000000000000000000        0.11528587095364171     
   144.000000000000000000000000000000000        0.10997317834936608     
   145.000000000000000000000000000000000        0.10472072266577036     
   146.000000000000000000000000000000000         9.9534782354115128E-002
   147.000000000000000000000000000000000         9.4420772421212454E-002
   148.000000000000000000000000000000000         8.9385997184967855E-002
   149.000000000000000000000000000000000         8.4436200545080622E-002
   150.000000000000000000000000000000000         7.9577401767348566E-002
   151.000000000000000000000000000000000         7.4815650870599701E-002
   152.000000000000000000000000000000000         7.0156596378860167E-002
   153.000000000000000000000000000000000         6.5605993751416000E-002
   154.000000000000000000000000000000000         6.1169410499323743E-002
   155.000000000000000000000000000000000         5.6852097713588692E-002
   156.000000000000000000000000000000000         5.2659536935073553E-002
   157.000000000000000000000000000000000         4.8596610861230551E-002
   158.000000000000000000000000000000000         4.4668380787841633E-002
   159.000000000000000000000000000000000         4.0879753098526789E-002
   160.000000000000000000000000000000000         3.7235123518371709E-002
   161.000000000000000000000000000000000         3.3739120183016731E-002
   162.000000000000000000000000000000000         3.0395974063340676E-002
   163.000000000000000000000000000000000         2.7209500562364514E-002
   164.000000000000000000000000000000000         2.4183878740010274E-002
   165.000000000000000000000000000000000         2.1322705888795139E-002
   166.000000000000000000000000000000000         1.8629523390425319E-002
   167.000000000000000000000000000000000         1.6107416035812262E-002
   168.000000000000000000000000000000000         1.3759654738957915E-002
   169.000000000000000000000000000000000         1.1589039372760295E-002
   170.000000000000000000000000000000000         9.5981031050221162E-003
   171.000000000000000000000000000000000         7.7895889777789820E-003
   172.000000000000000000000000000000000         6.1653790981177218E-003
   173.000000000000000000000000000000000         4.7275753922933926E-003
   174.000000000000000000000000000000000         3.4778563618363110E-003
   175.000000000000000000000000000000000         2.4179164395247039E-003
   176.000000000000000000000000000000000         1.5488960509481506E-003
   177.000000000000000000000000000000000         8.7186454636676539E-004
   178.000000000000000000000000000000000         3.8768918881713823E-004
   179.000000000000000000000000000000000         9.6951922642633830E-005
   180.000000000000000000000000000000000         2.3890762272296412E-015
   181.000000000000000000000000000000000         9.6953864975349963E-005
   182.000000000000000000000000000000000         3.8769622285608865E-004
   183.000000000000000000000000000000000         8.7187036390247376E-004
   184.000000000000000000000000000000000         1.5488897250792821E-003
   185.000000000000000000000000000000000         2.4179261039224435E-003
   186.000000000000000000000000000000000         3.4779232433900052E-003
   187.000000000000000000000000000000000         4.7275888564772264E-003
   188.000000000000000000000000000000000         6.1653951292877859E-003
   189.000000000000000000000000000000000         7.7896061761443631E-003
   190.000000000000000000000000000000000         9.5982688687820759E-003
   191.000000000000000000000000000000000         1.1589060221541502E-002
   192.000000000000000000000000000000000         1.3759679730089661E-002
   193.000000000000000000000000000000000         1.6107440433404875E-002
   194.000000000000000000000000000000000         1.8629513225244199E-002
   195.000000000000000000000000000000000         2.1322733716336122E-002
   196.000000000000000000000000000000000         2.4183899567293044E-002
   197.000000000000000000000000000000000         2.7209531684299126E-002
   198.000000000000000000000000000000000         3.0395875733592440E-002
   199.000000000000000000000000000000000         3.3739154447694125E-002
   200.000000000000000000000000000000000         3.7235218044978410E-002
   201.000000000000000000000000000000000         4.0879790339003665E-002
   202.000000000000000000000000000000000         4.4668318430850347E-002
   203.000000000000000000000000000000000         4.8596650896110177E-002
   204.000000000000000000000000000000000         5.2659568755946337E-002
   205.000000000000000000000000000000000         5.6852140347858973E-002
   206.000000000000000000000000000000000         6.1169489565544327E-002
   207.000000000000000000000000000000000         6.5606038777282716E-002
   208.000000000000000000000000000000000         7.0156662995439711E-002
   209.000000000000000000000000000000000         7.4815698068803310E-002
   210.000000000000000000000000000000000         7.9577412212958484E-002
   211.000000000000000000000000000000000         8.4436249685642978E-002
   212.000000000000000000000000000000000         8.9386028287219838E-002
   213.000000000000000000000000000000000         9.4420823264654438E-002
   214.000000000000000000000000000000000         9.9534409805480284E-002
   215.000000000000000000000000000000000        0.10472077496447214     
   216.000000000000000000000000000000000        0.10997319019886288     
   217.000000000000000000000000000000000        0.11528592445275325     
   218.000000000000000000000000000000000        0.12065191882758336     
   219.000000000000000000000000000000000        0.12606479938055926     
   220.000000000000000000000000000000000        0.13151792574762525     
   221.000000000000000000000000000000000        0.13700488614965192     
   222.000000000000000000000000000000000        0.14251875590387897     
   223.000000000000000000000000000000000        0.14805288575417055     
   224.000000000000000000000000000000000        0.15360044919038726     
   225.000000000000000000000000000000000        0.15915497344740068     
   226.000000000000000000000000000000000        0.16470939631045742     
   227.000000000000000000000000000000000        0.17025706097127960     
   228.000000000000000000000000000000000        0.17579130753973859     
   229.000000000000000000000000000000000        0.18130506006812111     
   230.000000000000000000000000000000000        0.18679221301845289     
   231.000000000000000000000000000000000        0.19224514599410980     
   232.000000000000000000000000000000000        0.19765823916962971     
   233.000000000000000000000000000000000        0.20302401974704704     
   234.000000000000000000000000000000000        0.20833680176320887     
   235.000000000000000000000000000000000        0.21358916773496237     
   236.000000000000000000000000000000000        0.21877571563994841     
   237.000000000000000000000000000000000        0.22388911761565677     
   238.000000000000000000000000000000000        0.22892411731508414     
   239.000000000000000000000000000000000        0.23387368906604789     
   240.000000000000000000000000000000000        0.23873260094609519     
   241.000000000000000000000000000000000        0.24349423825494360     
   242.000000000000000000000000000000000        0.24815333867982195     
   243.000000000000000000000000000000000        0.25270389483108358     
   244.000000000000000000000000000000000        0.25714070884243623     
   245.000000000000000000000000000000000        0.26145779027090937     
   246.000000000000000000000000000000000        0.26565047532138886     
   247.000000000000000000000000000000000        0.26971327647356991     
   248.000000000000000000000000000000000        0.27364125829781472     
   249.000000000000000000000000000000000        0.27743013353764473     
   250.000000000000000000000000000000000        0.28107463127515742     
   251.000000000000000000000000000000000        0.28457076570916617     
   252.000000000000000000000000000000000        0.28791380989477466     
   253.000000000000000000000000000000000        0.29110038454416903     
   254.000000000000000000000000000000000        0.29412590372391212     
   255.000000000000000000000000000000000        0.29698717839416811     
   256.000000000000000000000000000000000        0.29968026875122689     
   257.000000000000000000000000000000000        0.30220246738957851     
   258.000000000000000000000000000000000        0.30455038093144549     
   259.000000000000000000000000000000000        0.30672084316540854     
   260.000000000000000000000000000000000        0.30871130193087870     
   261.000000000000000000000000000000000        0.31052029264786096     
   262.000000000000000000000000000000000        0.31214398438869850     
   263.000000000000000000000000000000000        0.31358230529974429     
   264.000000000000000000000000000000000        0.31483173671581616     
   265.000000000000000000000000000000000        0.31589196330251240     
   266.000000000000000000000000000000000        0.31676087627077182     
   267.000000000000000000000000000000000        0.31743801423401841     
   268.000000000000000000000000000000000        0.31792194851819072     
   269.000000000000000000000000000000000        0.31821292588898081     
   270.000000000000000000000000000000000        0.31830975030806613     
   271.000000000000000000000000000000000        0.31821292297545939     
   272.000000000000000000000000000000000        0.31792193827821569     
   273.000000000000000000000000000000000        0.31743800550774076     
   274.000000000000000000000000000000000        0.31676112532283929     
   275.000000000000000000000000000000000        0.31589194880608407     
   276.000000000000000000000000000000000        0.31483219109877819     
   277.000000000000000000000000000000000        0.31358228510351499     
   278.000000000000000000000000000000000        0.31214461343703098     
   279.000000000000000000000000000000000        0.31052026685027656     
   280.000000000000000000000000000000000        0.30871188493793822     
   281.000000000000000000000000000000000        0.30672081189232453     
   282.000000000000000000000000000000000        0.30455057074790870     
   283.000000000000000000000000000000000        0.30220243079320303     
   284.000000000000000000000000000000000        0.29968057743946230     
   285.000000000000000000000000000000000        0.29698713665281579     
   286.000000000000000000000000000000000        0.29412609648561261     
   287.000000000000000000000000000000000        0.29110033786123957     
   288.000000000000000000000000000000000        0.28791418509315359     
   289.000000000000000000000000000000000        0.28457071431204523     
   290.000000000000000000000000000000000        0.28107459595750794     
   291.000000000000000000000000000000000        0.27743007767684974     
   292.000000000000000000000000000000000        0.27364149524562348     
   293.000000000000000000000000000000000        0.26971321642120955     
   294.000000000000000000000000000000000        0.26565064962901003     
   295.000000000000000000000000000000000        0.26145772631952391     
   296.000000000000000000000000000000000        0.25714052087673445     
   297.000000000000000000000000000000000        0.25270382729228341     
   298.000000000000000000000000000000000        0.24815347826011677     
   299.000000000000000000000000000000000        0.24349416745777075     
   300.000000000000000000000000000000000        0.23873276871143792     
   301.000000000000000000000000000000000        0.23387361535524673     
   302.000000000000000000000000000000000        0.22892406291137948     
   303.000000000000000000000000000000000        0.22388904135049106     
   304.000000000000000000000000000000000        0.21877578997267333     
   305.000000000000000000000000000000000        0.21358908928687306     
   306.000000000000000000000000000000000        0.20833667546132251     
   307.000000000000000000000000000000000        0.20302393949853365     
   308.000000000000000000000000000000000        0.19765785237941719     
   309.000000000000000000000000000000000        0.19224506433568014     
   310.000000000000000000000000000000000        0.18679182616344039     
   311.000000000000000000000000000000000        0.18130497739798507     
   312.000000000000000000000000000000000        0.17579117743783992     
   313.000000000000000000000000000000000        0.17025697769198556     
   314.000000000000000000000000000000000        0.16470927818642891     
   315.000000000000000000000000000000000        0.15915488996487137     
   316.000000000000000000000000000000000        0.15360009286613691     
   317.000000000000000000000000000000000        0.14805280247489791     
   318.000000000000000000000000000000000        0.14251855065618921     
   319.000000000000000000000000000000000        0.13700480347954805     
   320.000000000000000000000000000000000        0.13151757503631917     
   321.000000000000000000000000000000000        0.12606471772225103     
   322.000000000000000000000000000000000        0.12065174927151562     
   323.000000000000000000000000000000000        0.11528584420415165     
   324.000000000000000000000000000000000        0.10997320919575133     
   325.000000000000000000000000000000000        0.10472069651642754     
   326.000000000000000000000000000000000         9.9534392629153770E-002
   327.000000000000000000000000000000000         9.4420746999538063E-002
   328.000000000000000000000000000000000         8.9385839457970601E-002
   329.000000000000000000000000000000000         8.4436175974825195E-002
   330.000000000000000000000000000000000         7.9577397489189197E-002
   331.000000000000000000000000000000000         7.4815627271544269E-002
   332.000000000000000000000000000000000         7.0156825289072619E-002
   333.000000000000000000000000000000000         6.5605971238409833E-002
   334.000000000000000000000000000000000         6.1169322939121550E-002
   335.000000000000000000000000000000000         5.6852076396500709E-002
   336.000000000000000000000000000000000         5.2659365899552196E-002
   337.000000000000000000000000000000000         4.8596590843725959E-002
   338.000000000000000000000000000000000         4.4668374349826033E-002
   339.000000000000000000000000000000000         4.0879734478293413E-002
   340.000000000000000000000000000000000         3.7235123087922511E-002
   341.000000000000000000000000000000000         3.3739103050660302E-002
   342.000000000000000000000000000000000         3.0395825486755242E-002
   343.000000000000000000000000000000000         2.7209485001432200E-002
   344.000000000000000000000000000000000         2.4183641345845212E-002
   345.000000000000000000000000000000000         2.1322691975041250E-002
   346.000000000000000000000000000000000         1.8629421608488857E-002
   347.000000000000000000000000000000000         1.6107403837049984E-002
   348.000000000000000000000000000000000         1.3759637886977344E-002
   349.000000000000000000000000000000000         1.1589028948399249E-002
   350.000000000000000000000000000000000         9.5981981546125264E-003
   351.000000000000000000000000000000000         7.7895803786062383E-003
   352.000000000000000000000000000000000         6.1654513076348809E-003
   353.000000000000000000000000000000000         4.7275686602052834E-003
   354.000000000000000000000000000000000         3.4779046104642711E-003
   355.000000000000000000000000000000000         2.4179116073323927E-003
   356.000000000000000000000000000000000         1.5488756577566605E-003
   357.000000000000000000000000000000000         8.7186163760110606E-004
   358.000000000000000000000000000000000         3.8769052835702122E-004
   359.000000000000000000000000000000000         9.6950951482332835E-005
   360.000000000000000000000000000000000         2.7280461330783456E-013
