   1.00000000000000000000000000000000000         9.6952893807175994E-005
   2.00000000000000000000000000000000000         3.8769345305384985E-004
   3.00000000000000000000000000000000000         8.7186745512924735E-004
   4.00000000000000000000000000000000000         1.5488771847462623E-003
   5.00000000000000000000000000000000000         2.4179212717238335E-003
   6.00000000000000000000000000000000000         3.4779172846974068E-003
   7.00000000000000000000000000000000000         4.7275821243763991E-003
   8.00000000000000000000000000000000000         6.1654323078547063E-003
   9.00000000000000000000000000000000000         7.7895975769635677E-003
   10.0000000000000000000000000000000000         9.5982170736779431E-003
   11.0000000000000000000000000000000000         1.1589049797138569E-002
   12.0000000000000000000000000000000000         1.3759610037853082E-002
   13.0000000000000000000000000000000000         1.6107428234621950E-002
   14.0000000000000000000000000000000000         1.8629468899377926E-002
   15.0000000000000000000000000000000000         2.1322719802568314E-002
   16.0000000000000000000000000000000000         2.4183818365653236E-002
   17.0000000000000000000000000000000000         2.7209516123326113E-002
   18.0000000000000000000000000000000000         3.0395875717466488E-002
   19.0000000000000000000000000000000000         3.3739137315353870E-002
   20.0000000000000000000000000000000000         3.7235284169278772E-002
   21.0000000000000000000000000000000000         4.0879771718793416E-002
   22.0000000000000000000000000000000000         4.4668463118021508E-002
   23.0000000000000000000000000000000000         4.8596630878637616E-002
   24.0000000000000000000000000000000000         5.2659449921880770E-002
   25.0000000000000000000000000000000000         5.6852119030710517E-002
   26.0000000000000000000000000000000000         6.1169407298252189E-002
   27.0000000000000000000000000000000000         6.5606016264328590E-002
   28.0000000000000000000000000000000000         7.0156616206752440E-002
   29.0000000000000000000000000000000000         7.4815674469707383E-002
   30.0000000000000000000000000000000000         7.9577516640142745E-002
   31.0000000000000000000000000000000000         8.4436225115316316E-002
   32.0000000000000000000000000000000000         8.9385782917237616E-002
   33.0000000000000000000000000000000000         9.4420797842928644E-002
   34.0000000000000000000000000000000000         9.9534456835707052E-002
   35.0000000000000000000000000000000000        0.10472074881508281     
   36.0000000000000000000000000000000000        0.10997364801090183     
   37.0000000000000000000000000000000000        0.11528589770322901     
   38.0000000000000000000000000000000000        0.12065188598501857     
   39.0000000000000000000000000000000000        0.12606477216111492     
   40.0000000000000000000000000000000000        0.13151783839523562     
   41.0000000000000000000000000000000000        0.13700485859298414     
   42.0000000000000000000000000000000000        0.14251864620855595     
   43.0000000000000000000000000000000000        0.14805285799439119     
   44.0000000000000000000000000000000000        0.15360068450742087     
   45.0000000000000000000000000000000000        0.15915494561988791     
   46.0000000000000000000000000000000000        0.16470941346210213     
   47.0000000000000000000000000000000000        0.17025703321148777     
   48.0000000000000000000000000000000000        0.17579107938917343     
   49.0000000000000000000000000000000000        0.18130503251143107     
   50.0000000000000000000000000000000000        0.18679196797049311     
   51.0000000000000000000000000000000000        0.19224511877459421     
   52.0000000000000000000000000000000000        0.19765820766282768     
   53.0000000000000000000000000000000000        0.20302399299753471     
   54.0000000000000000000000000000000000        0.20833640854472796     
   55.0000000000000000000000000000000000        0.21358914158559372     
   56.0000000000000000000000000000000000        0.21877553259876553     
   57.0000000000000000000000000000000000        0.22388909219393557     
   58.0000000000000000000000000000000000        0.22892391017493172     
   59.0000000000000000000000000000000000        0.23387366449577560     
   60.0000000000000000000000000000000000        0.23873211882499654     
   61.0000000000000000000000000000000000        0.24349421465588522     
   62.0000000000000000000000000000000000        0.24815321302680879     
   63.0000000000000000000000000000000000        0.25270387231813013     
   64.0000000000000000000000000000000000        0.25714047949730739     
   65.0000000000000000000000000000000000        0.26145776895387379     
   66.0000000000000000000000000000000000        0.26565032286985985     
   67.0000000000000000000000000000000000        0.26971325645610711     
   68.0000000000000000000000000000000000        0.27364152326241126     
   69.0000000000000000000000000000000000        0.27743011491736502     
   70.0000000000000000000000000000000000        0.28107488343001219     
   71.0000000000000000000000000000000000        0.28457074857679149     
   72.0000000000000000000000000000000000        0.28791393867575193     
   73.0000000000000000000000000000000000        0.29110036898315306     
   74.0000000000000000000000000000000000        0.29412579229332414     
   75.0000000000000000000000000000000000        0.29698716448037438     
   76.0000000000000000000000000000000000        0.29968024829531453     
   77.0000000000000000000000000000000000        0.30220245519078343     
   78.0000000000000000000000000000000000        0.30455006886191499     
   79.0000000000000000000000000000000000        0.30672083274108281     
   80.0000000000000000000000000000000000        0.30871195350318853     
   81.0000000000000000000000000000000000        0.31052028404866039     
   82.0000000000000000000000000000000000        0.31214451866562126     
   83.0000000000000000000000000000000000        0.31358229856772418     
   84.0000000000000000000000000000000000        0.31483167076456442     
   85.0000000000000000000000000000000000        0.31589195847037688     
   86.0000000000000000000000000000000000        0.31676110552376968     
   87.0000000000000000000000000000000000        0.31743801132529215     
   88.0000000000000000000000000000000000        0.31792218271584372     
   89.0000000000000000000000000000000000        0.31821292491782738     
   90.0000000000000000000000000000000000        0.31830977131423710     
   91.0000000000000000000000000000000000        0.31821292394662659     
   92.0000000000000000000000000000000000        0.31792219607762279     
   93.0000000000000000000000000000000000        0.31743800841646075     
   94.0000000000000000000000000000000000        0.31676103541137607     
   95.0000000000000000000000000000000000        0.31589195363823225     
   96.0000000000000000000000000000000000        0.31483193717666691     
   97.0000000000000000000000000000000000        0.31358229183561731     
   98.0000000000000000000000000000000000        0.31214441433620777     
   99.0000000000000000000000000000000000        0.31052027544939004     
   100.000000000000000000000000000000000        0.30871140566389738     
   101.000000000000000000000000000000000        0.30672082231670461     
   102.000000000000000000000000000000000        0.30455030256813370     
   103.000000000000000000000000000000000        0.30220244299202237     
   104.000000000000000000000000000000000        0.29968030237474219     
   105.000000000000000000000000000000000        0.29698715056659053     
   106.000000000000000000000000000000000        0.29412581208281174     
   107.000000000000000000000000000000000        0.29110035342218210     
   108.000000000000000000000000000000000        0.28791403214867495     
   109.000000000000000000000000000000000        0.28457073144450346     
   110.000000000000000000000000000000000        0.28107478342173414     
   111.000000000000000000000000000000000        0.27743009629707810     
   112.000000000000000000000000000000000        0.27364160112020552     
   113.000000000000000000000000000000000        0.26971323643864836     
   114.000000000000000000000000000000000        0.26565043154631235     
   115.000000000000000000000000000000000        0.26145774763671975     
   116.000000000000000000000000000000000        0.25714030390743714     
   117.000000000000000000000000000000000        0.25270384980524674     
   118.000000000000000000000000000000000        0.24815310144408731     
   119.000000000000000000000000000000000        0.24349419105672210     
   120.000000000000000000000000000000000        0.23873256544988369     
   121.000000000000000000000000000000000        0.23387363992555082     
   122.000000000000000000000000000000000        0.22892397719142907     
   123.000000000000000000000000000000000        0.22388906677218576     
   124.000000000000000000000000000000000        0.21877525130053890     
   125.000000000000000000000000000000000        0.21358911543626119     
   126.000000000000000000000000000000000        0.20833654549964345     
   127.000000000000000000000000000000000        0.20302396624799268     
   128.000000000000000000000000000000000        0.19765790982668746     
   129.000000000000000000000000000000000        0.19224509155520725     
   130.000000000000000000000000000000000        0.18679176521949606     
   131.000000000000000000000000000000000        0.18130500495469204     
   132.000000000000000000000000000000000        0.17579105920733723     
   133.000000000000000000000000000000000        0.17025700545176964     
   134.000000000000000000000000000000000        0.16470922330610374     
   135.000000000000000000000000000000000        0.15915491779234864     
   136.000000000000000000000000000000000        0.15360045230956237     
   137.000000000000000000000000000000000        0.14805283023468854     
   138.000000000000000000000000000000000        0.14251844305182956     
   139.000000000000000000000000000000000        0.13700483103623706     
   140.000000000000000000000000000000000        0.13151790323483464     
   141.000000000000000000000000000000000        0.12606474494169773     
   142.000000000000000000000000000000000        0.12065162870441064     
   143.000000000000000000000000000000000        0.11528587095366541     
   144.000000000000000000000000000000000        0.10997324980249877     
   145.000000000000000000000000000000000        0.10472072266576504     
   146.000000000000000000000000000000000         9.9534622614817631E-002
   147.000000000000000000000000000000000         9.4420772421212454E-002
   148.000000000000000000000000000000000         8.9385991740737566E-002
   149.000000000000000000000000000000000         8.4436200545080622E-002
   150.000000000000000000000000000000000         7.9577423191863839E-002
   151.000000000000000000000000000000000         7.4815650870606445E-002
   152.000000000000000000000000000000000         7.0156601139261102E-002
   153.000000000000000000000000000000000         6.5605993751396016E-002
   154.000000000000000000000000000000000         6.1169385709361750E-002
   155.000000000000000000000000000000000         5.6852097713589567E-002
   156.000000000000000000000000000000000         5.2659511302543538E-002
   157.000000000000000000000000000000000         4.8596610861213911E-002
   158.000000000000000000000000000000000         4.4668407457802935E-002
   159.000000000000000000000000000000000         4.0879753098528759E-002
   160.000000000000000000000000000000000         3.7235142869896522E-002
   161.000000000000000000000000000000000         3.3739120183014948E-002
   162.000000000000000000000000000000000         3.0395928833816196E-002
   163.000000000000000000000000000000000         2.7209500562366786E-002
   164.000000000000000000000000000000000         2.4183880436768068E-002
   165.000000000000000000000000000000000         2.1322705888798827E-002
   166.000000000000000000000000000000000         1.8629493267150351E-002
   167.000000000000000000000000000000000         1.6107416035817921E-002
   168.000000000000000000000000000000000         1.3759655678920957E-002
   169.000000000000000000000000000000000         1.1589039372764006E-002
   170.000000000000000000000000000000000         9.5981505488335547E-003
   171.000000000000000000000000000000000         7.7895889777790184E-003
   172.000000000000000000000000000000000         6.1653817961053467E-003
   173.000000000000000000000000000000000         4.7275753922911773E-003
   174.000000000000000000000000000000000         3.4778813188244585E-003
   175.000000000000000000000000000000000         2.4179164395247712E-003
   176.000000000000000000000000000000000         1.5488893209014499E-003
   177.000000000000000000000000000000000         8.7186454636565701E-004
   178.000000000000000000000000000000000         3.8769023703834262E-004
   179.000000000000000000000000000000000         9.6951922642277616E-005
   180.000000000000000000000000000000000         2.4087383842533708E-015
   181.000000000000000000000000000000000         9.6953864975547044E-005
   182.000000000000000000000000000000000         3.8769584895258897E-004
   183.000000000000000000000000000000000         8.7187036390283924E-004
   184.000000000000000000000000000000000         1.5488893444027937E-003
   185.000000000000000000000000000000000         2.4179261039242186E-003
   186.000000000000000000000000000000000         3.4779232433848574E-003
   187.000000000000000000000000000000000         4.7275888564733337E-003
   188.000000000000000000000000000000000         6.1653975156842041E-003
   189.000000000000000000000000000000000         7.7896061761431020E-003
   190.000000000000000000000000000000000         9.5982501058441572E-003
   191.000000000000000000000000000000000         1.1589060221533979E-002
   192.000000000000000000000000000000000         1.3759679607802883E-002
   193.000000000000000000000000000000000         1.6107440433403446E-002
   194.000000000000000000000000000000000         1.8629499478385762E-002
   195.000000000000000000000000000000000         2.1322733716337177E-002
   196.000000000000000000000000000000000         2.4183905174053024E-002
   197.000000000000000000000000000000000         2.7209531684294887E-002
   198.000000000000000000000000000000000         3.0395889633234943E-002
   199.000000000000000000000000000000000         3.3739154447694708E-002
   200.000000000000000000000000000000000         3.7235210886359053E-002
   201.000000000000000000000000000000000         4.0879790339020873E-002
   202.000000000000000000000000000000000         4.4668390682187128E-002
   203.000000000000000000000000000000000         4.8596650896105910E-002
   204.000000000000000000000000000000000         5.2659547427557296E-002
   205.000000000000000000000000000000000         5.6852140347853783E-002
   206.000000000000000000000000000000000         6.1169448888396670E-002
   207.000000000000000000000000000000000         6.5606038777276540E-002
   208.000000000000000000000000000000000         7.0156658516473375E-002
   209.000000000000000000000000000000000         7.4815698068797537E-002
   210.000000000000000000000000000000000         7.9577450672402628E-002
   211.000000000000000000000000000000000         8.4436249685619288E-002
   212.000000000000000000000000000000000         8.9386031380149958E-002
   213.000000000000000000000000000000000         9.4420823264651704E-002
   214.000000000000000000000000000000000         9.9534441451517644E-002
   215.000000000000000000000000000000000        0.10472077496444714     
   216.000000000000000000000000000000000        0.10997328018881566     
   217.000000000000000000000000000000000        0.11528592445276553     
   218.000000000000000000000000000000000        0.12065191344956815     
   219.000000000000000000000000000000000        0.12606479938056103     
   220.000000000000000000000000000000000        0.13151796245188335     
   221.000000000000000000000000000000000        0.13700488614967138     
   222.000000000000000000000000000000000        0.14251875397800154     
   223.000000000000000000000000000000000        0.14805288575416303     
   224.000000000000000000000000000000000        0.15360049287939115     
   225.000000000000000000000000000000000        0.15915497344741172     
   226.000000000000000000000000000000000        0.16470939835327972     
   227.000000000000000000000000000000000        0.17025706097125462     
   228.000000000000000000000000000000000        0.17579125670457010     
   229.000000000000000000000000000000000        0.18130506006811883     
   230.000000000000000000000000000000000        0.18679208926122651     
   231.000000000000000000000000000000000        0.19224514599407611     
   232.000000000000000000000000000000000        0.19765814836168422     
   233.000000000000000000000000000000000        0.20302401974706680     
   234.000000000000000000000000000000000        0.20833668990162846     
   235.000000000000000000000000000000000        0.21358916773494024     
   236.000000000000000000000000000000000        0.21877560114262518     
   237.000000000000000000000000000000000        0.22388911761565800     
   238.000000000000000000000000000000000        0.22892402138452242     
   239.000000000000000000000000000000000        0.23387368906605063     
   240.000000000000000000000000000000000        0.23873252838136366     
   241.000000000000000000000000000000000        0.24349423825494279     
   242.000000000000000000000000000000000        0.24815331307414512     
   243.000000000000000000000000000000000        0.25270389483109595     
   244.000000000000000000000000000000000        0.25714062937741772     
   245.000000000000000000000000000000000        0.26145779027094301     
   246.000000000000000000000000000000000        0.26565044473624544     
   247.000000000000000000000000000000000        0.26971327647355708     
   248.000000000000000000000000000000000        0.27364134348771502     
   249.000000000000000000000000000000000        0.27743013353762741     
   250.000000000000000000000000000000000        0.28107467124819924     
   251.000000000000000000000000000000000        0.28457076570916617     
   252.000000000000000000000000000000000        0.28791390094389718     
   253.000000000000000000000000000000000        0.29110038454414683     
   254.000000000000000000000000000000000        0.29412594815769633     
   255.000000000000000000000000000000000        0.29698717839413230     
   256.000000000000000000000000000000000        0.29968034025874485     
   257.000000000000000000000000000000000        0.30220246738957851     
   258.000000000000000000000000000000000        0.30455031109695607     
   259.000000000000000000000000000000000        0.30672084316541764     
   260.000000000000000000000000000000000        0.30871146974073860     
   261.000000000000000000000000000000000        0.31052029264784264     
   262.000000000000000000000000000000000        0.31214421527542463     
   263.000000000000000000000000000000000        0.31358230529975351     
   264.000000000000000000000000000000000        0.31483184132247105     
   265.000000000000000000000000000000000        0.31589196330254471     
   266.000000000000000000000000000000000        0.31676093125454202     
   267.000000000000000000000000000000000        0.31743801423402301     
   268.000000000000000000000000000000000        0.31792205602866863     
   269.000000000000000000000000000000000        0.31821292588896694     
   270.000000000000000000000000000000000        0.31830980762103578     
   271.000000000000000000000000000000000        0.31821292297545478     
   272.000000000000000000000000000000000        0.31792204778151451     
   273.000000000000000000000000000000000        0.31743800550773155     
   274.000000000000000000000000000000000        0.31676106268694737     
   275.000000000000000000000000000000000        0.31589194880603788     
   276.000000000000000000000000000000000        0.31483208284715242     
   277.000000000000000000000000000000000        0.31358228510350578     
   278.000000000000000000000000000000000        0.31214455010194525     
   279.000000000000000000000000000000000        0.31052026685027656     
   280.000000000000000000000000000000000        0.30871177680010320     
   281.000000000000000000000000000000000        0.30672081189231087     
   282.000000000000000000000000000000000        0.30455039994314842     
   283.000000000000000000000000000000000        0.30220243079320752     
   284.000000000000000000000000000000000        0.29968049197630786     
   285.000000000000000000000000000000000        0.29698713665280235     
   286.000000000000000000000000000000000        0.29412603398003595     
   287.000000000000000000000000000000000        0.29110033786123957     
   288.000000000000000000000000000000000        0.28791408470417357     
   289.000000000000000000000000000000000        0.28457071431208902     
   290.000000000000000000000000000000000        0.28107462765340918     
   291.000000000000000000000000000000000        0.27743007767684541     
   292.000000000000000000000000000000000        0.27364144735298218     
   293.000000000000000000000000000000000        0.26971321642119672     
   294.000000000000000000000000000000000        0.26565051239933857     
   295.000000000000000000000000000000000        0.26145772631955749     
   296.000000000000000000000000000000000        0.25714049654195487     
   297.000000000000000000000000000000000        0.25270382729227514     
   298.000000000000000000000000000000000        0.24815335844407077     
   299.000000000000000000000000000000000        0.24349416745772817     
   300.000000000000000000000000000000000        0.23873258782538159     
   301.000000000000000000000000000000000        0.23387361535526660     
   302.000000000000000000000000000000000        0.22892395767217336     
   303.000000000000000000000000000000000        0.22388904135049692     
   304.000000000000000000000000000000000        0.21877560700887586     
   305.000000000000000000000000000000000        0.21358908928689774     
   306.000000000000000000000000000000000        0.20833658476429509     
   307.000000000000000000000000000000000        0.20302393949850034     
   308.000000000000000000000000000000000        0.19765789954872184     
   309.000000000000000000000000000000000        0.19224506433570174     
   310.000000000000000000000000000000000        0.18679183986606540     
   311.000000000000000000000000000000000        0.18130497739797283     
   312.000000000000000000000000000000000        0.17579114784456462     
   313.000000000000000000000000000000000        0.17025697769198386     
   314.000000000000000000000000000000000        0.16470929588308456     
   315.000000000000000000000000000000000        0.15915488996484842     
   316.000000000000000000000000000000000        0.15360025968951141     
   317.000000000000000000000000000000000        0.14805280247490424     
   318.000000000000000000000000000000000        0.14251860387944351     
   319.000000000000000000000000000000000        0.13700480347954347     
   320.000000000000000000000000000000000        0.13151773289160451     
   321.000000000000000000000000000000000        0.12606471772225394     
   322.000000000000000000000000000000000        0.12065178385045432     
   323.000000000000000000000000000000000        0.11528584420415165     
   324.000000000000000000000000000000000        0.10997325478862624     
   325.000000000000000000000000000000000        0.10472069651643021     
   326.000000000000000000000000000000000         9.9534397099418984E-002
   327.000000000000000000000000000000000         9.4420746999519134E-002
   328.000000000000000000000000000000000         8.9385893897678870E-002
   329.000000000000000000000000000000000         8.4436175974827582E-002
   330.000000000000000000000000000000000         7.9577409969998347E-002
   331.000000000000000000000000000000000         7.4815627271537524E-002
   332.000000000000000000000000000000000         7.0156716351003040E-002
   333.000000000000000000000000000000000         6.5605971238418243E-002
   334.000000000000000000000000000000000         6.1169327763515753E-002
   335.000000000000000000000000000000000         5.6852076396485034E-002
   336.000000000000000000000000000000000         5.2659408110413149E-002
   337.000000000000000000000000000000000         4.8596590843735014E-002
   338.000000000000000000000000000000000         4.4668395202392519E-002
   339.000000000000000000000000000000000         4.0879734478287598E-002
   340.000000000000000000000000000000000         3.7235134562627635E-002
   341.000000000000000000000000000000000         3.3739103050668226E-002
   342.000000000000000000000000000000000         3.0395839917482497E-002
   343.000000000000000000000000000000000         2.7209485001424408E-002
   344.000000000000000000000000000000000         2.4183743505514516E-002
   345.000000000000000000000000000000000         2.1322691975041851E-002
   346.000000000000000000000000000000000         1.8629431516387358E-002
   347.000000000000000000000000000000000         1.6107403837046595E-002
   348.000000000000000000000000000000000         1.3759641323767386E-002
   349.000000000000000000000000000000000         1.1589028948398476E-002
   350.000000000000000000000000000000000         9.5981984157518865E-003
   351.000000000000000000000000000000000         7.7895803786054230E-003
   352.000000000000000000000000000000000         6.1654179622353611E-003
   353.000000000000000000000000000000000         4.7275686602054950E-003
   354.000000000000000000000000000000000         3.4779051861805496E-003
   355.000000000000000000000000000000000         2.4179116073318120E-003
   356.000000000000000000000000000000000         1.5488763820249740E-003
   357.000000000000000000000000000000000         8.7186163760159124E-004
   358.000000000000000000000000000000000         3.8769009627061013E-004
   359.000000000000000000000000000000000         9.6950951482243091E-005
   360.000000000000000000000000000000000         5.8622519057168360E-014
