   1.00000000000000000000000000000000000         9.6952893807969426E-005
   2.00000000000000000000000000000000000         3.8769345305533635E-004
   3.00000000000000000000000000000000000         8.7186745512708621E-004
   4.00000000000000000000000000000000000         1.5488702302518206E-003
   5.00000000000000000000000000000000000         2.4179212717248227E-003
   6.00000000000000000000000000000000000         3.4779171309116974E-003
   7.00000000000000000000000000000000000         4.7275821243759715E-003
   8.00000000000000000000000000000000000         6.1654674725002750E-003
   9.00000000000000000000000000000000000         7.7895975769693045E-003
   10.0000000000000000000000000000000000         9.5982164560586437E-003
   11.0000000000000000000000000000000000         1.1589049797132414E-002
   12.0000000000000000000000000000000000         1.3759558391074109E-002
   13.0000000000000000000000000000000000         1.6107428234632713E-002
   14.0000000000000000000000000000000000         1.8629468192156620E-002
   15.0000000000000000000000000000000000         2.1322719802566628E-002
   16.0000000000000000000000000000000000         2.4183748249242028E-002
   17.0000000000000000000000000000000000         2.7209516123326165E-002
   18.0000000000000000000000000000000000         3.0395862860467887E-002
   19.0000000000000000000000000000000000         3.3739137315353808E-002
   20.0000000000000000000000000000000000         3.7235372948541741E-002
   21.0000000000000000000000000000000000         4.0879771718802915E-002
   22.0000000000000000000000000000000000         4.4668466578590589E-002
   23.0000000000000000000000000000000000         4.8596630878628741E-002
   24.0000000000000000000000000000000000         5.2659404690026307E-002
   25.0000000000000000000000000000000000         5.6852119030706333E-002
   26.0000000000000000000000000000000000         6.1169433796429105E-002
   27.0000000000000000000000000000000000         6.5606016264334779E-002
   28.0000000000000000000000000000000000         7.0156603946970181E-002
   29.0000000000000000000000000000000000         7.4815674469715307E-002
   30.0000000000000000000000000000000000         7.9577555122002611E-002
   31.0000000000000000000000000000000000         8.4436225115297567E-002
   32.0000000000000000000000000000000000         8.9385580950048477E-002
   33.0000000000000000000000000000000000         9.4420797842930726E-002
   34.0000000000000000000000000000000000         9.9534459233040981E-002
   35.0000000000000000000000000000000000        0.10472074881507631     
   36.0000000000000000000000000000000000        0.10997390120263875     
   37.0000000000000000000000000000000000        0.11528589770322525     
   38.0000000000000000000000000000000000        0.12065189138699033     
   39.0000000000000000000000000000000000        0.12606477216110154     
   40.0000000000000000000000000000000000        0.13151771280223595     
   41.0000000000000000000000000000000000        0.13700485859299483     
   42.0000000000000000000000000000000000        0.14251857709562299     
   43.0000000000000000000000000000000000        0.14805285799437501     
   44.0000000000000000000000000000000000        0.15360083233267785     
   45.0000000000000000000000000000000000        0.15915494561988874     
   46.0000000000000000000000000000000000        0.16470944940423188     
   47.0000000000000000000000000000000000        0.17025703321149424     
   48.0000000000000000000000000000000000        0.17579100133251765     
   49.0000000000000000000000000000000000        0.18130503251146407     
   50.0000000000000000000000000000000000        0.18679201830785844     
   51.0000000000000000000000000000000000        0.19224511877458553     
   52.0000000000000000000000000000000000        0.19765838254659698     
   53.0000000000000000000000000000000000        0.20302399299752560     
   54.0000000000000000000000000000000000        0.20833630290607538     
   55.0000000000000000000000000000000000        0.21358914158559697     
   56.0000000000000000000000000000000000        0.21877561838619702     
   57.0000000000000000000000000000000000        0.22388909219393227     
   58.0000000000000000000000000000000000        0.22892393726285115     
   59.0000000000000000000000000000000000        0.23387366449574898     
   60.0000000000000000000000000000000000        0.23873185464503710     
   61.0000000000000000000000000000000000        0.24349421465591459     
   62.0000000000000000000000000000000000        0.24815317228438616     
   63.0000000000000000000000000000000000        0.25270387231809510     
   64.0000000000000000000000000000000000        0.25714045167056065     
   65.0000000000000000000000000000000000        0.26145776895389128     
   66.0000000000000000000000000000000000        0.26565026599132846     
   67.0000000000000000000000000000000000        0.26971325645611699     
   68.0000000000000000000000000000000000        0.27364160814772903     
   69.0000000000000000000000000000000000        0.27743011491737835     
   70.0000000000000000000000000000000000        0.28107504472173989     
   71.0000000000000000000000000000000000        0.28457074857675441     
   72.0000000000000000000000000000000000        0.28791388832289161     
   73.0000000000000000000000000000000000        0.29110036898314745     
   74.0000000000000000000000000000000000        0.29412561881860266     
   75.0000000000000000000000000000000000        0.29698716448041396     
   76.0000000000000000000000000000000000        0.29968010085729746     
   77.0000000000000000000000000000000000        0.30220245519077754     
   78.0000000000000000000000000000000000        0.30454993909950906     
   79.0000000000000000000000000000000000        0.30672083274110351     
   80.0000000000000000000000000000000000        0.30871221055831438     
   81.0000000000000000000000000000000000        0.31052028404867921     
   82.0000000000000000000000000000000000        0.31214454555647103     
   83.0000000000000000000000000000000000        0.31358229856775999     
   84.0000000000000000000000000000000000        0.31483141121216701     
   85.0000000000000000000000000000000000        0.31589195847037077     
   86.0000000000000000000000000000000000        0.31676120443037081     
   87.0000000000000000000000000000000000        0.31743801132531330     
   88.0000000000000000000000000000000000        0.31792218082456353     
   89.0000000000000000000000000000000000        0.31821292491786635     
   90.0000000000000000000000000000000000        0.31830967708156421     
   91.0000000000000000000000000000000000        0.31821292394662787     
   92.0000000000000000000000000000000000        0.31792220778894703     
   93.0000000000000000000000000000000000        0.31743800841643444     
   94.0000000000000000000000000000000000        0.31676107543836424     
   95.0000000000000000000000000000000000        0.31589195363826844     
   96.0000000000000000000000000000000000        0.31483191957773177     
   97.0000000000000000000000000000000000        0.31358229183564590     
   98.0000000000000000000000000000000000        0.31214435530785761     
   99.0000000000000000000000000000000000        0.31052027544932209     
   100.000000000000000000000000000000000        0.30871118421080401     
   101.000000000000000000000000000000000        0.30672082231673281     
   102.000000000000000000000000000000000        0.30455039060544264     
   103.000000000000000000000000000000000        0.30220244299203347     
   104.000000000000000000000000000000000        0.29968021461995709     
   105.000000000000000000000000000000000        0.29698715056662295     
   106.000000000000000000000000000000000        0.29412566930659229     
   107.000000000000000000000000000000000        0.29110035342215956     
   108.000000000000000000000000000000000        0.28791407942206976     
   109.000000000000000000000000000000000        0.28457073144452083     
   110.000000000000000000000000000000000        0.28107487171690887     
   111.000000000000000000000000000000000        0.27743009629705628     
   112.000000000000000000000000000000000        0.27364177239527687     
   113.000000000000000000000000000000000        0.26971323643866069     
   114.000000000000000000000000000000000        0.26565048965119553     
   115.000000000000000000000000000000000        0.26145774763670776     
   116.000000000000000000000000000000000        0.25714013949276804     
   117.000000000000000000000000000000000        0.25270384980527644     
   118.000000000000000000000000000000000        0.24815298202378097     
   119.000000000000000000000000000000000        0.24349419105668030     
   120.000000000000000000000000000000000        0.23873271969136792     
   121.000000000000000000000000000000000        0.23387363992555521     
   122.000000000000000000000000000000000        0.22892408608179207     
   123.000000000000000000000000000000000        0.22388906677214993     
   124.000000000000000000000000000000000        0.21877510997956931     
   125.000000000000000000000000000000000        0.21358911543626533     
   126.000000000000000000000000000000000        0.20833658512360972     
   127.000000000000000000000000000000000        0.20302396624798066     
   128.000000000000000000000000000000000        0.19765784396798416     
   129.000000000000000000000000000000000        0.19224509155524619     
   130.000000000000000000000000000000000        0.18679165969357453     
   131.000000000000000000000000000000000        0.18130500495470339     
   132.000000000000000000000000000000000        0.17579098781135061     
   133.000000000000000000000000000000000        0.17025700545180628     
   134.000000000000000000000000000000000        0.16470911494123100     
   135.000000000000000000000000000000000        0.15915491779234156     
   136.000000000000000000000000000000000        0.15360041845716912     
   137.000000000000000000000000000000000        0.14805283023471588     
   138.000000000000000000000000000000000        0.14251821795539271     
   139.000000000000000000000000000000000        0.13700483103621899     
   140.000000000000000000000000000000000        0.13151785963677484     
   141.000000000000000000000000000000000        0.12606474494170403     
   142.000000000000000000000000000000000        0.12065142941351661     
   143.000000000000000000000000000000000        0.11528587095363978     
   144.000000000000000000000000000000000        0.10997317255586986     
   145.000000000000000000000000000000000        0.10472072266577079     
   146.000000000000000000000000000000000         9.9534795305955673E-002
   147.000000000000000000000000000000000         9.4420772421212454E-002
   148.000000000000000000000000000000000         8.9385997626391947E-002
   149.000000000000000000000000000000000         8.4436200545080622E-002
   150.000000000000000000000000000000000         7.9577400030225828E-002
   151.000000000000000000000000000000000         7.4815650870599160E-002
   152.000000000000000000000000000000000         7.0156595992881723E-002
   153.000000000000000000000000000000000         6.5605993751417624E-002
   154.000000000000000000000000000000000         6.1169412509320877E-002
   155.000000000000000000000000000000000         5.6852097713588567E-002
   156.000000000000000000000000000000000         5.2659539013387074E-002
   157.000000000000000000000000000000000         4.8596610861231945E-002
   158.000000000000000000000000000000000         4.4668378625412689E-002
   159.000000000000000000000000000000000         4.0879753098526588E-002
   160.000000000000000000000000000000000         3.7235121949329375E-002
   161.000000000000000000000000000000000         3.3739120183016905E-002
   162.000000000000000000000000000000000         3.0395977730600893E-002
   163.000000000000000000000000000000000         2.7209500562364312E-002
   164.000000000000000000000000000000000         2.4183878602435319E-002
   165.000000000000000000000000000000000         2.1322705888794858E-002
   166.000000000000000000000000000000000         1.8629525832854085E-002
   167.000000000000000000000000000000000         1.6107416035811797E-002
   168.000000000000000000000000000000000         1.3759654662744697E-002
   169.000000000000000000000000000000000         1.1589039372760008E-002
   170.000000000000000000000000000000000         9.5980992582317334E-003
   171.000000000000000000000000000000000         7.7895889777789672E-003
   172.000000000000000000000000000000000         6.1653788793619938E-003
   173.000000000000000000000000000000000         4.7275753922935817E-003
   174.000000000000000000000000000000000         3.4778543383006560E-003
   175.000000000000000000000000000000000         2.4179164395246927E-003
   176.000000000000000000000000000000000         1.5488965966282534E-003
   177.000000000000000000000000000000000         8.7186454636685863E-004
   178.000000000000000000000000000000000         3.8768910382629189E-004
   179.000000000000000000000000000000000         9.6951922642661627E-005
   180.000000000000000000000000000000000         2.3874855299352224E-015
   181.000000000000000000000000000000000         9.6953864975332928E-005
   182.000000000000000000000000000000000         3.8769625317259631E-004
   183.000000000000000000000000000000000         8.7187036390244731E-004
   184.000000000000000000000000000000000         1.5488897559449454E-003
   185.000000000000000000000000000000000         2.4179261039222943E-003
   186.000000000000000000000000000000000         3.4779232433904224E-003
   187.000000000000000000000000000000000         4.7275888564775473E-003
   188.000000000000000000000000000000000         6.1653949357962047E-003
   189.000000000000000000000000000000000         7.7896061761444585E-003
   190.000000000000000000000000000000000         9.5982703901021701E-003
   191.000000000000000000000000000000000         1.1589060221542120E-002
   192.000000000000000000000000000000000         1.3759679740004804E-002
   193.000000000000000000000000000000000         1.6107440433404979E-002
   194.000000000000000000000000000000000         1.8629514339854564E-002
   195.000000000000000000000000000000000         2.1322733716336049E-002
   196.000000000000000000000000000000000         2.4183899112690910E-002
   197.000000000000000000000000000000000         2.7209531684299456E-002
   198.000000000000000000000000000000000         3.0395874606594538E-002
   199.000000000000000000000000000000000         3.3739154447694097E-002
   200.000000000000000000000000000000000         3.7235218625407039E-002
   201.000000000000000000000000000000000         4.0879790339002249E-002
   202.000000000000000000000000000000000         4.4668312572636412E-002
   203.000000000000000000000000000000000         4.8596650896110545E-002
   204.000000000000000000000000000000000         5.2659570485275364E-002
   205.000000000000000000000000000000000         5.6852140347859369E-002
   206.000000000000000000000000000000000         6.1169492863692027E-002
   207.000000000000000000000000000000000         6.5606038777283229E-002
   208.000000000000000000000000000000000         7.0156663358599158E-002
   209.000000000000000000000000000000000         7.4815698068803768E-002
   210.000000000000000000000000000000000         7.9577409094625587E-002
   211.000000000000000000000000000000000         8.4436249685644907E-002
   212.000000000000000000000000000000000         8.9386028036441717E-002
   213.000000000000000000000000000000000         9.4420823264654646E-002
   214.000000000000000000000000000000000         9.9534407239585579E-002
   215.000000000000000000000000000000000        0.10472077496447420     
   216.000000000000000000000000000000000        0.10997318290238184     
   217.000000000000000000000000000000000        0.11528592445275222     
   218.000000000000000000000000000000000        0.12065191926363865     
   219.000000000000000000000000000000000        0.12606479938055914     
   220.000000000000000000000000000000000        0.13151792277160454     
   221.000000000000000000000000000000000        0.13700488614965034     
   222.000000000000000000000000000000000        0.14251875606003120     
   223.000000000000000000000000000000000        0.14805288575417119     
   224.000000000000000000000000000000000        0.15360044564803588     
   225.000000000000000000000000000000000        0.15915497344739976     
   226.000000000000000000000000000000000        0.16470939614482319     
   227.000000000000000000000000000000000        0.17025706097128165     
   228.000000000000000000000000000000000        0.17579131166150933     
   229.000000000000000000000000000000000        0.18130506006812125     
   230.000000000000000000000000000000000        0.18679222305282439     
   231.000000000000000000000000000000000        0.19224514599411255     
   232.000000000000000000000000000000000        0.19765824653243702     
   233.000000000000000000000000000000000        0.20302401974704540     
   234.000000000000000000000000000000000        0.20833681083306807     
   235.000000000000000000000000000000000        0.21358916773496422     
   236.000000000000000000000000000000000        0.21877572492351649     
   237.000000000000000000000000000000000        0.22388911761565664     
   238.000000000000000000000000000000000        0.22892412509323865     
   239.000000000000000000000000000000000        0.23387368906604775     
   240.000000000000000000000000000000000        0.23873260682972255     
   241.000000000000000000000000000000000        0.24349423825494360     
   242.000000000000000000000000000000000        0.24815334075595796     
   243.000000000000000000000000000000000        0.25270389483108252     
   244.000000000000000000000000000000000        0.25714071528554638     
   245.000000000000000000000000000000000        0.26145779027090665     
   246.000000000000000000000000000000000        0.26565047780126544     
   247.000000000000000000000000000000000        0.26971327647357096     
   248.000000000000000000000000000000000        0.27364125139052609     
   249.000000000000000000000000000000000        0.27743013353764612     
   250.000000000000000000000000000000000        0.28107462803410010     
   251.000000000000000000000000000000000        0.28457076570916617     
   252.000000000000000000000000000000000        0.28791380251241400     
   253.000000000000000000000000000000000        0.29110038454417081     
   254.000000000000000000000000000000000        0.29412590012117301     
   255.000000000000000000000000000000000        0.29698717839417105     
   256.000000000000000000000000000000000        0.29968026295332040     
   257.000000000000000000000000000000000        0.30220246738957851     
   258.000000000000000000000000000000000        0.30455038659370171     
   259.000000000000000000000000000000000        0.30672084316540782     
   260.000000000000000000000000000000000        0.30871128832467587     
   261.000000000000000000000000000000000        0.31052029264786246     
   262.000000000000000000000000000000000        0.31214396566815689     
   263.000000000000000000000000000000000        0.31358230529974357     
   264.000000000000000000000000000000000        0.31483172823419625     
   265.000000000000000000000000000000000        0.31589196330250979     
   266.000000000000000000000000000000000        0.31676087181262852     
   267.000000000000000000000000000000000        0.31743801423401802     
   268.000000000000000000000000000000000        0.31792193980112571     
   269.000000000000000000000000000000000        0.31821292588898192     
   270.000000000000000000000000000000000        0.31830974566106879     
   271.000000000000000000000000000000000        0.31821292297545978     
   272.000000000000000000000000000000000        0.31792192939957065     
   273.000000000000000000000000000000000        0.31743800550774154     
   274.000000000000000000000000000000000        0.31676113040142539     
   275.000000000000000000000000000000000        0.31589194880608784     
   276.000000000000000000000000000000000        0.31483219987593786     
   277.000000000000000000000000000000000        0.31358228510351571     
   278.000000000000000000000000000000000        0.31214461857230852     
   279.000000000000000000000000000000000        0.31052026685027656     
   280.000000000000000000000000000000000        0.30871189370587165     
   281.000000000000000000000000000000000        0.30672081189232564     
   282.000000000000000000000000000000000        0.30455058459694540     
   283.000000000000000000000000000000000        0.30220243079320264     
   284.000000000000000000000000000000000        0.29968058436890782     
   285.000000000000000000000000000000000        0.29698713665281690     
   286.000000000000000000000000000000000        0.29412610155363261     
   287.000000000000000000000000000000000        0.29110033786123957     
   288.000000000000000000000000000000000        0.28791419323280137     
   289.000000000000000000000000000000000        0.28457071431204167     
   290.000000000000000000000000000000000        0.28107459338757007     
   291.000000000000000000000000000000000        0.27743007767685007     
   292.000000000000000000000000000000000        0.27364149912881075     
   293.000000000000000000000000000000000        0.26971321642121060     
   294.000000000000000000000000000000000        0.26565066075574173     
   295.000000000000000000000000000000000        0.26145772631952119     
   296.000000000000000000000000000000000        0.25714052284982469     
   297.000000000000000000000000000000000        0.25270382729228408     
   298.000000000000000000000000000000000        0.24815348797493259     
   299.000000000000000000000000000000000        0.24349416745777419     
   300.000000000000000000000000000000000        0.23873278337787793     
   301.000000000000000000000000000000000        0.23387361535524512     
   302.000000000000000000000000000000000        0.22892407144428914     
   303.000000000000000000000000000000000        0.22388904135049059     
   304.000000000000000000000000000000000        0.21877580480757916     
   305.000000000000000000000000000000000        0.21358908928687106     
   306.000000000000000000000000000000000        0.20833668281513640     
   307.000000000000000000000000000000000        0.20302393949853634     
   308.000000000000000000000000000000000        0.19765784855487920     
   309.000000000000000000000000000000000        0.19224506433567840     
   310.000000000000000000000000000000000        0.18679182505241676     
   311.000000000000000000000000000000000        0.18130497739798607     
   312.000000000000000000000000000000000        0.17579117983729478     
   313.000000000000000000000000000000000        0.17025697769198569     
   314.000000000000000000000000000000000        0.16470927675156496     
   315.000000000000000000000000000000000        0.15915488996487323     
   316.000000000000000000000000000000000        0.15360007933992131     
   317.000000000000000000000000000000000        0.14805280247489741     
   318.000000000000000000000000000000000        0.14251854634079064     
   319.000000000000000000000000000000000        0.13700480347954841     
   320.000000000000000000000000000000000        0.13151756223724612     
   321.000000000000000000000000000000000        0.12606471772225081     
   322.000000000000000000000000000000000        0.12065174646781811     
   323.000000000000000000000000000000000        0.11528584420415165     
   324.000000000000000000000000000000000        0.10997320549903215     
   325.000000000000000000000000000000000        0.10472069651642733     
   326.000000000000000000000000000000000         9.9534392266699842E-002
   327.000000000000000000000000000000000         9.4420746999539604E-002
   328.000000000000000000000000000000000         8.9385835043940931E-002
   329.000000000000000000000000000000000         8.4436175974825001E-002
   330.000000000000000000000000000000000         7.9577396477231749E-002
   331.000000000000000000000000000000000         7.4815627271544810E-002
   332.000000000000000000000000000000000         7.0156834121892775E-002
   333.000000000000000000000000000000000         6.5605971238409153E-002
   334.000000000000000000000000000000000         6.1169322547954458E-002
   335.000000000000000000000000000000000         5.6852076396501978E-002
   336.000000000000000000000000000000000         5.2659362477050699E-002
   337.000000000000000000000000000000000         4.8596590843725224E-002
   338.000000000000000000000000000000000         4.4668372659077610E-002
   339.000000000000000000000000000000000         4.0879734478293878E-002
   340.000000000000000000000000000000000         3.7235122157541094E-002
   341.000000000000000000000000000000000         3.3739103050659663E-002
   342.000000000000000000000000000000000         3.0395824316696424E-002
   343.000000000000000000000000000000000         2.7209485001432832E-002
   344.000000000000000000000000000000000         2.4183633062638241E-002
   345.000000000000000000000000000000000         2.1322691975041202E-002
   346.000000000000000000000000000000000         1.8629420805145853E-002
   347.000000000000000000000000000000000         1.6107403837050258E-002
   348.000000000000000000000000000000000         1.3759637608318710E-002
   349.000000000000000000000000000000000         1.1589028948399312E-002
   350.000000000000000000000000000000000         9.5981981334390624E-003
   351.000000000000000000000000000000000         7.7895803786063051E-003
   352.000000000000000000000000000000000         6.1654540113198755E-003
   353.000000000000000000000000000000000         4.7275686602052660E-003
   354.000000000000000000000000000000000         3.4779045637845750E-003
   355.000000000000000000000000000000000         2.4179116073324396E-003
   356.000000000000000000000000000000000         1.5488755990322102E-003
   357.000000000000000000000000000000000         8.7186163760106670E-004
   358.000000000000000000000000000000000         3.8769056339106513E-004
   359.000000000000000000000000000000000         9.6950951482340113E-005
   360.000000000000000000000000000000000         2.9705203828987610E-013
