   1.00000000000000000000000000000000000         9.6952893806782198E-005
   2.00000000000000000000000000000000000         3.8769345305306944E-004
   3.00000000000000000000000000000000000         8.7186745513031366E-004
   4.00000000000000000000000000000000000         1.5488808358620940E-003
   5.00000000000000000000000000000000000         2.4179212717234267E-003
   6.00000000000000000000000000000000000         3.4779173654349055E-003
   7.00000000000000000000000000000000000         4.7275821243764676E-003
   8.00000000000000000000000000000000000         6.1654138464559260E-003
   9.00000000000000000000000000000000000         7.7895975769607531E-003
   10.0000000000000000000000000000000000         9.5982173979280820E-003
   11.0000000000000000000000000000000000         1.1589049797141563E-002
   12.0000000000000000000000000000000000         1.3759637152450844E-002
   13.0000000000000000000000000000000000         1.6107428234616566E-002
   14.0000000000000000000000000000000000         1.8629469270669115E-002
   15.0000000000000000000000000000000000         2.1322719802568883E-002
   16.0000000000000000000000000000000000         2.4183855176809810E-002
   17.0000000000000000000000000000000000         2.7209516123326432E-002
   18.0000000000000000000000000000000000         3.0395882467391840E-002
   19.0000000000000000000000000000000000         3.3739137315353517E-002
   20.0000000000000000000000000000000000         3.7235237560208086E-002
   21.0000000000000000000000000000000000         4.0879771718788857E-002
   22.0000000000000000000000000000000000         4.4668461301222789E-002
   23.0000000000000000000000000000000000         4.8596630878641814E-002
   24.0000000000000000000000000000000000         5.2659473668612143E-002
   25.0000000000000000000000000000000000         5.6852119030713202E-002
   26.0000000000000000000000000000000000         6.1169393386711603E-002
   27.0000000000000000000000000000000000         6.5606016264324829E-002
   28.0000000000000000000000000000000000         7.0156622643138544E-002
   29.0000000000000000000000000000000000         7.4815674469703747E-002
   30.0000000000000000000000000000000000         7.9577496437170034E-002
   31.0000000000000000000000000000000000         8.4436225115325600E-002
   32.0000000000000000000000000000000000         8.9385888950103257E-002
   33.0000000000000000000000000000000000         9.4420797842928131E-002
   34.0000000000000000000000000000000000         9.9534455577106745E-002
   35.0000000000000000000000000000000000        0.10472074881508561     
   36.0000000000000000000000000000000000        0.10997351508535662     
   37.0000000000000000000000000000000000        0.11528589770323165     
   38.0000000000000000000000000000000000        0.12065188314898345     
   39.0000000000000000000000000000000000        0.12606477216112127     
   40.0000000000000000000000000000000000        0.13151790433158447     
   41.0000000000000000000000000000000000        0.13700485859297926     
   42.0000000000000000000000000000000000        0.14251868249285249     
   43.0000000000000000000000000000000000        0.14805285799439899     
   44.0000000000000000000000000000000000        0.15360060689918942     
   45.0000000000000000000000000000000000        0.15915494561988822     
   46.0000000000000000000000000000000000        0.16470939459248560     
   47.0000000000000000000000000000000000        0.17025703321148361     
   48.0000000000000000000000000000000000        0.17579112036892466     
   49.0000000000000000000000000000000000        0.18130503251141453     
   50.0000000000000000000000000000000000        0.18679194154337903     
   51.0000000000000000000000000000000000        0.19224511877459796     
   52.0000000000000000000000000000000000        0.19765811584887977     
   53.0000000000000000000000000000000000        0.20302399299754031     
   54.0000000000000000000000000000000000        0.20833646400503128     
   55.0000000000000000000000000000000000        0.21358914158559117     
   56.0000000000000000000000000000000000        0.21877548756037071     
   57.0000000000000000000000000000000000        0.22388909219393821     
   58.0000000000000000000000000000000000        0.22892389595377463     
   59.0000000000000000000000000000000000        0.23387366449578870     
   60.0000000000000000000000000000000000        0.23873225751953378     
   61.0000000000000000000000000000000000        0.24349421465587071     
   62.0000000000000000000000000000000000        0.24815323441658202     
   63.0000000000000000000000000000000000        0.25270387231814656     
   64.0000000000000000000000000000000000        0.25714049410635004     
   65.0000000000000000000000000000000000        0.26145776895386663     
   66.0000000000000000000000000000000000        0.26565035273109128     
   67.0000000000000000000000000000000000        0.26971325645609984     
   68.0000000000000000000000000000000000        0.27364147869762473     
   69.0000000000000000000000000000000000        0.27743011491736014     
   70.0000000000000000000000000000000000        0.28107479875187363     
   71.0000000000000000000000000000000000        0.28457074857680892     
   72.0000000000000000000000000000000000        0.28791396511100537     
   73.0000000000000000000000000000000000        0.29110036898315811     
   74.0000000000000000000000000000000000        0.29412588336757339     
   75.0000000000000000000000000000000000        0.29698716448035151     
   76.0000000000000000000000000000000000        0.29968032570028802     
   77.0000000000000000000000000000000000        0.30220245519078853     
   78.0000000000000000000000000000000000        0.30455013698718914     
   79.0000000000000000000000000000000000        0.30672083274106993     
   80.0000000000000000000000000000000000        0.30871181854929031     
   81.0000000000000000000000000000000000        0.31052028404865262     
   82.0000000000000000000000000000000000        0.31214450454792558     
   83.0000000000000000000000000000000000        0.31358229856770325     
   84.0000000000000000000000000000000000        0.31483180702961588     
   85.0000000000000000000000000000000000        0.31589195847038209     
   86.0000000000000000000000000000000000        0.31676105359781026     
   87.0000000000000000000000000000000000        0.31743801132527905     
   88.0000000000000000000000000000000000        0.31792218370876579     
   89.0000000000000000000000000000000000        0.31821292491780895     
   90.0000000000000000000000000000000000        0.31830982078639597     
   91.0000000000000000000000000000000000        0.31821292394662398     
   92.0000000000000000000000000000000000        0.31792218992917765     
   93.0000000000000000000000000000000000        0.31743800841647651     
   94.0000000000000000000000000000000000        0.31676101439720833     
   95.0000000000000000000000000000000000        0.31589195363821132     
   96.0000000000000000000000000000000000        0.31483194641610807     
   97.0000000000000000000000000000000000        0.31358229183560427     
   98.0000000000000000000000000000000000        0.31214444532609387     
   99.0000000000000000000000000000000000        0.31052027544942379     
   100.000000000000000000000000000000000        0.30871152192680318     
   101.000000000000000000000000000000000        0.30672082231669173     
   102.000000000000000000000000000000000        0.30455025634855160     
   103.000000000000000000000000000000000        0.30220244299201471     
   104.000000000000000000000000000000000        0.29968034844600949     
   105.000000000000000000000000000000000        0.29698715056657526     
   106.000000000000000000000000000000000        0.29412588704034082     
   107.000000000000000000000000000000000        0.29110035342219215     
   108.000000000000000000000000000000000        0.28791400733014422     
   109.000000000000000000000000000000000        0.28457073144449596     
   110.000000000000000000000000000000000        0.28107473706677294     
   111.000000000000000000000000000000000        0.27743009629708792     
   112.000000000000000000000000000000000        0.27364151120081454     
   113.000000000000000000000000000000000        0.26971323643864353     
   114.000000000000000000000000000000000        0.26565040104125121     
   115.000000000000000000000000000000000        0.26145774763672452     
   116.000000000000000000000000000000000        0.25714039022515944     
   117.000000000000000000000000000000000        0.25270384980523264     
   118.000000000000000000000000000000000        0.24815316413975966     
   119.000000000000000000000000000000000        0.24349419105674330     
   120.000000000000000000000000000000000        0.23873248447312442     
   121.000000000000000000000000000000000        0.23387363992554927     
   122.000000000000000000000000000000000        0.22892392002399886     
   123.000000000000000000000000000000000        0.22388906677220383     
   124.000000000000000000000000000000000        0.21877532549406623     
   125.000000000000000000000000000000000        0.21358911543625969     
   126.000000000000000000000000000000000        0.20833652469706265     
   127.000000000000000000000000000000000        0.20302396624799832     
   128.000000000000000000000000000000000        0.19765794440251105     
   129.000000000000000000000000000000000        0.19224509155518743     
   130.000000000000000000000000000000000        0.18679182062061683     
   131.000000000000000000000000000000000        0.18130500495468543     
   132.000000000000000000000000000000000        0.17579109669023602     
   133.000000000000000000000000000000000        0.17025700545175104     
   134.000000000000000000000000000000000        0.16470928019767622     
   135.000000000000000000000000000000000        0.15915491779235175     
   136.000000000000000000000000000000000        0.15360047008207031     
   137.000000000000000000000000000000000        0.14805283023467478     
   138.000000000000000000000000000000000        0.14251856122753007     
   139.000000000000000000000000000000000        0.13700483103624594     
   140.000000000000000000000000000000000        0.13151792612381893     
   141.000000000000000000000000000000000        0.12606474494169501     
   142.000000000000000000000000000000000        0.12065173333219588     
   143.000000000000000000000000000000000        0.11528587095367830     
   144.000000000000000000000000000000000        0.10997329035698980     
   145.000000000000000000000000000000000        0.10472072266576257     
   146.000000000000000000000000000000000         9.9534531952030117E-002
   147.000000000000000000000000000000000         9.4420772421211940E-002
   148.000000000000000000000000000000000         8.9385988650769091E-002
   149.000000000000000000000000000000000         8.4436200545081150E-002
   150.000000000000000000000000000000000         7.9577435351725137E-002
   151.000000000000000000000000000000000         7.4815650870609790E-002
   152.000000000000000000000000000000000         7.0156603841110360E-002
   153.000000000000000000000000000000000         6.5605993751385122E-002
   154.000000000000000000000000000000000         6.1169371639385552E-002
   155.000000000000000000000000000000000         5.6852097713589803E-002
   156.000000000000000000000000000000000         5.2659496754353601E-002
   157.000000000000000000000000000000000         4.8596610861204696E-002
   158.000000000000000000000000000000000         4.4668422594811540E-002
   159.000000000000000000000000000000000         4.0879753098529668E-002
   160.000000000000000000000000000000000         3.7235153853196624E-002
   161.000000000000000000000000000000000         3.3739120183014122E-002
   162.000000000000000000000000000000000         3.0395903163019974E-002
   163.000000000000000000000000000000000         2.7209500562367903E-002
   164.000000000000000000000000000000000         2.4183881399792787E-002
   165.000000000000000000000000000000000         2.1322705888801075E-002
   166.000000000000000000000000000000000         1.8629476170167285E-002
   167.000000000000000000000000000000000         1.6107416035820998E-002
   168.000000000000000000000000000000000         1.3759656212413507E-002
   169.000000000000000000000000000000000         1.1589039372766235E-002
   170.000000000000000000000000000000000         9.5981774764543702E-003
   171.000000000000000000000000000000000         7.7895889777789403E-003
   172.000000000000000000000000000000000         6.1653833273958838E-003
   173.000000000000000000000000000000000         4.7275753922899977E-003
   174.000000000000000000000000000000000         3.4778954836413496E-003
   175.000000000000000000000000000000000         2.4179164395247543E-003
   176.000000000000000000000000000000000         1.5488855011517185E-003
   177.000000000000000000000000000000000         8.7186454636506091E-004
   178.000000000000000000000000000000000         3.8769083197533221E-004
   179.000000000000000000000000000000000         9.6951922642064556E-005
   180.000000000000000000000000000000000         2.4199338329780276E-015
   181.000000000000000000000000000000000         9.6953864975648065E-005
   182.000000000000000000000000000000000         3.8769563673716806E-004
   183.000000000000000000000000000000000         8.7187036390307853E-004
   184.000000000000000000000000000000000         1.5488891283431860E-003
   185.000000000000000000000000000000000         2.4179261039251744E-003
   186.000000000000000000000000000000000         3.4779232433819357E-003
   187.000000000000000000000000000000000         4.7275888564711956E-003
   188.000000000000000000000000000000000         6.1653988701256199E-003
   189.000000000000000000000000000000000         7.7896061761422953E-003
   190.000000000000000000000000000000000         9.5982394566172819E-003
   191.000000000000000000000000000000000         1.1589060221529815E-002
   192.000000000000000000000000000000000         1.3759679538396874E-002
   193.000000000000000000000000000000000         1.6107440433402516E-002
   194.000000000000000000000000000000000         1.8629491676117018E-002
   195.000000000000000000000000000000000         2.1322733716337906E-002
   196.000000000000000000000000000000000         2.4183908356268439E-002
   197.000000000000000000000000000000000         2.7209531684292333E-002
   198.000000000000000000000000000000000         3.0395897522222642E-002
   199.000000000000000000000000000000000         3.3739154447695208E-002
   200.000000000000000000000000000000000         3.7235206823359186E-002
   201.000000000000000000000000000000000         4.0879790339030456E-002
   202.000000000000000000000000000000000         4.4668431689728595E-002
   203.000000000000000000000000000000000         4.8596650896103682E-002
   204.000000000000000000000000000000000         5.2659535322257325E-002
   205.000000000000000000000000000000000         5.6852140347850633E-002
   206.000000000000000000000000000000000         6.1169425801372933E-002
   207.000000000000000000000000000000000         6.5606038777273556E-002
   208.000000000000000000000000000000000         7.0156655974357399E-002
   209.000000000000000000000000000000000         7.4815698068793707E-002
   210.000000000000000000000000000000000         7.9577472500739932E-002
   211.000000000000000000000000000000000         8.4436249685606424E-002
   212.000000000000000000000000000000000         8.9386033135596815E-002
   213.000000000000000000000000000000000         9.4420823264649553E-002
   214.000000000000000000000000000000000         9.9534459412784326E-002
   215.000000000000000000000000000000000        0.10472077496443356     
   216.000000000000000000000000000000000        0.10997333126421063     
   217.000000000000000000000000000000000        0.11528592445277187     
   218.000000000000000000000000000000000        0.12065191039718119     
   219.000000000000000000000000000000000        0.12606479938056270     
   220.000000000000000000000000000000000        0.13151798328403211     
   221.000000000000000000000000000000000        0.13700488614968173     
   222.000000000000000000000000000000000        0.14251875288493598     
   223.000000000000000000000000000000000        0.14805288575415942     
   224.000000000000000000000000000000000        0.15360051767585556     
   225.000000000000000000000000000000000        0.15915497344741730     
   226.000000000000000000000000000000000        0.16470939951271940     
   227.000000000000000000000000000000000        0.17025706097124116     
   228.000000000000000000000000000000000        0.17579122785218043     
   229.000000000000000000000000000000000        0.18130506006811686     
   230.000000000000000000000000000000000        0.18679201902065679     
   231.000000000000000000000000000000000        0.19224514599405770     
   232.000000000000000000000000000000000        0.19765809682204874     
   233.000000000000000000000000000000000        0.20302401974707729     
   234.000000000000000000000000000000000        0.20833662641263670     
   235.000000000000000000000000000000000        0.21358916773492839     
   236.000000000000000000000000000000000        0.21877553615767126     
   237.000000000000000000000000000000000        0.22388911761565800     
   238.000000000000000000000000000000000        0.22892396693745581     
   239.000000000000000000000000000000000        0.23387368906605288     
   240.000000000000000000000000000000000        0.23873248719598039     
   241.000000000000000000000000000000000        0.24349423825494163     
   242.000000000000000000000000000000000        0.24815329854119400     
   243.000000000000000000000000000000000        0.25270389483110295     
   244.000000000000000000000000000000000        0.25714058427565628     
   245.000000000000000000000000000000000        0.26145779027096205     
   246.000000000000000000000000000000000        0.26565042737711075     
   247.000000000000000000000000000000000        0.26971327647354981     
   248.000000000000000000000000000000000        0.27364139183874542     
   249.000000000000000000000000000000000        0.27743013353761758     
   250.000000000000000000000000000000000        0.28107469393560264     
   251.000000000000000000000000000000000        0.28457076570916617     
   252.000000000000000000000000000000000        0.28791395262043257     
   253.000000000000000000000000000000000        0.29110038454413428     
   254.000000000000000000000000000000000        0.29412597337687263     
   255.000000000000000000000000000000000        0.29698717839411198     
   256.000000000000000000000000000000000        0.29968038084409665     
   257.000000000000000000000000000000000        0.30220246738957851     
   258.000000000000000000000000000000000        0.30455027146116836     
   259.000000000000000000000000000000000        0.30672084316542281     
   260.000000000000000000000000000000000        0.30871156498419289     
   261.000000000000000000000000000000000        0.31052029264783226     
   262.000000000000000000000000000000000        0.31214434631928012     
   263.000000000000000000000000000000000        0.31358230529975872     
   264.000000000000000000000000000000000        0.31483190069382344     
   265.000000000000000000000000000000000        0.31589196330256308     
   266.000000000000000000000000000000000        0.31676096246154883     
   267.000000000000000000000000000000000        0.31743801423402562     
   268.000000000000000000000000000000000        0.31792211704813722     
   269.000000000000000000000000000000000        0.31821292588895900     
   270.000000000000000000000000000000000        0.31830984015002090     
   271.000000000000000000000000000000000        0.31821292297545212     
   272.000000000000000000000000000000000        0.31792210993204384     
   273.000000000000000000000000000000000        0.31743800550772627     
   274.000000000000000000000000000000000        0.31676102713684928     
   275.000000000000000000000000000000000        0.31589194880601168     
   276.000000000000000000000000000000000        0.31483202140704880     
   277.000000000000000000000000000000000        0.31358228510350056     
   278.000000000000000000000000000000000        0.31214451415500755     
   279.000000000000000000000000000000000        0.31052026685027656     
   280.000000000000000000000000000000000        0.30871171542458364     
   281.000000000000000000000000000000000        0.30672081189230316     
   282.000000000000000000000000000000000        0.30455030299992741     
   283.000000000000000000000000000000000        0.30220243079321008     
   284.000000000000000000000000000000000        0.29968044347019862     
   285.000000000000000000000000000000000        0.29698713665279475     
   286.000000000000000000000000000000000        0.29412599850390081     
   287.000000000000000000000000000000000        0.29110033786123957     
   288.000000000000000000000000000000000        0.28791402772665214     
   289.000000000000000000000000000000000        0.28457071431211389     
   290.000000000000000000000000000000000        0.28107464564297557     
   291.000000000000000000000000000000000        0.27743007767684297     
   292.000000000000000000000000000000000        0.27364142017067411     
   293.000000000000000000000000000000000        0.26971321642118945     
   294.000000000000000000000000000000000        0.26565043451224352     
   295.000000000000000000000000000000000        0.26145772631957659     
   296.000000000000000000000000000000000        0.25714048273032369     
   297.000000000000000000000000000000000        0.25270382729227042     
   298.000000000000000000000000000000000        0.24815329044038184     
   299.000000000000000000000000000000000        0.24349416745770402     
   300.000000000000000000000000000000000        0.23873248516035309     
   301.000000000000000000000000000000000        0.23387361535527787     
   302.000000000000000000000000000000000        0.22892389794182391     
   303.000000000000000000000000000000000        0.22388904135050022     
   304.000000000000000000000000000000000        0.21877550316459243     
   305.000000000000000000000000000000000        0.21358908928691175     
   306.000000000000000000000000000000000        0.20833653328761265     
   307.000000000000000000000000000000000        0.20302393949848141     
   308.000000000000000000000000000000000        0.19765792632049184     
   309.000000000000000000000000000000000        0.19224506433571401     
   310.000000000000000000000000000000000        0.18679184764323117     
   311.000000000000000000000000000000000        0.18130497739796589     
   312.000000000000000000000000000000000        0.17579113104838245     
   313.000000000000000000000000000000000        0.17025697769198289     
   314.000000000000000000000000000000000        0.16470930592713279     
   315.000000000000000000000000000000000        0.15915488996483540     
   316.000000000000000000000000000000000        0.15360035437308861     
   317.000000000000000000000000000000000        0.14805280247490782     
   318.000000000000000000000000000000000        0.14251863408724094     
   319.000000000000000000000000000000000        0.13700480347954089     
   320.000000000000000000000000000000000        0.13151782248518698     
   321.000000000000000000000000000000000        0.12606471772225561     
   322.000000000000000000000000000000000        0.12065180347634065     
   323.000000000000000000000000000000000        0.11528584420415165     
   324.000000000000000000000000000000000        0.10997328066566756     
   325.000000000000000000000000000000000        0.10472069651643172     
   326.000000000000000000000000000000000         9.9534399636596577E-002
   327.000000000000000000000000000000000         9.4420746999508393E-002
   328.000000000000000000000000000000000         8.9385924795899047E-002
   329.000000000000000000000000000000000         8.4436175974828928E-002
   330.000000000000000000000000000000000         7.9577417053701277E-002
   331.000000000000000000000000000000000         7.4815627271533694E-002
   332.000000000000000000000000000000000         7.0156654521325509E-002
   333.000000000000000000000000000000000         6.5605971238423030E-002
   334.000000000000000000000000000000000         6.1169330501685520E-002
   335.000000000000000000000000000000000         5.6852076396476145E-002
   336.000000000000000000000000000000000         5.2659432067936350E-002
   337.000000000000000000000000000000000         4.8596590843740156E-002
   338.000000000000000000000000000000000         4.4668407037635041E-002
   339.000000000000000000000000000000000         4.0879734478284295E-002
   340.000000000000000000000000000000000         3.7235141075298891E-002
   341.000000000000000000000000000000000         3.3739103050672722E-002
   342.000000000000000000000000000000000         3.0395848107896788E-002
   343.000000000000000000000000000000000         2.7209485001419984E-002
   344.000000000000000000000000000000000         2.4183801488125514E-002
   345.000000000000000000000000000000000         2.1322691975042191E-002
   346.000000000000000000000000000000000         1.8629437139790383E-002
   347.000000000000000000000000000000000         1.6107403837044669E-002
   348.000000000000000000000000000000000         1.3759643274378142E-002
   349.000000000000000000000000000000000         1.1589028948398035E-002
   350.000000000000000000000000000000000         9.5981985639660740E-003
   351.000000000000000000000000000000000         7.7895803786049598E-003
   352.000000000000000000000000000000000         6.1653990365081795E-003
   353.000000000000000000000000000000000         4.7275686602056156E-003
   354.000000000000000000000000000000000         3.4779055129384585E-003
   355.000000000000000000000000000000000         2.4179116073314824E-003
   356.000000000000000000000000000000000         1.5488767930962638E-003
   357.000000000000000000000000000000000         8.7186163760186663E-004
   358.000000000000000000000000000000000         3.8768985103248394E-004
   359.000000000000000000000000000000000         9.6950951482192160E-005
   360.000000000000000000000000000000000         6.9049975047732755E-015
