   1.00000000000000000000000000000000000         9.6952893806386505E-005
   2.00000000000000000000000000000000000         3.8769345305225190E-004
   3.00000000000000000000000000000000000         8.7186745513138074E-004
   4.00000000000000000000000000000000000         1.5488846608452001E-003
   5.00000000000000000000000000000000000         2.4179212717230832E-003
   6.00000000000000000000000000000000000         3.4779174500170480E-003
   7.00000000000000000000000000000000000         4.7275821243764234E-003
   8.00000000000000000000000000000000000         6.1653945059725636E-003
   9.00000000000000000000000000000000000         7.7895975769579533E-003
   10.0000000000000000000000000000000000         9.5982177376187101E-003
   11.0000000000000000000000000000000000         1.1589049797144519E-002
   12.0000000000000000000000000000000000         1.3759665558248584E-002
   13.0000000000000000000000000000000000         1.6107428234611150E-002
   14.0000000000000000000000000000000000         1.8629469659640845E-002
   15.0000000000000000000000000000000000         2.1322719802569223E-002
   16.0000000000000000000000000000000000         2.4183893740908648E-002
   17.0000000000000000000000000000000000         2.7209516123327046E-002
   18.0000000000000000000000000000000000         3.0395889538743014E-002
   19.0000000000000000000000000000000000         3.3739137315352830E-002
   20.0000000000000000000000000000000000         3.7235188731689121E-002
   21.0000000000000000000000000000000000         4.0879771718784430E-002
   22.0000000000000000000000000000000000         4.4668459397909886E-002
   23.0000000000000000000000000000000000         4.8596630878645838E-002
   24.0000000000000000000000000000000000         5.2659498546145989E-002
   25.0000000000000000000000000000000000         5.6852119030716415E-002
   26.0000000000000000000000000000000000         6.1169378812718396E-002
   27.0000000000000000000000000000000000         6.5606016264320458E-002
   28.0000000000000000000000000000000000         7.0156629386019548E-002
   29.0000000000000000000000000000000000         7.4815674469700402E-002
   30.0000000000000000000000000000000000         7.9577475272153753E-002
   31.0000000000000000000000000000000000         8.4436225115334829E-002
   32.0000000000000000000000000000000000         8.9386000032220414E-002
   33.0000000000000000000000000000000000         9.4420797842928131E-002
   34.0000000000000000000000000000000000         9.9534454258573102E-002
   35.0000000000000000000000000000000000        0.10472074881508799     
   36.0000000000000000000000000000000000        0.10997337583010972     
   37.0000000000000000000000000000000000        0.11528589770323498     
   38.0000000000000000000000000000000000        0.12065188017789906     
   39.0000000000000000000000000000000000        0.12606477216112735     
   40.0000000000000000000000000000000000        0.13151797340777718     
   41.0000000000000000000000000000000000        0.13700485859297473     
   42.0000000000000000000000000000000000        0.14251872050497760     
   43.0000000000000000000000000000000000        0.14805285799440648     
   44.0000000000000000000000000000000000        0.15360052559534895     
   45.0000000000000000000000000000000000        0.15915494561988919     
   46.0000000000000000000000000000000000        0.16470937482431705     
   47.0000000000000000000000000000000000        0.17025703321147856     
   48.0000000000000000000000000000000000        0.17579116330009772     
   49.0000000000000000000000000000000000        0.18130503251139790     
   50.0000000000000000000000000000000000        0.18679191385783295     
   51.0000000000000000000000000000000000        0.19224511877460115     
   52.0000000000000000000000000000000000        0.19765801966286198     
   53.0000000000000000000000000000000000        0.20302399299754692     
   54.0000000000000000000000000000000000        0.20833652210630935     
   55.0000000000000000000000000000000000        0.21358914158558778     
   56.0000000000000000000000000000000000        0.21877544037729543     
   57.0000000000000000000000000000000000        0.22388909219394168     
   58.0000000000000000000000000000000000        0.22892388105542008     
   59.0000000000000000000000000000000000        0.23387366449580169     
   60.0000000000000000000000000000000000        0.23873240281861596     
   61.0000000000000000000000000000000000        0.24349421465585624     
   62.0000000000000000000000000000000000        0.24815325682491687     
   63.0000000000000000000000000000000000        0.25270387231816377     
   64.0000000000000000000000000000000000        0.25714050941106187     
   65.0000000000000000000000000000000000        0.26145776895385914     
   66.0000000000000000000000000000000000        0.26565038401428792     
   67.0000000000000000000000000000000000        0.26971325645609223     
   68.0000000000000000000000000000000000        0.27364143201070940     
   69.0000000000000000000000000000000000        0.27743011491735498     
   70.0000000000000000000000000000000000        0.28107471004145645     
   71.0000000000000000000000000000000000        0.28457074857682713     
   72.0000000000000000000000000000000000        0.28791399280508173     
   73.0000000000000000000000000000000000        0.29110036898316338     
   74.0000000000000000000000000000000000        0.29412597877870678     
   75.0000000000000000000000000000000000        0.29698716448032753     
   76.0000000000000000000000000000000000        0.29968040679122332     
   77.0000000000000000000000000000000000        0.30220245519079392     
   78.0000000000000000000000000000000000        0.30455020835653218     
   79.0000000000000000000000000000000000        0.30672083274105638     
   80.0000000000000000000000000000000000        0.30871167716904757     
   81.0000000000000000000000000000000000        0.31052028404864446     
   82.0000000000000000000000000000000000        0.31214448975795905     
   83.0000000000000000000000000000000000        0.31358229856768138     
   84.0000000000000000000000000000000000        0.31483194978351092     
   85.0000000000000000000000000000000000        0.31589195847038759     
   86.0000000000000000000000000000000000        0.31676099919919065     
   87.0000000000000000000000000000000000        0.31743801132526528     
   88.0000000000000000000000000000000000        0.31792218474896994     
   89.0000000000000000000000000000000000        0.31821292491778969     
   90.0000000000000000000000000000000000        0.31830987261437599     
   91.0000000000000000000000000000000000        0.31821292394662121     
   92.0000000000000000000000000000000000        0.31792218348794943     
   93.0000000000000000000000000000000000        0.31743800841649300     
   94.0000000000000000000000000000000000        0.31676099238236666     
   95.0000000000000000000000000000000000        0.31589195363818934     
   96.0000000000000000000000000000000000        0.31483195609552272     
   97.0000000000000000000000000000000000        0.31358229183559055     
   98.0000000000000000000000000000000000        0.31214447779169047     
   99.0000000000000000000000000000000000        0.31052027544945920     
   100.000000000000000000000000000000000        0.30871164372606130     
   101.000000000000000000000000000000000        0.30672082231667819     
   102.000000000000000000000000000000000        0.30455020792804083     
   103.000000000000000000000000000000000        0.30220244299200666     
   104.000000000000000000000000000000000        0.29968039671115049     
   105.000000000000000000000000000000000        0.29698715056655928     
   106.000000000000000000000000000000000        0.29412596556728632     
   107.000000000000000000000000000000000        0.29110035342220270     
   108.000000000000000000000000000000000        0.28791398132977980     
   109.000000000000000000000000000000000        0.28457073144448813     
   110.000000000000000000000000000000000        0.28107468850443673     
   111.000000000000000000000000000000000        0.27743009629709825     
   112.000000000000000000000000000000000        0.27364141699956368     
   113.000000000000000000000000000000000        0.26971323643863848     
   114.000000000000000000000000000000000        0.26565036908356998     
   115.000000000000000000000000000000000        0.26145774763672952     
   116.000000000000000000000000000000000        0.25714048065326500     
   117.000000000000000000000000000000000        0.25270384980521793     
   118.000000000000000000000000000000000        0.24815322982094867     
   119.000000000000000000000000000000000        0.24349419105676498     
   120.000000000000000000000000000000000        0.23873239964034373     
   121.000000000000000000000000000000000        0.23387363992554808     
   122.000000000000000000000000000000000        0.22892386013431773     
   123.000000000000000000000000000000000        0.22388906677222231     
   124.000000000000000000000000000000000        0.21877540322063213     
   125.000000000000000000000000000000000        0.21358911543625855     
   126.000000000000000000000000000000000        0.20833650290388389     
   127.000000000000000000000000000000000        0.20302396624800384     
   128.000000000000000000000000000000000        0.19765798062480572     
   129.000000000000000000000000000000000        0.19224509155516709     
   130.000000000000000000000000000000000        0.18679187865989499     
   131.000000000000000000000000000000000        0.18130500495467813     
   132.000000000000000000000000000000000        0.17579113595803902     
   133.000000000000000000000000000000000        0.17025700545173189     
   134.000000000000000000000000000000000        0.16470933979838173     
   135.000000000000000000000000000000000        0.15915491779235466     
   136.000000000000000000000000000000000        0.15360048870088927     
   137.000000000000000000000000000000000        0.14805283023466068     
   138.000000000000000000000000000000000        0.14251868503069742     
   139.000000000000000000000000000000000        0.13700483103625499     
   140.000000000000000000000000000000000        0.13151795010275702     
   141.000000000000000000000000000000000        0.12606474494169242     
   142.000000000000000000000000000000000        0.12065184294230528     
   143.000000000000000000000000000000000        0.11528587095369157     
   144.000000000000000000000000000000000        0.10997333284265511     
   145.000000000000000000000000000000000        0.10472072266576020     
   146.000000000000000000000000000000000         9.9534436972011295E-002
   147.000000000000000000000000000000000         9.4420772421211191E-002
   148.000000000000000000000000000000000         8.9385985413659330E-002
   149.000000000000000000000000000000000         8.4436200545081858E-002
   150.000000000000000000000000000000000         7.9577448090628444E-002
   151.000000000000000000000000000000000         7.4815650870613121E-002
   152.000000000000000000000000000000000         7.0156606671619146E-002
   153.000000000000000000000000000000000         6.5605993751373867E-002
   154.000000000000000000000000000000000         6.1169356899412226E-002
   155.000000000000000000000000000000000         5.6852097713589803E-002
   156.000000000000000000000000000000000         5.2659481513394862E-002
   157.000000000000000000000000000000000         4.8596610861195273E-002
   158.000000000000000000000000000000000         4.4668438452632832E-002
   159.000000000000000000000000000000000         4.0879753098530404E-002
   160.000000000000000000000000000000000         3.7235165359512760E-002
   161.000000000000000000000000000000000         3.3739120183013449E-002
   162.000000000000000000000000000000000         3.0395876269816515E-002
   163.000000000000000000000000000000000         2.7209500562368909E-002
   164.000000000000000000000000000000000         2.4183882408675843E-002
   165.000000000000000000000000000000000         2.1322705888803570E-002
   166.000000000000000000000000000000000         1.8629458259050581E-002
   167.000000000000000000000000000000000         1.6107416035824100E-002
   168.000000000000000000000000000000000         1.3759656771310476E-002
   169.000000000000000000000000000000000         1.1589039372768671E-002
   170.000000000000000000000000000000000         9.5982056863833584E-003
   171.000000000000000000000000000000000         7.7895889777787755E-003
   172.000000000000000000000000000000000         6.1653849316052212E-003
   173.000000000000000000000000000000000         4.7275753922888242E-003
   174.000000000000000000000000000000000         3.4779103230042690E-003
   175.000000000000000000000000000000000         2.4179164395246935E-003
   176.000000000000000000000000000000000         1.5488814995141948E-003
   177.000000000000000000000000000000000         8.7186454636446211E-004
   178.000000000000000000000000000000000         3.8769145524314430E-004
   179.000000000000000000000000000000000         9.6951922641832876E-005
   180.000000000000000000000000000000000         2.4316902391768337E-015
   181.000000000000000000000000000000000         9.6953864975745562E-005
   182.000000000000000000000000000000000         3.8769541441631319E-004
   183.000000000000000000000000000000000         8.7187036390335413E-004
   184.000000000000000000000000000000000         1.5488889019950418E-003
   185.000000000000000000000000000000000         2.4179261039261346E-003
   186.000000000000000000000000000000000         3.4779232433788747E-003
   187.000000000000000000000000000000000         4.7275888564690168E-003
   188.000000000000000000000000000000000         6.1654002890644058E-003
   189.000000000000000000000000000000000         7.7896061761413768E-003
   190.000000000000000000000000000000000         9.5982283002906989E-003
   191.000000000000000000000000000000000         1.1589060221525546E-002
   192.000000000000000000000000000000000         1.3759679465685818E-002
   193.000000000000000000000000000000000         1.6107440433401430E-002
   194.000000000000000000000000000000000         1.8629483502313415E-002
   195.000000000000000000000000000000000         2.1322733716338797E-002
   196.000000000000000000000000000000000         2.4183911690018146E-002
   197.000000000000000000000000000000000         2.7209531684289513E-002
   198.000000000000000000000000000000000         3.0395905786877519E-002
   199.000000000000000000000000000000000         3.3739154447695881E-002
   200.000000000000000000000000000000000         3.7235202566883369E-002
   201.000000000000000000000000000000000         4.0879790339040330E-002
   202.000000000000000000000000000000000         4.4668474650030314E-002
   203.000000000000000000000000000000000         4.8596650896101524E-002
   204.000000000000000000000000000000000         5.2659522640516002E-002
   205.000000000000000000000000000000000         5.6852140347847135E-002
   206.000000000000000000000000000000000         6.1169401614971780E-002
   207.000000000000000000000000000000000         6.5606038777270420E-002
   208.000000000000000000000000000000000         7.0156653311188338E-002
   209.000000000000000000000000000000000         7.4815698068789710E-002
   210.000000000000000000000000000000000         7.9577495368525070E-002
   211.000000000000000000000000000000000         8.4436249685592935E-002
   212.000000000000000000000000000000000         8.9386034974636389E-002
   213.000000000000000000000000000000000         9.4420823264647305E-002
   214.000000000000000000000000000000000         9.9534478229351159E-002
   215.000000000000000000000000000000000        0.10472077496441934     
   216.000000000000000000000000000000000        0.10997338477178001     
   217.000000000000000000000000000000000        0.11528592445277851     
   218.000000000000000000000000000000000        0.12065190719944251     
   219.000000000000000000000000000000000        0.12606479938056445     
   220.000000000000000000000000000000000        0.13151800510818973     
   221.000000000000000000000000000000000        0.13700488614969258     
   222.000000000000000000000000000000000        0.14251875173981968     
   223.000000000000000000000000000000000        0.14805288575415568     
   224.000000000000000000000000000000000        0.15360054365310616     
   225.000000000000000000000000000000000        0.15915497344742313     
   226.000000000000000000000000000000000        0.16470940072737050     
   227.000000000000000000000000000000000        0.17025706097122703     
   228.000000000000000000000000000000000        0.17579119762587000     
   229.000000000000000000000000000000000        0.18130506006811478     
   230.000000000000000000000000000000000        0.18679194543531222     
   231.000000000000000000000000000000000        0.19224514599403841     
   232.000000000000000000000000000000000        0.19765804282815214     
   233.000000000000000000000000000000000        0.20302401974708831     
   234.000000000000000000000000000000000        0.20833655990037001     
   235.000000000000000000000000000000000        0.21358916773491599     
   236.000000000000000000000000000000000        0.21877546807820608     
   237.000000000000000000000000000000000        0.22388911761565800     
   238.000000000000000000000000000000000        0.22892390989767866     
   239.000000000000000000000000000000000        0.23387368906605527     
   240.000000000000000000000000000000000        0.23873244404939220     
   241.000000000000000000000000000000000        0.24349423825494043     
   242.000000000000000000000000000000000        0.24815328331619804     
   243.000000000000000000000000000000000        0.25270389483111033     
   244.000000000000000000000000000000000        0.25714053702619827     
   245.000000000000000000000000000000000        0.26145779027098204     
   246.000000000000000000000000000000000        0.26565040919135124     
   247.000000000000000000000000000000000        0.26971327647354221     
   248.000000000000000000000000000000000        0.27364144249221040     
   249.000000000000000000000000000000000        0.27743013353760732     
   250.000000000000000000000000000000000        0.28107471770335957     
   251.000000000000000000000000000000000        0.28457076570916617     
   252.000000000000000000000000000000000        0.28791400675776035     
   253.000000000000000000000000000000000        0.29110038454412107     
   254.000000000000000000000000000000000        0.29412599979696324     
   255.000000000000000000000000000000000        0.29698717839409067     
   256.000000000000000000000000000000000        0.29968042336208722     
   257.000000000000000000000000000000000        0.30220246738957851     
   258.000000000000000000000000000000000        0.30455022993796499     
   259.000000000000000000000000000000000        0.30672084316542825     
   260.000000000000000000000000000000000        0.30871166476306555     
   261.000000000000000000000000000000000        0.31052029264782138     
   262.000000000000000000000000000000000        0.31214448360334873     
   263.000000000000000000000000000000000        0.31358230529976422     
   264.000000000000000000000000000000000        0.31483196289238913     
   265.000000000000000000000000000000000        0.31589196330258229     
   266.000000000000000000000000000000000        0.31676099515460521     
   267.000000000000000000000000000000000        0.31743801423402840     
   268.000000000000000000000000000000000        0.31792218097330099     
   269.000000000000000000000000000000000        0.31821292588895078     
   270.000000000000000000000000000000000        0.31830987422800705     
   271.000000000000000000000000000000000        0.31821292297544940     
   272.000000000000000000000000000000000        0.31792217504212872     
   273.000000000000000000000000000000000        0.31743800550772078     
   274.000000000000000000000000000000000        0.31676098989389156     
   275.000000000000000000000000000000000        0.31589194880598426     
   276.000000000000000000000000000000000        0.31483195704123235     
   277.000000000000000000000000000000000        0.31358228510349506     
   278.000000000000000000000000000000000        0.31214447649631311     
   279.000000000000000000000000000000000        0.31052026685027656     
   280.000000000000000000000000000000000        0.30871165112642684     
   281.000000000000000000000000000000000        0.30672081189229500     
   282.000000000000000000000000000000000        0.30455020144037909     
   283.000000000000000000000000000000000        0.30220243079321280     
   284.000000000000000000000000000000000        0.29968039265427887     
   285.000000000000000000000000000000000        0.29698713665278675     
   286.000000000000000000000000000000000        0.29412596133842822     
   287.000000000000000000000000000000000        0.29110033786123957     
   288.000000000000000000000000000000000        0.28791396803592145     
   289.000000000000000000000000000000000        0.28457071431213998     
   290.000000000000000000000000000000000        0.28107466448918855     
   291.000000000000000000000000000000000        0.27743007767684036     
   292.000000000000000000000000000000000        0.27364139169397184     
   293.000000000000000000000000000000000        0.26971321642118185     
   294.000000000000000000000000000000000        0.26565035291625139     
   295.000000000000000000000000000000000        0.26145772631959657     
   296.000000000000000000000000000000000        0.25714046826099624     
   297.000000000000000000000000000000000        0.25270382729226554     
   298.000000000000000000000000000000000        0.24815321919843200     
   299.000000000000000000000000000000000        0.24349416745767871     
   300.000000000000000000000000000000000        0.23873237760653740     
   301.000000000000000000000000000000000        0.23387361535528969     
   302.000000000000000000000000000000000        0.22892383536718044     
   303.000000000000000000000000000000000        0.22388904135050369     
   304.000000000000000000000000000000000        0.21877539437536953     
   305.000000000000000000000000000000000        0.21358908928692644     
   306.000000000000000000000000000000000        0.20833647935966643     
   307.000000000000000000000000000000000        0.20302393949846162     
   308.000000000000000000000000000000000        0.19765795436711001     
   309.000000000000000000000000000000000        0.19224506433572686     
   310.000000000000000000000000000000000        0.18679185579073834     
   311.000000000000000000000000000000000        0.18130497739795859     
   312.000000000000000000000000000000000        0.17579111345238294     
   313.000000000000000000000000000000000        0.17025697769198189     
   314.000000000000000000000000000000000        0.16470931644946937     
   315.000000000000000000000000000000000        0.15915488996482177     
   316.000000000000000000000000000000000        0.15360045356543889     
   317.000000000000000000000000000000000        0.14805280247491157     
   318.000000000000000000000000000000000        0.14251866573350833     
   319.000000000000000000000000000000000        0.13700480347953817     
   320.000000000000000000000000000000000        0.13151791634516327     
   321.000000000000000000000000000000000        0.12606471772225733     
   322.000000000000000000000000000000000        0.12065182403679471     
   323.000000000000000000000000000000000        0.11528584420415165     
   324.000000000000000000000000000000000        0.10997330777495219     
   325.000000000000000000000000000000000        0.10472069651643330     
   326.000000000000000000000000000000000         9.9534402294592192E-002
   327.000000000000000000000000000000000         9.4420746999497124E-002
   328.000000000000000000000000000000000         8.9385957165468766E-002
   329.000000000000000000000000000000000         8.4436175974830358E-002
   330.000000000000000000000000000000000         7.9577424474723726E-002
   331.000000000000000000000000000000000         7.4815627271529683E-002
   332.000000000000000000000000000000000         7.0156589747406836E-002
   333.000000000000000000000000000000000         6.5605971238428026E-002
   334.000000000000000000000000000000000         6.1169333370244390E-002
   335.000000000000000000000000000000000         5.6852076396466826E-002
   336.000000000000000000000000000000000         5.2659457166299835E-002
   337.000000000000000000000000000000000         4.8596590843745541E-002
   338.000000000000000000000000000000000         4.4668419436462048E-002
   339.000000000000000000000000000000000         4.0879734478280839E-002
   340.000000000000000000000000000000000         3.7235147898097967E-002
   341.000000000000000000000000000000000         3.3739103050677434E-002
   342.000000000000000000000000000000000         3.0395856688331991E-002
   343.000000000000000000000000000000000         2.7209485001415352E-002
   344.000000000000000000000000000000000         2.4183862231887777E-002
   345.000000000000000000000000000000000         2.1322691975042548E-002
   346.000000000000000000000000000000000         1.8629443030975412E-002
   347.000000000000000000000000000000000         1.6107403837042657E-002
   348.000000000000000000000000000000000         1.3759645317875272E-002
   349.000000000000000000000000000000000         1.1589028948397575E-002
   350.000000000000000000000000000000000         9.5981987192380828E-003
   351.000000000000000000000000000000000         7.7895803786044750E-003
   352.000000000000000000000000000000000         6.1653792095870494E-003
   353.000000000000000000000000000000000         4.7275686602057413E-003
   354.000000000000000000000000000000000         3.4779058552562845E-003
   355.000000000000000000000000000000000         2.4179116073311368E-003
   356.000000000000000000000000000000000         1.5488772237424355E-003
   357.000000000000000000000000000000000         8.7186163760215513E-004
   358.000000000000000000000000000000000         3.8768959411643490E-004
   359.000000000000000000000000000000000         9.6950951482138790E-005
   360.000000000000000000000000000000000         6.9723912662738931E-015
