   1.00000000000000000000000000000000000         9.6952893806368954E-005
   2.00000000000000000000000000000000000         3.8769345305221471E-004
   3.00000000000000000000000000000000000         8.7186745513142801E-004
   4.00000000000000000000000000000000000         1.5488848347081808E-003
   5.00000000000000000000000000000000000         2.4179212717230698E-003
   6.00000000000000000000000000000000000         3.4779174538616909E-003
   7.00000000000000000000000000000000000         4.7275821243764182E-003
   8.00000000000000000000000000000000000         6.1653936268604046E-003
   9.00000000000000000000000000000000000         7.7895975769578310E-003
   10.0000000000000000000000000000000000         9.5982177530591940E-003
   11.0000000000000000000000000000000000         1.1589049797144648E-002
   12.0000000000000000000000000000000000         1.3759666849421905E-002
   13.0000000000000000000000000000000000         1.6107428234610911E-002
   14.0000000000000000000000000000000000         1.8629469677321379E-002
   15.0000000000000000000000000000000000         2.1322719802569230E-002
   16.0000000000000000000000000000000000         2.4183895493822962E-002
   17.0000000000000000000000000000000000         2.7209516123327081E-002
   18.0000000000000000000000000000000000         3.0395889860168088E-002
   19.0000000000000000000000000000000000         3.3739137315352788E-002
   20.0000000000000000000000000000000000         3.7235186512211749E-002
   21.0000000000000000000000000000000000         4.0879771718784236E-002
   22.0000000000000000000000000000000000         4.4668459311395667E-002
   23.0000000000000000000000000000000000         4.8596630878646012E-002
   24.0000000000000000000000000000000000         5.2659499676943118E-002
   25.0000000000000000000000000000000000         5.6852119030716575E-002
   26.0000000000000000000000000000000000         6.1169378150264207E-002
   27.0000000000000000000000000000000000         6.5606016264320249E-002
   28.0000000000000000000000000000000000         7.0156629692514141E-002
   29.0000000000000000000000000000000000         7.4815674469700250E-002
   30.0000000000000000000000000000000000         7.9577474310107629E-002
   31.0000000000000000000000000000000000         8.4436225115335259E-002
   32.0000000000000000000000000000000000         8.9386005081409203E-002
   33.0000000000000000000000000000000000         9.4420797842928131E-002
   34.0000000000000000000000000000000000         9.9534454198639752E-002
   35.0000000000000000000000000000000000        0.10472074881508810     
   36.0000000000000000000000000000000000        0.10997336950032785     
   37.0000000000000000000000000000000000        0.11528589770323512     
   38.0000000000000000000000000000000000        0.12065188004284978     
   39.0000000000000000000000000000000000        0.12606477216112763     
   40.0000000000000000000000000000000000        0.13151797654760455     
   41.0000000000000000000000000000000000        0.13700485859297454     
   42.0000000000000000000000000000000000        0.14251872223280157     
   43.0000000000000000000000000000000000        0.14805285799440684     
   44.0000000000000000000000000000000000        0.15360052189972034     
   45.0000000000000000000000000000000000        0.15915494561988924     
   46.0000000000000000000000000000000000        0.16470937392576396     
   47.0000000000000000000000000000000000        0.17025703321147834     
   48.0000000000000000000000000000000000        0.17579116525151481     
   49.0000000000000000000000000000000000        0.18130503251139712     
   50.0000000000000000000000000000000000        0.18679191259939909     
   51.0000000000000000000000000000000000        0.19224511877460132     
   52.0000000000000000000000000000000000        0.19765801529077082     
   53.0000000000000000000000000000000000        0.20302399299754723     
   54.0000000000000000000000000000000000        0.20833652474727674     
   55.0000000000000000000000000000000000        0.21358914158558762     
   56.0000000000000000000000000000000000        0.21877543823261031     
   57.0000000000000000000000000000000000        0.22388909219394182     
   58.0000000000000000000000000000000000        0.22892388037822214     
   59.0000000000000000000000000000000000        0.23387366449580230     
   60.0000000000000000000000000000000000        0.23873240942312077     
   61.0000000000000000000000000000000000        0.24349421465585558     
   62.0000000000000000000000000000000000        0.24815325784347758     
   63.0000000000000000000000000000000000        0.25270387231816455     
   64.0000000000000000000000000000000000        0.25714051010673061     
   65.0000000000000000000000000000000000        0.26145776895385880     
   66.0000000000000000000000000000000000        0.26565038543625147     
   67.0000000000000000000000000000000000        0.26971325645609184     
   68.0000000000000000000000000000000000        0.27364142988857698     
   69.0000000000000000000000000000000000        0.27743011491735475     
   70.0000000000000000000000000000000000        0.28107470600916512     
   71.0000000000000000000000000000000000        0.28457074857682796     
   72.0000000000000000000000000000000000        0.28791399406390339     
   73.0000000000000000000000000000000000        0.29110036898316360     
   74.0000000000000000000000000000000000        0.29412598311557686     
   75.0000000000000000000000000000000000        0.29698716448032647     
   76.0000000000000000000000000000000000        0.29968041047717514     
   77.0000000000000000000000000000000000        0.30220245519079414     
   78.0000000000000000000000000000000000        0.30455021160059342     
   79.0000000000000000000000000000000000        0.30672083274105577     
   80.0000000000000000000000000000000000        0.30871167074267369     
   81.0000000000000000000000000000000000        0.31052028404864407     
   82.0000000000000000000000000000000000        0.31214448908568782     
   83.0000000000000000000000000000000000        0.31358229856768038     
   84.0000000000000000000000000000000000        0.31483195627232508     
   85.0000000000000000000000000000000000        0.31589195847038787     
   86.0000000000000000000000000000000000        0.31676099672652624     
   87.0000000000000000000000000000000000        0.31743801132526461     
   88.0000000000000000000000000000000000        0.31792218479625195     
   89.0000000000000000000000000000000000        0.31821292491778880     
   90.0000000000000000000000000000000000        0.31830987497019336     
   91.0000000000000000000000000000000000        0.31821292394662110     
   92.0000000000000000000000000000000000        0.31792218319516635     
   93.0000000000000000000000000000000000        0.31743800841649378     
   94.0000000000000000000000000000000000        0.31676099138169206     
   95.0000000000000000000000000000000000        0.31589195363818834     
   96.0000000000000000000000000000000000        0.31483195653549617     
   97.0000000000000000000000000000000000        0.31358229183558994     
   98.0000000000000000000000000000000000        0.31214447926739941     
   99.0000000000000000000000000000000000        0.31052027544946081     
   100.000000000000000000000000000000000        0.30871164926239181     
   101.000000000000000000000000000000000        0.30672082231667758     
   102.000000000000000000000000000000000        0.30455020572710861     
   103.000000000000000000000000000000000        0.30220244299200627     
   104.000000000000000000000000000000000        0.29968039890502063     
   105.000000000000000000000000000000000        0.29698715056655856     
   106.000000000000000000000000000000000        0.29412596913669320     
   107.000000000000000000000000000000000        0.29110035342220320     
   108.000000000000000000000000000000000        0.28791398014794511     
   109.000000000000000000000000000000000        0.28457073144448780     
   110.000000000000000000000000000000000        0.28107468629705795     
   111.000000000000000000000000000000000        0.27743009629709869     
   112.000000000000000000000000000000000        0.27364141271768899     
   113.000000000000000000000000000000000        0.26971323643863820     
   114.000000000000000000000000000000000        0.26565036763094818     
   115.000000000000000000000000000000000        0.26145774763672974     
   116.000000000000000000000000000000000        0.25714048476363383     
   117.000000000000000000000000000000000        0.25270384980521726     
   118.000000000000000000000000000000000        0.24815323280645749     
   119.000000000000000000000000000000000        0.24349419105676598     
   120.000000000000000000000000000000000        0.23873239578430860     
   121.000000000000000000000000000000000        0.23387363992554802     
   122.000000000000000000000000000000000        0.22892385741205967     
   123.000000000000000000000000000000000        0.22388906677222317     
   124.000000000000000000000000000000000        0.21877540675365817     
   125.000000000000000000000000000000000        0.21358911543625850     
   126.000000000000000000000000000000000        0.20833650191328490     
   127.000000000000000000000000000000000        0.20302396624800409     
   128.000000000000000000000000000000000        0.19765798227127374     
   129.000000000000000000000000000000000        0.19224509155516617     
   130.000000000000000000000000000000000        0.18679188129804422     
   131.000000000000000000000000000000000        0.18130500495467780     
   132.000000000000000000000000000000000        0.17579113774293928     
   133.000000000000000000000000000000000        0.17025700545173100     
   134.000000000000000000000000000000000        0.16470934250750496     
   135.000000000000000000000000000000000        0.15915491779235480     
   136.000000000000000000000000000000000        0.15360048954719924     
   137.000000000000000000000000000000000        0.14805283023466004     
   138.000000000000000000000000000000000        0.14251869065811540     
   139.000000000000000000000000000000000        0.13700483103625541     
   140.000000000000000000000000000000000        0.13151795119270879     
   141.000000000000000000000000000000000        0.12606474494169229     
   142.000000000000000000000000000000000        0.12065184792458417     
   143.000000000000000000000000000000000        0.11528587095369218     
   144.000000000000000000000000000000000        0.10997333477382190     
   145.000000000000000000000000000000000        0.10472072266576009     
   146.000000000000000000000000000000000         9.9534432654738797E-002
   147.000000000000000000000000000000000         9.4420772421211163E-002
   148.000000000000000000000000000000000         8.9385985266517975E-002
   149.000000000000000000000000000000000         8.4436200545081885E-002
   150.000000000000000000000000000000000         7.9577448669669523E-002
   151.000000000000000000000000000000000         7.4815650870613273E-002
   152.000000000000000000000000000000000         7.0156606800278645E-002
   153.000000000000000000000000000000000         6.5605993751373354E-002
   154.000000000000000000000000000000000         6.1169356229413482E-002
   155.000000000000000000000000000000000         5.6852097713589803E-002
   156.000000000000000000000000000000000         5.2659480820624063E-002
   157.000000000000000000000000000000000         4.8596610861194843E-002
   158.000000000000000000000000000000000         4.4668439173442959E-002
   159.000000000000000000000000000000000         4.0879753098530439E-002
   160.000000000000000000000000000000000         3.7235165882527170E-002
   161.000000000000000000000000000000000         3.3739120183013414E-002
   162.000000000000000000000000000000000         3.0395875047398456E-002
   163.000000000000000000000000000000000         2.7209500562368955E-002
   164.000000000000000000000000000000000         2.4183882454534168E-002
   165.000000000000000000000000000000000         2.1322705888803684E-002
   166.000000000000000000000000000000000         1.8629457444909119E-002
   167.000000000000000000000000000000000         1.6107416035824239E-002
   168.000000000000000000000000000000000         1.3759656796714884E-002
   169.000000000000000000000000000000000         1.1589039372768783E-002
   170.000000000000000000000000000000000         9.5982069686538427E-003
   171.000000000000000000000000000000000         7.7895889777787660E-003
   172.000000000000000000000000000000000         6.1653850045238325E-003
   173.000000000000000000000000000000000         4.7275753922887730E-003
   174.000000000000000000000000000000000         3.4779109975215175E-003
   175.000000000000000000000000000000000         2.4179164395246896E-003
   176.000000000000000000000000000000000         1.5488813176217028E-003
   177.000000000000000000000000000000000         8.7186454636443544E-004
   178.000000000000000000000000000000000         3.8769148357351127E-004
   179.000000000000000000000000000000000         9.6951922641822142E-005
   180.000000000000000000000000000000000         2.4322252981666424E-015
   181.000000000000000000000000000000000         9.6953864975749804E-005
   182.000000000000000000000000000000000         3.8769540431082128E-004
   183.000000000000000000000000000000000         8.7187036390336725E-004
   184.000000000000000000000000000000000         1.5488888917064903E-003
   185.000000000000000000000000000000000         2.4179261039261771E-003
   186.000000000000000000000000000000000         3.4779232433787355E-003
   187.000000000000000000000000000000000         4.7275888564689188E-003
   188.000000000000000000000000000000000         6.1654003535616276E-003
   189.000000000000000000000000000000000         7.7896061761413326E-003
   190.000000000000000000000000000000000         9.5982277931851000E-003
   191.000000000000000000000000000000000         1.1589060221525355E-002
   192.000000000000000000000000000000000         1.3759679462380771E-002
   193.000000000000000000000000000000000         1.6107440433401381E-002
   194.000000000000000000000000000000000         1.8629483130776930E-002
   195.000000000000000000000000000000000         2.1322733716338839E-002
   196.000000000000000000000000000000000         2.4183911841552230E-002
   197.000000000000000000000000000000000         2.7209531684289384E-002
   198.000000000000000000000000000000000         3.0395906162543677E-002
   199.000000000000000000000000000000000         3.3739154447695908E-002
   200.000000000000000000000000000000000         3.7235202373407203E-002
   201.000000000000000000000000000000000         4.0879790339040781E-002
   202.000000000000000000000000000000000         4.4668476602771796E-002
   203.000000000000000000000000000000000         4.8596650896101427E-002
   204.000000000000000000000000000000000         5.2659522064073247E-002
   205.000000000000000000000000000000000         5.6852140347846976E-002
   206.000000000000000000000000000000000         6.1169400515590028E-002
   207.000000000000000000000000000000000         6.5606038777270281E-002
   208.000000000000000000000000000000000         7.0156653190135213E-002
   209.000000000000000000000000000000000         7.4815698068789516E-002
   210.000000000000000000000000000000000         7.9577496407969933E-002
   211.000000000000000000000000000000000         8.4436249685592324E-002
   212.000000000000000000000000000000000         8.9386035058229105E-002
   213.000000000000000000000000000000000         9.4420823264647208E-002
   214.000000000000000000000000000000000         9.9534479084649699E-002
   215.000000000000000000000000000000000        0.10472077496441869     
   216.000000000000000000000000000000000        0.10997338720394255     
   217.000000000000000000000000000000000        0.11528592445277880     
   218.000000000000000000000000000000000        0.12065190705409076     
   219.000000000000000000000000000000000        0.12606479938056450     
   220.000000000000000000000000000000000        0.13151800610019693     
   221.000000000000000000000000000000000        0.13700488614969306     
   222.000000000000000000000000000000000        0.14251875168776892     
   223.000000000000000000000000000000000        0.14805288575415551     
   224.000000000000000000000000000000000        0.15360054483389032     
   225.000000000000000000000000000000000        0.15915497344742341     
   226.000000000000000000000000000000000        0.16470940078258192     
   227.000000000000000000000000000000000        0.17025706097122639     
   228.000000000000000000000000000000000        0.17579119625194686     
   229.000000000000000000000000000000000        0.18130506006811467     
   230.000000000000000000000000000000000        0.18679194209052419     
   231.000000000000000000000000000000000        0.19224514599403755     
   232.000000000000000000000000000000000        0.19765804037388426     
   233.000000000000000000000000000000000        0.20302401974708881     
   234.000000000000000000000000000000000        0.20833655687708541     
   235.000000000000000000000000000000000        0.21358916773491540     
   236.000000000000000000000000000000000        0.21877546498368519     
   237.000000000000000000000000000000000        0.22388911761565800     
   238.000000000000000000000000000000000        0.22892390730496170     
   239.000000000000000000000000000000000        0.23387368906605535     
   240.000000000000000000000000000000000        0.23873244208818376     
   241.000000000000000000000000000000000        0.24349423825494038     
   242.000000000000000000000000000000000        0.24815328262415276     
   243.000000000000000000000000000000000        0.25270389483111066     
   244.000000000000000000000000000000000        0.25714053487849570     
   245.000000000000000000000000000000000        0.26145779027098298     
   246.000000000000000000000000000000000        0.26565040836472581     
   247.000000000000000000000000000000000        0.26971327647354187     
   248.000000000000000000000000000000000        0.27364144479464075     
   249.000000000000000000000000000000000        0.27743013353760682     
   250.000000000000000000000000000000000        0.28107471878371215     
   251.000000000000000000000000000000000        0.28457076570916617     
   252.000000000000000000000000000000000        0.28791400921854809     
   253.000000000000000000000000000000000        0.29110038454412052     
   254.000000000000000000000000000000000        0.29412600099787650     
   255.000000000000000000000000000000000        0.29698717839408972     
   256.000000000000000000000000000000000        0.29968042529472327     
   257.000000000000000000000000000000000        0.30220246738957851     
   258.000000000000000000000000000000000        0.30455022805054671     
   259.000000000000000000000000000000000        0.30672084316542847     
   260.000000000000000000000000000000000        0.30871166929846922     
   261.000000000000000000000000000000000        0.31052029264782088     
   262.000000000000000000000000000000000        0.31214448984353443     
   263.000000000000000000000000000000000        0.31358230529976444     
   264.000000000000000000000000000000000        0.31483196571959676     
   265.000000000000000000000000000000000        0.31589196330258318     
   266.000000000000000000000000000000000        0.31676099664065327     
   267.000000000000000000000000000000000        0.31743801423402851     
   268.000000000000000000000000000000000        0.31792218387899041     
   269.000000000000000000000000000000000        0.31821292588895039     
   270.000000000000000000000000000000000        0.31830987577700648     
   271.000000000000000000000000000000000        0.31821292297544923     
   272.000000000000000000000000000000000        0.31792217800167821     
   273.000000000000000000000000000000000        0.31743800550772050     
   274.000000000000000000000000000000000        0.31676098820102988     
   275.000000000000000000000000000000000        0.31589194880598298     
   276.000000000000000000000000000000000        0.31483195411551357     
   277.000000000000000000000000000000000        0.31358228510349484     
   278.000000000000000000000000000000000        0.31214447478455432     
   279.000000000000000000000000000000000        0.31052026685027656     
   280.000000000000000000000000000000000        0.30871164820378350     
   281.000000000000000000000000000000000        0.30672081189229466     
   282.000000000000000000000000000000000        0.30455019682403639     
   283.000000000000000000000000000000000        0.30220243079321291     
   284.000000000000000000000000000000000        0.29968039034446442     
   285.000000000000000000000000000000000        0.29698713665278637     
   286.000000000000000000000000000000000        0.29412595964908861     
   287.000000000000000000000000000000000        0.29110033786123957     
   288.000000000000000000000000000000000        0.28791396532270658     
   289.000000000000000000000000000000000        0.28457071431214115     
   290.000000000000000000000000000000000        0.28107466534583458     
   291.000000000000000000000000000000000        0.27743007767684025     
   292.000000000000000000000000000000000        0.27364139039957636     
   293.000000000000000000000000000000000        0.26971321642118151     
   294.000000000000000000000000000000000        0.26565034920734293     
   295.000000000000000000000000000000000        0.26145772631959746     
   296.000000000000000000000000000000000        0.25714046760329956     
   297.000000000000000000000000000000000        0.25270382729226532     
   298.000000000000000000000000000000000        0.24815321596016179     
   299.000000000000000000000000000000000        0.24349416745767755     
   300.000000000000000000000000000000000        0.23873237271772815     
   301.000000000000000000000000000000000        0.23387361535529022     
   302.000000000000000000000000000000000        0.22892383252287865     
   303.000000000000000000000000000000000        0.22388904135050383     
   304.000000000000000000000000000000000        0.21877538943040550     
   305.000000000000000000000000000000000        0.21358908928692710     
   306.000000000000000000000000000000000        0.20833647690839630     
   307.000000000000000000000000000000000        0.20302393949846070     
   308.000000000000000000000000000000000        0.19765795564195632     
   309.000000000000000000000000000000000        0.19224506433572747     
   310.000000000000000000000000000000000        0.18679185616107957     
   311.000000000000000000000000000000000        0.18130497739795826     
   312.000000000000000000000000000000000        0.17579111265256481     
   313.000000000000000000000000000000000        0.17025697769198184     
   314.000000000000000000000000000000000        0.16470931692775739     
   315.000000000000000000000000000000000        0.15915488996482113     
   316.000000000000000000000000000000000        0.15360045807418285     
   317.000000000000000000000000000000000        0.14805280247491176     
   318.000000000000000000000000000000000        0.14251866717197512     
   319.000000000000000000000000000000000        0.13700480347953806     
   320.000000000000000000000000000000000        0.13151792061152662     
   321.000000000000000000000000000000000        0.12606471772225741     
   322.000000000000000000000000000000000        0.12065182497136084     
   323.000000000000000000000000000000000        0.11528584420415165     
   324.000000000000000000000000000000000        0.10997330900719249     
   325.000000000000000000000000000000000        0.10472069651643337     
   326.000000000000000000000000000000000         9.9534402415410173E-002
   327.000000000000000000000000000000000         9.4420746999496624E-002
   328.000000000000000000000000000000000         8.9385958636812979E-002
   329.000000000000000000000000000000000         8.4436175974830413E-002
   330.000000000000000000000000000000000         7.9577424812042941E-002
   331.000000000000000000000000000000000         7.4815627271529503E-002
   332.000000000000000000000000000000000         7.0156586803138507E-002
   333.000000000000000000000000000000000         6.5605971238428262E-002
   334.000000000000000000000000000000000         6.1169333500633430E-002
   335.000000000000000000000000000000000         5.6852076396466403E-002
   336.000000000000000000000000000000000         5.2659458307134678E-002
   337.000000000000000000000000000000000         4.8596590843745784E-002
   338.000000000000000000000000000000000         4.4668420000045131E-002
   339.000000000000000000000000000000000         4.0879734478280680E-002
   340.000000000000000000000000000000000         3.7235148208225217E-002
   341.000000000000000000000000000000000         3.3739103050677649E-002
   342.000000000000000000000000000000000         3.0395857078351803E-002
   343.000000000000000000000000000000000         2.7209485001415141E-002
   344.000000000000000000000000000000000         2.4183864992969692E-002
   345.000000000000000000000000000000000         2.1322691975042562E-002
   346.000000000000000000000000000000000         1.8629443298756571E-002
   347.000000000000000000000000000000000         1.6107403837042563E-002
   348.000000000000000000000000000000000         1.3759645410761509E-002
   349.000000000000000000000000000000000         1.1589028948397554E-002
   350.000000000000000000000000000000000         9.5981987262959007E-003
   351.000000000000000000000000000000000         7.7895803786044533E-003
   352.000000000000000000000000000000000         6.1653783083641198E-003
   353.000000000000000000000000000000000         4.7275686602057474E-003
   354.000000000000000000000000000000000         3.4779058708161860E-003
   355.000000000000000000000000000000000         2.4179116073311212E-003
   356.000000000000000000000000000000000         1.5488772433172628E-003
   357.000000000000000000000000000000000         8.7186163760216825E-004
   358.000000000000000000000000000000000         3.8768958243843470E-004
   359.000000000000000000000000000000000         9.6950951482136364E-005
   360.000000000000000000000000000000000         8.2943722215826572E-015
