   1.00000000000000000000000000000000000         9.6952893807368995E-005
   2.00000000000000000000000000000000000         3.8769345305422152E-004
   3.00000000000000000000000000000000000         8.7186745512872292E-004
   4.00000000000000000000000000000000000         1.5488754461211881E-003
   5.00000000000000000000000000000000000         2.4179212717240547E-003
   6.00000000000000000000000000000000000         3.4779172462509793E-003
   7.00000000000000000000000000000000000         4.7275821243763297E-003
   8.00000000000000000000000000000000000         6.1654410990066967E-003
   9.00000000000000000000000000000000000         7.7895975769649546E-003
   10.0000000000000000000000000000000000         9.5982169192731157E-003
   11.0000000000000000000000000000000000         1.1589049797137088E-002
   12.0000000000000000000000000000000000         1.3759597126149251E-002
   13.0000000000000000000000000000000000         1.6107428234624570E-002
   14.0000000000000000000000000000000000         1.8629468722572599E-002
   15.0000000000000000000000000000000000         2.1322719802567974E-002
   16.0000000000000000000000000000000000         2.4183800836540904E-002
   17.0000000000000000000000000000000000         2.7209516123326030E-002
   18.0000000000000000000000000000000000         3.0395872503216584E-002
   19.0000000000000000000000000000000000         3.3739137315353961E-002
   20.0000000000000000000000000000000000         3.7235306364084592E-002
   21.0000000000000000000000000000000000         4.0879771718795671E-002
   22.0000000000000000000000000000000000         4.4668463983163764E-002
   23.0000000000000000000000000000000000         4.8596630878635520E-002
   24.0000000000000000000000000000000000         5.2659438613915338E-002
   25.0000000000000000000000000000000000         5.6852119030709324E-002
   26.0000000000000000000000000000000000         6.1169413922795880E-002
   27.0000000000000000000000000000000000         6.5606016264330297E-002
   28.0000000000000000000000000000000000         7.0156613141806767E-002
   29.0000000000000000000000000000000000         7.4815674469709215E-002
   30.0000000000000000000000000000000000         7.9577526260606837E-002
   31.0000000000000000000000000000000000         8.4436225115311805E-002
   32.0000000000000000000000000000000000         8.9385732425418946E-002
   33.0000000000000000000000000000000000         9.4420797842928991E-002
   34.0000000000000000000000000000000000         9.9534457435040524E-002
   35.0000000000000000000000000000000000        0.10472074881508138     
   36.0000000000000000000000000000000000        0.10997371130880874     
   37.0000000000000000000000000000000000        0.11528589770322789     
   38.0000000000000000000000000000000000        0.12065188733551149     
   39.0000000000000000000000000000000000        0.12606477216111178     
   40.0000000000000000000000000000000000        0.13151780699698010     
   41.0000000000000000000000000000000000        0.13700485859298661     
   42.0000000000000000000000000000000000        0.14251862893032116     
   43.0000000000000000000000000000000000        0.14805285799438736     
   44.0000000000000000000000000000000000        0.15360072146372844     
   45.0000000000000000000000000000000000        0.15915494561988791     
   46.0000000000000000000000000000000000        0.16470942244763420     
   47.0000000000000000000000000000000000        0.17025703321148961     
   48.0000000000000000000000000000000000        0.17579105987500787     
   49.0000000000000000000000000000000000        0.18130503251143912     
   50.0000000000000000000000000000000000        0.18679198055483381     
   51.0000000000000000000000000000000000        0.19224511877459224     
   52.0000000000000000000000000000000000        0.19765825138376275     
   53.0000000000000000000000000000000000        0.20302399299753221     
   54.0000000000000000000000000000000000        0.20833638213506231     
   55.0000000000000000000000000000000000        0.21358914158559475     
   56.0000000000000000000000000000000000        0.21877555404562182     
   57.0000000000000000000000000000000000        0.22388909219393452     
   58.0000000000000000000000000000000000        0.22892391694691142     
   59.0000000000000000000000000000000000        0.23387366449576916     
   60.0000000000000000000000000000000000        0.23873205277999299     
   61.0000000000000000000000000000000000        0.24349421465589235     
   62.0000000000000000000000000000000000        0.24815320284120282     
   63.0000000000000000000000000000000000        0.25270387231812191     
   64.0000000000000000000000000000000000        0.25714047254062056     
   65.0000000000000000000000000000000000        0.26145776895387768     
   66.0000000000000000000000000000000000        0.26565030865022643     
   67.0000000000000000000000000000000000        0.26971325645611011     
   68.0000000000000000000000000000000000        0.27364154448373951     
   69.0000000000000000000000000000000000        0.27743011491736785     
   70.0000000000000000000000000000000000        0.28107492375293974     
   71.0000000000000000000000000000000000        0.28457074857678283     
   72.0000000000000000000000000000000000        0.28791392608753646     
   73.0000000000000000000000000000000000        0.29110036898315100     
   74.0000000000000000000000000000000000        0.29412574892463894     
   75.0000000000000000000000000000000000        0.29698716448038492     
   76.0000000000000000000000000000000000        0.29968021143580686     
   77.0000000000000000000000000000000000        0.30220245519078121     
   78.0000000000000000000000000000000000        0.30455003642131090     
   79.0000000000000000000000000000000000        0.30672083274108874     
   80.0000000000000000000000000000000000        0.30871201776695995     
   81.0000000000000000000000000000000000        0.31052028404866433     
   82.0000000000000000000000000000000000        0.31214452538833359     
   83.0000000000000000000000000000000000        0.31358229856773384     
   84.0000000000000000000000000000000000        0.31483160587645503     
   85.0000000000000000000000000000000000        0.31589195847037449     
   86.0000000000000000000000000000000000        0.31676113025041852     
   87.0000000000000000000000000000000000        0.31743801132529831     
   88.0000000000000000000000000000000000        0.31792218224302365     
   89.0000000000000000000000000000000000        0.31821292491783626     
   90.0000000000000000000000000000000000        0.31830974775606757     
   91.0000000000000000000000000000000000        0.31821292394662787     
   92.0000000000000000000000000000000000        0.31792219900545382     
   93.0000000000000000000000000000000000        0.31743800841645320     
   94.0000000000000000000000000000000000        0.31676104541812289     
   95.0000000000000000000000000000000000        0.31589195363824224     
   96.0000000000000000000000000000000000        0.31483193277693305     
   97.0000000000000000000000000000000000        0.31358229183562353     
   98.0000000000000000000000000000000000        0.31214439957911971     
   99.0000000000000000000000000000000000        0.31052027544937394     
   100.000000000000000000000000000000000        0.30871135030061658     
   101.000000000000000000000000000000000        0.30672082231671077     
   102.000000000000000000000000000000000        0.30455032457745979     
   103.000000000000000000000000000000000        0.30220244299202603     
   104.000000000000000000000000000000000        0.29968028043604467     
   105.000000000000000000000000000000000        0.29698715056659775     
   106.000000000000000000000000000000000        0.29412577638875365     
   107.000000000000000000000000000000000        0.29110035342217727     
   108.000000000000000000000000000000000        0.28791404396702330     
   109.000000000000000000000000000000000        0.28457073144450701     
   110.000000000000000000000000000000000        0.28107480549552649     
   111.000000000000000000000000000000000        0.27743009629707344     
   112.000000000000000000000000000000000        0.27364164393896834     
   113.000000000000000000000000000000000        0.26971323643865069     
   114.000000000000000000000000000000000        0.26565044607253258     
   115.000000000000000000000000000000000        0.26145774763671747     
   116.000000000000000000000000000000000        0.25714026280376490     
   117.000000000000000000000000000000000        0.25270384980525346     
   118.000000000000000000000000000000000        0.24815307158900804     
   119.000000000000000000000000000000000        0.24349419105671169     
   120.000000000000000000000000000000000        0.23873260401025009     
   121.000000000000000000000000000000000        0.23387363992555188     
   122.000000000000000000000000000000000        0.22892400441401739     
   123.000000000000000000000000000000000        0.22388906677217682     
   124.000000000000000000000000000000000        0.21877521597029223     
   125.000000000000000000000000000000000        0.21358911543626222     
   126.000000000000000000000000000000000        0.20833655540563464     
   127.000000000000000000000000000000000        0.20302396624798968     
   128.000000000000000000000000000000000        0.19765789336201059     
   129.000000000000000000000000000000000        0.19224509155521699     
   130.000000000000000000000000000000000        0.18679173883801289     
   131.000000000000000000000000000000000        0.18130500495469487     
   132.000000000000000000000000000000000        0.17579104135833923     
   133.000000000000000000000000000000000        0.17025700545177880     
   134.000000000000000000000000000000000        0.16470919621488223     
   135.000000000000000000000000000000000        0.15915491779234686     
   136.000000000000000000000000000000000        0.15360044384646371     
   137.000000000000000000000000000000000        0.14805283023469537     
   138.000000000000000000000000000000000        0.14251838677770368     
   139.000000000000000000000000000000000        0.13700483103623257     
   140.000000000000000000000000000000000        0.13151789233531902     
   141.000000000000000000000000000000000        0.12606474494169931     
   142.000000000000000000000000000000000        0.12065157888167170     
   143.000000000000000000000000000000000        0.11528587095365901     
   144.000000000000000000000000000000000        0.10997323049083900     
   145.000000000000000000000000000000000        0.10472072266576649     
   146.000000000000000000000000000000000         9.9534665787588100E-002
   147.000000000000000000000000000000000         9.4420772421212454E-002
   148.000000000000000000000000000000000         8.9385993212151141E-002
   149.000000000000000000000000000000000         8.4436200545080622E-002
   150.000000000000000000000000000000000         7.9577417401454020E-002
   151.000000000000000000000000000000000         7.4815650870604627E-002
   152.000000000000000000000000000000000         7.0156599852666243E-002
   153.000000000000000000000000000000000         6.5605993751401415E-002
   154.000000000000000000000000000000000         6.1169392409350980E-002
   155.000000000000000000000000000000000         5.6852097713589421E-002
   156.000000000000000000000000000000000         5.2659518230253735E-002
   157.000000000000000000000000000000000         4.8596610861218331E-002
   158.000000000000000000000000000000000         4.4668400249704504E-002
   159.000000000000000000000000000000000         4.0879753098528308E-002
   160.000000000000000000000000000000000         3.7235137639754182E-002
   161.000000000000000000000000000000000         3.3739120183015350E-002
   162.000000000000000000000000000000000         3.0395941058008684E-002
   163.000000000000000000000000000000000         2.7209500562366234E-002
   164.000000000000000000000000000000000         2.4183879978184872E-002
   165.000000000000000000000000000000000         2.1322705888797776E-002
   166.000000000000000000000000000000000         1.8629501408573616E-002
   167.000000000000000000000000000000000         1.6107416035816439E-002
   168.000000000000000000000000000000000         1.3759655424876888E-002
   169.000000000000000000000000000000000         1.1589039372762976E-002
   170.000000000000000000000000000000000         9.5981377261702503E-003
   171.000000000000000000000000000000000         7.7895889777790306E-003
   172.000000000000000000000000000000000         6.1653810669194441E-003
   173.000000000000000000000000000000000         4.7275753922917593E-003
   174.000000000000000000000000000000000         3.4778745736836966E-003
   175.000000000000000000000000000000000         2.4179164395247660E-003
   176.000000000000000000000000000000000         1.5488911398315486E-003
   177.000000000000000000000000000000000         8.7186454636594931E-004
   178.000000000000000000000000000000000         3.8768995373517469E-004
   179.000000000000000000000000000000000         9.6951922642376346E-005
   180.000000000000000000000000000000000         2.4034163415617720E-015
   181.000000000000000000000000000000000         9.6953864975496141E-005
   182.000000000000000000000000000000000         3.8769595000757171E-004
   183.000000000000000000000000000000000         8.7187036390273310E-004
   184.000000000000000000000000000000000         1.5488894472883265E-003
   185.000000000000000000000000000000000         2.4179261039237502E-003
   186.000000000000000000000000000000000         3.4779232433862486E-003
   187.000000000000000000000000000000000         4.7275888564743676E-003
   188.000000000000000000000000000000000         6.1653968707121535E-003
   189.000000000000000000000000000000000         7.7896061761434663E-003
   190.000000000000000000000000000000000         9.5982551769066508E-003
   191.000000000000000000000000000000000         1.1589060221535982E-002
   192.000000000000000000000000000000000         1.3759679640853364E-002
   193.000000000000000000000000000000000         1.6107440433403866E-002
   194.000000000000000000000000000000000         1.8629503193752409E-002
   195.000000000000000000000000000000000         2.1322733716336851E-002
   196.000000000000000000000000000000000         2.4183903658712425E-002
   197.000000000000000000000000000000000         2.7209531684296077E-002
   198.000000000000000000000000000000000         3.0395885876574495E-002
   199.000000000000000000000000000000000         3.3739154447694507E-002
   200.000000000000000000000000000000000         3.7235212821120973E-002
   201.000000000000000000000000000000000         4.0879790339016266E-002
   202.000000000000000000000000000000000         4.4668371154793045E-002
   203.000000000000000000000000000000000         4.8596650896107013E-002
   204.000000000000000000000000000000000         5.2659553191986341E-002
   205.000000000000000000000000000000000         5.6852140347855240E-002
   206.000000000000000000000000000000000         6.1169459882219029E-002
   207.000000000000000000000000000000000         6.5606038777278108E-002
   208.000000000000000000000000000000000         7.0156659727004800E-002
   209.000000000000000000000000000000000         7.4815698068799202E-002
   210.000000000000000000000000000000000         7.9577440277957351E-002
   211.000000000000000000000000000000000         8.4436249685625547E-002
   212.000000000000000000000000000000000         8.9386030544222894E-002
   213.000000000000000000000000000000000         9.4420823264652592E-002
   214.000000000000000000000000000000000         9.9534432898534073E-002
   215.000000000000000000000000000000000        0.10472077496445371     
   216.000000000000000000000000000000000        0.10997325586720316     
   217.000000000000000000000000000000000        0.11528592445276241     
   218.000000000000000000000000000000000        0.12065191490308576     
   219.000000000000000000000000000000000        0.12606479938056034     
   220.000000000000000000000000000000000        0.13151795253181309     
   221.000000000000000000000000000000000        0.13700488614966636     
   222.000000000000000000000000000000000        0.14251875449850895     
   223.000000000000000000000000000000000        0.14805288575416478     
   224.000000000000000000000000000000000        0.15360048107155164     
   225.000000000000000000000000000000000        0.15915497344740906     
   226.000000000000000000000000000000000        0.16470939780116559     
   227.000000000000000000000000000000000        0.17025706097126103     
   228.000000000000000000000000000000000        0.17579127044380410     
   229.000000000000000000000000000000000        0.18130506006811978     
   230.000000000000000000000000000000000        0.18679212270912149     
   231.000000000000000000000000000000000        0.19224514599408488     
   232.000000000000000000000000000000000        0.19765817290437013     
   233.000000000000000000000000000000000        0.20302401974706180     
   234.000000000000000000000000000000000        0.20833672013448506     
   235.000000000000000000000000000000000        0.21358916773494591     
   236.000000000000000000000000000000000        0.21877563208784473     
   237.000000000000000000000000000000000        0.22388911761565800     
   238.000000000000000000000000000000000        0.22892404731169927     
   239.000000000000000000000000000000000        0.23387368906604955     
   240.000000000000000000000000000000000        0.23873254799345217     
   241.000000000000000000000000000000000        0.24349423825494335     
   242.000000000000000000000000000000000        0.24815331999459819     
   243.000000000000000000000000000000000        0.25270389483109257     
   244.000000000000000000000000000000000        0.25714065085444854     
   245.000000000000000000000000000000000        0.26145779027093391     
   246.000000000000000000000000000000000        0.26565045300250023     
   247.000000000000000000000000000000000        0.26971327647356058     
   248.000000000000000000000000000000000        0.27364132046341633     
   249.000000000000000000000000000000000        0.27743013353763213     
   250.000000000000000000000000000000000        0.28107466044467416     
   251.000000000000000000000000000000000        0.28457076570916617     
   252.000000000000000000000000000000000        0.28791387633602478     
   253.000000000000000000000000000000000        0.29110038454415282     
   254.000000000000000000000000000000000        0.29412593614856514     
   255.000000000000000000000000000000000        0.29698717839414202     
   256.000000000000000000000000000000000        0.29968032093238783     
   257.000000000000000000000000000000000        0.30220246738957851     
   258.000000000000000000000000000000000        0.30455032997114162     
   259.000000000000000000000000000000000        0.30672084316541520     
   260.000000000000000000000000000000000        0.30871142438671795     
   261.000000000000000000000000000000000        0.31052029264784758     
   262.000000000000000000000000000000000        0.31214415287359837     
   263.000000000000000000000000000000000        0.31358230529975101     
   264.000000000000000000000000000000000        0.31483181305040048     
   265.000000000000000000000000000000000        0.31589196330253599     
   266.000000000000000000000000000000000        0.31676091639406312     
   267.000000000000000000000000000000000        0.31743801423402179     
   268.000000000000000000000000000000000        0.31792202697178090     
   269.000000000000000000000000000000000        0.31821292588897065     
   270.000000000000000000000000000000000        0.31830979213104349     
   271.000000000000000000000000000000000        0.31821292297545600     
   272.000000000000000000000000000000000        0.31792201818602650     
   273.000000000000000000000000000000000        0.31743800550773404     
   274.000000000000000000000000000000000        0.31676107961556621     
   275.000000000000000000000000000000000        0.31589194880605037     
   276.000000000000000000000000000000000        0.31483211210434675     
   277.000000000000000000000000000000000        0.31358228510350827     
   278.000000000000000000000000000000000        0.31214456721953537     
   279.000000000000000000000000000000000        0.31052026685027656     
   280.000000000000000000000000000000000        0.30871180602654325     
   281.000000000000000000000000000000000        0.30672081189231459     
   282.000000000000000000000000000000000        0.30455044610659243     
   283.000000000000000000000000000000000        0.30220243079320630     
   284.000000000000000000000000000000000        0.29968051507445653     
   285.000000000000000000000000000000000        0.29698713665280602     
   286.000000000000000000000000000000000        0.29412605087343441     
   287.000000000000000000000000000000000        0.29110033786123957     
   288.000000000000000000000000000000000        0.28791411183632859     
   289.000000000000000000000000000000000        0.28457071431207720     
   290.000000000000000000000000000000000        0.28107461908694920     
   291.000000000000000000000000000000000        0.27743007767684658     
   292.000000000000000000000000000000000        0.27364146029693887     
   293.000000000000000000000000000000000        0.26971321642120022     
   294.000000000000000000000000000000000        0.26565054948843547     
   295.000000000000000000000000000000000        0.26145772631954844     
   296.000000000000000000000000000000000        0.25714050311892217     
   297.000000000000000000000000000000000        0.25270382729227736     
   298.000000000000000000000000000000000        0.24815339082678306     
   299.000000000000000000000000000000000        0.24349416745773969     
   300.000000000000000000000000000000000        0.23873263671349818     
   301.000000000000000000000000000000000        0.23387361535526124     
   302.000000000000000000000000000000000        0.22892398611519965     
   303.000000000000000000000000000000000        0.22388904135049534     
   304.000000000000000000000000000000000        0.21877565645854330     
   305.000000000000000000000000000000000        0.21358908928689108     
   306.000000000000000000000000000000000        0.20833660927700326     
   307.000000000000000000000000000000000        0.20302393949850933     
   308.000000000000000000000000000000000        0.19765788680026056     
   309.000000000000000000000000000000000        0.19224506433569591     
   310.000000000000000000000000000000000        0.18679183616265319     
   311.000000000000000000000000000000000        0.18130497739797613     
   312.000000000000000000000000000000000        0.17579115584274690     
   313.000000000000000000000000000000000        0.17025697769198431     
   314.000000000000000000000000000000000        0.16470929110020457     
   315.000000000000000000000000000000000        0.15915488996485463     
   316.000000000000000000000000000000000        0.15360021460210396     
   317.000000000000000000000000000000000        0.14805280247490252     
   318.000000000000000000000000000000000        0.14251858949477922     
   319.000000000000000000000000000000000        0.13700480347954472     
   320.000000000000000000000000000000000        0.13151769022800452     
   321.000000000000000000000000000000000        0.12606471772225317     
   322.000000000000000000000000000000000        0.12065177450479472     
   323.000000000000000000000000000000000        0.11528584420415165     
   324.000000000000000000000000000000000        0.10997324246622668     
   325.000000000000000000000000000000000        0.10472069651642948     
   326.000000000000000000000000000000000         9.9534395891239191E-002
   327.000000000000000000000000000000000         9.4420746999524255E-002
   328.000000000000000000000000000000000         8.9385879184242567E-002
   329.000000000000000000000000000000000         8.4436175974826930E-002
   330.000000000000000000000000000000000         7.9577406596806594E-002
   331.000000000000000000000000000000000         7.4815627271539342E-002
   332.000000000000000000000000000000000         7.0156745793716210E-002
   333.000000000000000000000000000000000         6.5605971238415967E-002
   334.000000000000000000000000000000000         6.1169326459625410E-002
   335.000000000000000000000000000000000         5.6852076396489273E-002
   336.000000000000000000000000000000000         5.2659396702070684E-002
   337.000000000000000000000000000000000         4.8596590843732572E-002
   338.000000000000000000000000000000000         4.4668389566563257E-002
   339.000000000000000000000000000000000         4.0879734478289166E-002
   340.000000000000000000000000000000000         3.7235131461355805E-002
   341.000000000000000000000000000000000         3.3739103050666082E-002
   342.000000000000000000000000000000000         3.0395836017285602E-002
   343.000000000000000000000000000000000         2.7209485001426514E-002
   344.000000000000000000000000000000000         2.4183715894771803E-002
   345.000000000000000000000000000000000         2.1322691975041688E-002
   346.000000000000000000000000000000000         1.8629428838576694E-002
   347.000000000000000000000000000000000         1.6107403837047510E-002
   348.000000000000000000000000000000000         1.3759640394905169E-002
   349.000000000000000000000000000000000         1.1589028948398684E-002
   350.000000000000000000000000000000000         9.5981983451736957E-003
   351.000000000000000000000000000000000         7.7895803786056433E-003
   352.000000000000000000000000000000000         6.1654269744966092E-003
   353.000000000000000000000000000000000         4.7275686602054378E-003
   354.000000000000000000000000000000000         3.4779050305815506E-003
   355.000000000000000000000000000000000         2.4179116073319690E-003
   356.000000000000000000000000000000000         1.5488761862767621E-003
   357.000000000000000000000000000000000         8.7186163760146016E-004
   358.000000000000000000000000000000000         3.8769021305069752E-004
   359.000000000000000000000000000000000         9.6950951482267350E-005
   360.000000000000000000000000000000000         1.0102662578618371E-013
