   1.00000000000000000000000000000000000         9.6952893808218468E-005
   2.00000000000000000000000000000000000         3.8769345305578233E-004
   3.00000000000000000000000000000000000         8.7186745512640522E-004
   4.00000000000000000000000000000000000         1.5488681439065326E-003
   5.00000000000000000000000000000000000         2.4179212717251749E-003
   6.00000000000000000000000000000000000         3.4779170847759854E-003
   7.00000000000000000000000000000000000         4.7275821243757694E-003
   8.00000000000000000000000000000000000         6.1654780219135008E-003
   9.00000000000000000000000000000000000         7.7895975769711225E-003
   10.0000000000000000000000000000000000         9.5982162707728587E-003
   11.0000000000000000000000000000000000         1.1589049797130451E-002
   12.0000000000000000000000000000000000         1.3759542897059319E-002
   13.0000000000000000000000000000000000         1.6107428234636095E-002
   14.0000000000000000000000000000000000         1.8629467979990232E-002
   15.0000000000000000000000000000000000         2.1322719802565948E-002
   16.0000000000000000000000000000000000         2.4183727214338487E-002
   17.0000000000000000000000000000000000         2.7209516123326376E-002
   18.0000000000000000000000000000000000         3.0395859003368837E-002
   19.0000000000000000000000000000000000         3.3739137315353572E-002
   20.0000000000000000000000000000000000         3.7235399582341275E-002
   21.0000000000000000000000000000000000         4.0879771718805989E-002
   22.0000000000000000000000000000000000         4.4668467616761340E-002
   23.0000000000000000000000000000000000         4.8596630878625827E-002
   24.0000000000000000000000000000000000         5.2659391120473763E-002
   25.0000000000000000000000000000000000         5.6852119030705341E-002
   26.0000000000000000000000000000000000         6.1169441745883298E-002
   27.0000000000000000000000000000000000         6.5606016264336459E-002
   28.0000000000000000000000000000000000         7.0156600269035724E-002
   29.0000000000000000000000000000000000         7.4815674469717861E-002
   30.0000000000000000000000000000000000         7.9577566666562391E-002
   31.0000000000000000000000000000000000         8.4436225115291766E-002
   32.0000000000000000000000000000000000         8.9385520359936230E-002
   33.0000000000000000000000000000000000         9.4420797842931545E-002
   34.0000000000000000000000000000000000         9.9534459952241167E-002
   35.0000000000000000000000000000000000        0.10472074881507415     
   36.0000000000000000000000000000000000        0.10997397716021666     
   37.0000000000000000000000000000000000        0.11528589770322435     
   38.0000000000000000000000000000000000        0.12065189300758188     
   39.0000000000000000000000000000000000        0.12606477216109727     
   40.0000000000000000000000000000000000        0.13151767512434773     
   41.0000000000000000000000000000000000        0.13700485859299830     
   42.0000000000000000000000000000000000        0.14251855636174637     
   43.0000000000000000000000000000000000        0.14805285799436987     
   44.0000000000000000000000000000000000        0.15360087668026881     
   45.0000000000000000000000000000000000        0.15915494561988927     
   46.0000000000000000000000000000000000        0.16470946018687155     
   47.0000000000000000000000000000000000        0.17025703321149588     
   48.0000000000000000000000000000000000        0.17579097791552431     
   49.0000000000000000000000000000000000        0.18130503251147428     
   50.0000000000000000000000000000000000        0.18679203340906936     
   51.0000000000000000000000000000000000        0.19224511877458261     
   52.0000000000000000000000000000000000        0.19765843501174285     
   53.0000000000000000000000000000000000        0.20302399299752319     
   54.0000000000000000000000000000000000        0.20833627121448484     
   55.0000000000000000000000000000000000        0.21358914158559758     
   56.0000000000000000000000000000000000        0.21877564412242975     
   57.0000000000000000000000000000000000        0.22388909219393163     
   58.0000000000000000000000000000000000        0.22892394538922731     
   59.0000000000000000000000000000000000        0.23387366449574060     
   60.0000000000000000000000000000000000        0.23873177539107776     
   61.0000000000000000000000000000000000        0.24349421465592380     
   62.0000000000000000000000000000000000        0.24815316006165999     
   63.0000000000000000000000000000000000        0.25270387231808439     
   64.0000000000000000000000000000000000        0.25714044332253694     
   65.0000000000000000000000000000000000        0.26145776895389672     
   66.0000000000000000000000000000000000        0.26565024892777023     
   67.0000000000000000000000000000000000        0.26971325645611977     
   68.0000000000000000000000000000000000        0.27364163361332694     
   69.0000000000000000000000000000000000        0.27743011491738256     
   70.0000000000000000000000000000000000        0.28107509310926726     
   71.0000000000000000000000000000000000        0.28457074857674303     
   72.0000000000000000000000000000000000        0.28791387321703438     
   73.0000000000000000000000000000000000        0.29110036898314601     
   74.0000000000000000000000000000000000        0.29412556677619617     
   75.0000000000000000000000000000000000        0.29698716448042556     
   76.0000000000000000000000000000000000        0.29968005662589942     
   77.0000000000000000000000000000000000        0.30220245519077610     
   78.0000000000000000000000000000000000        0.30454990017079264     
   79.0000000000000000000000000000000000        0.30672083274110939     
   80.0000000000000000000000000000000000        0.30871228767487302     
   81.0000000000000000000000000000000000        0.31052028404868515     
   82.0000000000000000000000000000000000        0.31214455362372617     
   83.0000000000000000000000000000000000        0.31358229856777042     
   84.0000000000000000000000000000000000        0.31483133334646868     
   85.0000000000000000000000000000000000        0.31589195847036927     
   86.0000000000000000000000000000000000        0.31676123410235418     
   87.0000000000000000000000000000000000        0.31743801132531929     
   88.0000000000000000000000000000000000        0.31792218025717950     
   89.0000000000000000000000000000000000        0.31821292491787834     
   90.0000000000000000000000000000000000        0.31830964881176504     
   91.0000000000000000000000000000000000        0.31821292394662787     
   92.0000000000000000000000000000000000        0.31792221130234433     
   93.0000000000000000000000000000000000        0.31743800841642694     
   94.0000000000000000000000000000000000        0.31676108744646120     
   95.0000000000000000000000000000000000        0.31589195363827893     
   96.0000000000000000000000000000000000        0.31483191429805130     
   97.0000000000000000000000000000000000        0.31358229183565484     
   98.0000000000000000000000000000000000        0.31214433759935362     
   99.0000000000000000000000000000000000        0.31052027544930133     
   100.000000000000000000000000000000000        0.30871111777489152     
   101.000000000000000000000000000000000        0.30672082231674164     
   102.000000000000000000000000000000000        0.30455041701663782     
   103.000000000000000000000000000000000        0.30220244299203641     
   104.000000000000000000000000000000000        0.29968018829352405     
   105.000000000000000000000000000000000        0.29698715056663311     
   106.000000000000000000000000000000000        0.29412562647373319     
   107.000000000000000000000000000000000        0.29110035342215240     
   108.000000000000000000000000000000000        0.28791409360408898     
   109.000000000000000000000000000000000        0.28457073144452655     
   110.000000000000000000000000000000000        0.28107489820546400     
   111.000000000000000000000000000000000        0.27743009629704923     
   112.000000000000000000000000000000000        0.27364182377780871     
   113.000000000000000000000000000000000        0.26971323643866485     
   114.000000000000000000000000000000000        0.26565050708266175     
   115.000000000000000000000000000000000        0.26145774763670365     
   116.000000000000000000000000000000000        0.25714009016837758     
   117.000000000000000000000000000000000        0.25270384980528582     
   118.000000000000000000000000000000000        0.24815294619769468     
   119.000000000000000000000000000000000        0.24349419105666714     
   120.000000000000000000000000000000000        0.23873276596382290     
   121.000000000000000000000000000000000        0.23387363992555715     
   122.000000000000000000000000000000000        0.22892411874890600     
   123.000000000000000000000000000000000        0.22388906677213857     
   124.000000000000000000000000000000000        0.21877506758328732     
   125.000000000000000000000000000000000        0.21358911543626719     
   126.000000000000000000000000000000000        0.20833659701080032     
   127.000000000000000000000000000000000        0.20302396624797647     
   128.000000000000000000000000000000000        0.19765782421037531     
   129.000000000000000000000000000000000        0.19224509155525846     
   130.000000000000000000000000000000000        0.18679162803580387     
   131.000000000000000000000000000000000        0.18130500495470628     
   132.000000000000000000000000000000000        0.17579096639255745     
   133.000000000000000000000000000000000        0.17025700545181774     
   134.000000000000000000000000000000000        0.16470908243177612     
   135.000000000000000000000000000000000        0.15915491779233898     
   136.000000000000000000000000000000000        0.15360040830145189     
   137.000000000000000000000000000000000        0.14805283023472446     
   138.000000000000000000000000000000000        0.14251815042649632     
   139.000000000000000000000000000000000        0.13700483103621319     
   140.000000000000000000000000000000000        0.13151784655735832     
   141.000000000000000000000000000000000        0.12606474494170625     
   142.000000000000000000000000000000000        0.12065136962628051     
   143.000000000000000000000000000000000        0.11528587095363182     
   144.000000000000000000000000000000000        0.10997314938188647     
   145.000000000000000000000000000000000        0.10472072266577273     
   146.000000000000000000000000000000000         9.9534847113326302E-002
   147.000000000000000000000000000000000         9.4420772421212246E-002
   148.000000000000000000000000000000000         8.9385999392088300E-002
   149.000000000000000000000000000000000         8.4436200545080789E-002
   150.000000000000000000000000000000000         7.9577393081735087E-002
   151.000000000000000000000000000000000         7.4815650870596842E-002
   152.000000000000000000000000000000000         7.0156594448967949E-002
   153.000000000000000000000000000000000         6.5605993751424188E-002
   154.000000000000000000000000000000000         6.1169420549309760E-002
   155.000000000000000000000000000000000         5.6852097713588096E-002
   156.000000000000000000000000000000000         5.2659547326641555E-002
   157.000000000000000000000000000000000         4.8596610861237531E-002
   158.000000000000000000000000000000000         4.4668369975697425E-002
   159.000000000000000000000000000000000         4.0879753098525783E-002
   160.000000000000000000000000000000000         3.7235115673160381E-002
   161.000000000000000000000000000000000         3.3739120183017640E-002
   162.000000000000000000000000000000000         3.0395992399643971E-002
   163.000000000000000000000000000000000         2.7209500562363435E-002
   164.000000000000000000000000000000000         2.4183878052135510E-002
   165.000000000000000000000000000000000         2.1322705888793786E-002
   166.000000000000000000000000000000000         1.8629535602570756E-002
   167.000000000000000000000000000000000         1.6107416035809854E-002
   168.000000000000000000000000000000000         1.3759654357891827E-002
   169.000000000000000000000000000000000         1.1589039372758873E-002
   170.000000000000000000000000000000000         9.5980838710779098E-003
   171.000000000000000000000000000000000         7.7895889777789004E-003
   172.000000000000000000000000000000000         6.1653780043391228E-003
   173.000000000000000000000000000000000         4.7275753922943415E-003
   174.000000000000000000000000000000000         3.4778462441639227E-003
   175.000000000000000000000000000000000         2.4179164395246402E-003
   176.000000000000000000000000000000000         1.5488987793496269E-003
   177.000000000000000000000000000000000         8.7186454636723604E-004
   178.000000000000000000000000000000000         3.8768876386299962E-004
   179.000000000000000000000000000000000         9.6951922642771294E-005
   180.000000000000000000000000000000000         2.3811280382634569E-015
   181.000000000000000000000000000000000         9.6953864975263227E-005
   182.000000000000000000000000000000000         3.8769637443863877E-004
   183.000000000000000000000000000000000         8.7187036390234593E-004
   184.000000000000000000000000000000000         1.5488898794076016E-003
   185.000000000000000000000000000000000         2.4179261039216902E-003
   186.000000000000000000000000000000000         3.4779232433920920E-003
   187.000000000000000000000000000000000         4.7275888564788527E-003
   188.000000000000000000000000000000000         6.1653941618299100E-003
   189.000000000000000000000000000000000         7.7896061761448141E-003
   190.000000000000000000000000000000000         9.5982764753837543E-003
   191.000000000000000000000000000000000         1.1589060221544625E-002
   192.000000000000000000000000000000000         1.3759679779665381E-002
   193.000000000000000000000000000000000         1.6107440433405396E-002
   194.000000000000000000000000000000000         1.8629518798296361E-002
   195.000000000000000000000000000000000         2.1322733716335758E-002
   196.000000000000000000000000000000000         2.4183897294282424E-002
   197.000000000000000000000000000000000         2.7209531684300774E-002
   198.000000000000000000000000000000000         3.0395870098603141E-002
   199.000000000000000000000000000000000         3.3739154447693973E-002
   200.000000000000000000000000000000000         3.7235220947121589E-002
   201.000000000000000000000000000000000         4.0879790338996594E-002
   202.000000000000000000000000000000000         4.4668289139784517E-002
   203.000000000000000000000000000000000         4.8596650896112016E-002
   204.000000000000000000000000000000000         5.2659577402591771E-002
   205.000000000000000000000000000000000         5.6852140347860958E-002
   206.000000000000000000000000000000000         6.1169506056283719E-002
   207.000000000000000000000000000000000         6.5606038777285269E-002
   208.000000000000000000000000000000000         7.0156664811236918E-002
   209.000000000000000000000000000000000         7.4815698068805586E-002
   210.000000000000000000000000000000000         7.9577396621294594E-002
   211.000000000000000000000000000000000         8.4436249685652651E-002
   212.000000000000000000000000000000000         8.9386027033329263E-002
   213.000000000000000000000000000000000         9.4420823264655465E-002
   214.000000000000000000000000000000000         9.9534396976007120E-002
   215.000000000000000000000000000000000        0.10472077496448239     
   216.000000000000000000000000000000000        0.10997315371646009     
   217.000000000000000000000000000000000        0.11528592445274816     
   218.000000000000000000000000000000000        0.12065192100785982     
   219.000000000000000000000000000000000        0.12606479938055867     
   220.000000000000000000000000000000000        0.13151791086752207     
   221.000000000000000000000000000000000        0.13700488614964393     
   222.000000000000000000000000000000000        0.14251875668464012     
   223.000000000000000000000000000000000        0.14805288575417375     
   224.000000000000000000000000000000000        0.15360043147863070     
   225.000000000000000000000000000000000        0.15915497344739604     
   226.000000000000000000000000000000000        0.16470939548228622     
   227.000000000000000000000000000000000        0.17025706097128990     
   228.000000000000000000000000000000000        0.17579132814859277     
   229.000000000000000000000000000000000        0.18130506006812180     
   230.000000000000000000000000000000000        0.18679226319031308     
   231.000000000000000000000000000000000        0.19224514599412365     
   232.000000000000000000000000000000000        0.19765827598366761     
   233.000000000000000000000000000000000        0.20302401974703879     
   234.000000000000000000000000000000000        0.20833684711250680     
   235.000000000000000000000000000000000        0.21358916773497161     
   236.000000000000000000000000000000000        0.21877576205779070     
   237.000000000000000000000000000000000        0.22388911761565600     
   238.000000000000000000000000000000000        0.22892415620585810     
   239.000000000000000000000000000000000        0.23387368906604708     
   240.000000000000000000000000000000000        0.23873263036423273     
   241.000000000000000000000000000000000        0.24349423825494360     
   242.000000000000000000000000000000000        0.24815334906050210     
   243.000000000000000000000000000000000        0.25270389483107852     
   244.000000000000000000000000000000000        0.25714074105798779     
   245.000000000000000000000000000000000        0.26145779027089577     
   246.000000000000000000000000000000000        0.26565048772077182     
   247.000000000000000000000000000000000        0.26971327647357507     
   248.000000000000000000000000000000000        0.27364122376137240     
   249.000000000000000000000000000000000        0.27743013353765178     
   250.000000000000000000000000000000000        0.28107461506987103     
   251.000000000000000000000000000000000        0.28457076570916617     
   252.000000000000000000000000000000000        0.28791377298297233     
   253.000000000000000000000000000000000        0.29110038454417803     
   254.000000000000000000000000000000000        0.29412588571021675     
   255.000000000000000000000000000000000        0.29698717839418265     
   256.000000000000000000000000000000000        0.29968023976169506     
   257.000000000000000000000000000000000        0.30220246738957851     
   258.000000000000000000000000000000000        0.30455040924272725     
   259.000000000000000000000000000000000        0.30672084316540488     
   260.000000000000000000000000000000000        0.30871123389986743     
   261.000000000000000000000000000000000        0.31052029264786840     
   262.000000000000000000000000000000000        0.31214389078599603     
   263.000000000000000000000000000000000        0.31358230529974057     
   264.000000000000000000000000000000000        0.31483169430771779     
   265.000000000000000000000000000000000        0.31589196330249930     
   266.000000000000000000000000000000000        0.31676085398005555     
   267.000000000000000000000000000000000        0.31743801423401652     
   268.000000000000000000000000000000000        0.31792190493286698     
   269.000000000000000000000000000000000        0.31821292588898648     
   270.000000000000000000000000000000000        0.31830972707307986     
   271.000000000000000000000000000000000        0.31821292297546128     
   272.000000000000000000000000000000000        0.31792189388499181     
   273.000000000000000000000000000000000        0.31743800550774454     
   274.000000000000000000000000000000000        0.31676115071577021     
   275.000000000000000000000000000000000        0.31589194880610277     
   276.000000000000000000000000000000000        0.31483223498457769     
   277.000000000000000000000000000000000        0.31358228510351871     
   278.000000000000000000000000000000000        0.31214463911341894     
   279.000000000000000000000000000000000        0.31052026685027656     
   280.000000000000000000000000000000000        0.30871192877760650     
   281.000000000000000000000000000000000        0.30672081189233008     
   282.000000000000000000000000000000000        0.30455063999309545     
   283.000000000000000000000000000000000        0.30220243079320119     
   284.000000000000000000000000000000000        0.29968061208669056     
   285.000000000000000000000000000000000        0.29698713665282123     
   286.000000000000000000000000000000000        0.29412612182571313     
   287.000000000000000000000000000000000        0.29110033786123957     
   288.000000000000000000000000000000000        0.28791422579139370     
   289.000000000000000000000000000000000        0.28457071431202746     
   290.000000000000000000000000000000000        0.28107458310781874     
   291.000000000000000000000000000000000        0.27743007767685152     
   292.000000000000000000000000000000000        0.27364151466156028     
   293.000000000000000000000000000000000        0.26971321642121471     
   294.000000000000000000000000000000000        0.26565070526267076     
   295.000000000000000000000000000000000        0.26145772631951031     
   296.000000000000000000000000000000000        0.25714053074218590     
   297.000000000000000000000000000000000        0.25270382729228674     
   298.000000000000000000000000000000000        0.24815352683419772     
   299.000000000000000000000000000000000        0.24349416745778801     
   300.000000000000000000000000000000000        0.23873284204364242     
   301.000000000000000000000000000000000        0.23387361535523868     
   302.000000000000000000000000000000000        0.22892410557592940     
   303.000000000000000000000000000000000        0.22388904135048870     
   304.000000000000000000000000000000000        0.21877586414720759     
   305.000000000000000000000000000000000        0.21358908928686307     
   306.000000000000000000000000000000000        0.20833671223039330     
   307.000000000000000000000000000000000        0.20302393949854716     
   308.000000000000000000000000000000000        0.19765783325672770     
   309.000000000000000000000000000000000        0.19224506433567137     
   310.000000000000000000000000000000000        0.18679182060832228     
   311.000000000000000000000000000000000        0.18130497739799004     
   312.000000000000000000000000000000000        0.17579118943511440     
   313.000000000000000000000000000000000        0.17025697769198622     
   314.000000000000000000000000000000000        0.16470927101210930     
   315.000000000000000000000000000000000        0.15915488996488067     
   316.000000000000000000000000000000000        0.15360002523506491     
   317.000000000000000000000000000000000        0.14805280247489536     
   318.000000000000000000000000000000000        0.14251852907919704     
   319.000000000000000000000000000000000        0.13700480347954988     
   320.000000000000000000000000000000000        0.13151751104096021     
   321.000000000000000000000000000000000        0.12606471772224984     
   322.000000000000000000000000000000000        0.12065173525302837     
   323.000000000000000000000000000000000        0.11528584420415165     
   324.000000000000000000000000000000000        0.10997319071215608     
   325.000000000000000000000000000000000        0.10472069651642647     
   326.000000000000000000000000000000000         9.9534390816884116E-002
   327.000000000000000000000000000000000         9.4420746999545738E-002
   328.000000000000000000000000000000000         8.9385817387823321E-002
   329.000000000000000000000000000000000         8.4436175974824224E-002
   330.000000000000000000000000000000000         7.9577392429401983E-002
   331.000000000000000000000000000000000         7.4815627271547003E-002
   332.000000000000000000000000000000000         7.0156869453178963E-002
   333.000000000000000000000000000000000         6.5605971238406419E-002
   334.000000000000000000000000000000000         6.1169320983286118E-002
   335.000000000000000000000000000000000         5.6852076396507065E-002
   336.000000000000000000000000000000000         5.2659348787045819E-002
   337.000000000000000000000000000000000         4.8596590843722288E-002
   338.000000000000000000000000000000000         4.4668365896084250E-002
   339.000000000000000000000000000000000         4.0879734478295765E-002
   340.000000000000000000000000000000000         3.7235118436015534E-002
   341.000000000000000000000000000000000         3.3739103050657089E-002
   342.000000000000000000000000000000000         3.0395819636461381E-002
   343.000000000000000000000000000000000         2.7209485001435361E-002
   344.000000000000000000000000000000000         2.4183599929824533E-002
   345.000000000000000000000000000000000         2.1322691975041008E-002
   346.000000000000000000000000000000000         1.8629417591774000E-002
   347.000000000000000000000000000000000         1.6107403837051358E-002
   348.000000000000000000000000000000000         1.3759636493684205E-002
   349.000000000000000000000000000000000         1.1589028948399563E-002
   350.000000000000000000000000000000000         9.5981980487452098E-003
   351.000000000000000000000000000000000         7.7895803786065696E-003
   352.000000000000000000000000000000000         6.1654648260657807E-003
   353.000000000000000000000000000000000         4.7275686602051975E-003
   354.000000000000000000000000000000000         3.4779043770657931E-003
   355.000000000000000000000000000000000         2.4179116073326282E-003
   356.000000000000000000000000000000000         1.5488753641344209E-003
   357.000000000000000000000000000000000         8.7186163760090939E-004
   358.000000000000000000000000000000000         3.8769070352725527E-004
   359.000000000000000000000000000000000         9.6950951482369210E-005
   360.000000000000000000000000000000000         4.0436370206707823E-013
