   1.00000000000000000000000000000000000         9.6952893806510619E-005
   2.00000000000000000000000000000000000         3.8769345305251205E-004
   3.00000000000000000000000000000000000         8.7186745513104691E-004
   4.00000000000000000000000000000000000         1.5488834438046085E-003
   5.00000000000000000000000000000000000         2.4179212717231830E-003
   6.00000000000000000000000000000000000         3.4779174231045480E-003
   7.00000000000000000000000000000000000         4.7275821243764502E-003
   8.00000000000000000000000000000000000         6.1654006597594343E-003
   9.00000000000000000000000000000000000         7.7895975769588276E-003
   10.0000000000000000000000000000000000         9.5982176295353275E-003
   11.0000000000000000000000000000000000         1.1589049797143598E-002
   12.0000000000000000000000000000000000         1.3759656520037031E-002
   13.0000000000000000000000000000000000         1.6107428234612847E-002
   14.0000000000000000000000000000000000         1.8629469535877113E-002
   15.0000000000000000000000000000000000         2.1322719802569140E-002
   16.0000000000000000000000000000000000         2.4183881470510229E-002
   17.0000000000000000000000000000000000         2.7209516123326824E-002
   18.0000000000000000000000000000000000         3.0395887288767551E-002
   19.0000000000000000000000000000000000         3.3739137315353072E-002
   20.0000000000000000000000000000000000         3.7235204268032590E-002
   21.0000000000000000000000000000000000         4.0879771718785811E-002
   22.0000000000000000000000000000000000         4.4668460003509443E-002
   23.0000000000000000000000000000000000         4.8596630878644589E-002
   24.0000000000000000000000000000000000         5.2659490630566401E-002
   25.0000000000000000000000000000000000         5.6852119030715360E-002
   26.0000000000000000000000000000000000         6.1169383449897863E-002
   27.0000000000000000000000000000000000         6.5606016264321845E-002
   28.0000000000000000000000000000000000         7.0156627240557379E-002
   29.0000000000000000000000000000000000         7.4815674469701471E-002
   30.0000000000000000000000000000000000         7.9577482006476810E-002
   31.0000000000000000000000000000000000         8.4436225115331900E-002
   32.0000000000000000000000000000000000         8.9385964687902927E-002
   33.0000000000000000000000000000000000         9.4420797842928131E-002
   34.0000000000000000000000000000000000         9.9534454678106538E-002
   35.0000000000000000000000000000000000        0.10472074881508724     
   36.0000000000000000000000000000000000        0.10997342013858780     
   37.0000000000000000000000000000000000        0.11528589770323391     
   38.0000000000000000000000000000000000        0.12065188112324410     
   39.0000000000000000000000000000000000        0.12606477216112541     
   40.0000000000000000000000000000000000        0.13151795142898662     
   41.0000000000000000000000000000000000        0.13700485859297618     
   42.0000000000000000000000000000000000        0.14251870841020997     
   43.0000000000000000000000000000000000        0.14805285799440410     
   44.0000000000000000000000000000000000        0.15360055146475041     
   45.0000000000000000000000000000000000        0.15915494561988888     
   46.0000000000000000000000000000000000        0.16470938111418873     
   47.0000000000000000000000000000000000        0.17025703321148017     
   48.0000000000000000000000000000000000        0.17579114964017847     
   49.0000000000000000000000000000000000        0.18130503251140317     
   50.0000000000000000000000000000000000        0.18679192266687011     
   51.0000000000000000000000000000000000        0.19224511877460013     
   52.0000000000000000000000000000000000        0.19765805026750147     
   53.0000000000000000000000000000000000        0.20302399299754481     
   54.0000000000000000000000000000000000        0.20833650361953818     
   55.0000000000000000000000000000000000        0.21358914158558887     
   56.0000000000000000000000000000000000        0.21877545539009155     
   57.0000000000000000000000000000000000        0.22388909219394057     
   58.0000000000000000000000000000000000        0.22892388579580555     
   59.0000000000000000000000000000000000        0.23387366449579755     
   60.0000000000000000000000000000000000        0.23873235658708503     
   61.0000000000000000000000000000000000        0.24349421465586085     
   62.0000000000000000000000000000000000        0.24815324969499203     
   63.0000000000000000000000000000000000        0.25270387231815827     
   64.0000000000000000000000000000000000        0.25714050454138077     
   65.0000000000000000000000000000000000        0.26145776895386152     
   66.0000000000000000000000000000000000        0.26565037406054332     
   67.0000000000000000000000000000000000        0.26971325645609462     
   68.0000000000000000000000000000000000        0.27364144686563657     
   69.0000000000000000000000000000000000        0.27743011491735664     
   70.0000000000000000000000000000000000        0.28107473826749679     
   71.0000000000000000000000000000000000        0.28457074857682135     
   72.0000000000000000000000000000000000        0.28791398399333001     
   73.0000000000000000000000000000000000        0.29110036898316166     
   74.0000000000000000000000000000000000        0.29412594842061718     
   75.0000000000000000000000000000000000        0.29698716448033519     
   76.0000000000000000000000000000000000        0.29968038098956090     
   77.0000000000000000000000000000000000        0.30220245519079220     
   78.0000000000000000000000000000000000        0.30455018564810393     
   79.0000000000000000000000000000000000        0.30672083274106071     
   80.0000000000000000000000000000000000        0.30871172215366677     
   81.0000000000000000000000000000000000        0.31052028404864701     
   82.0000000000000000000000000000000000        0.31214449446385745     
   83.0000000000000000000000000000000000        0.31358229856768832     
   84.0000000000000000000000000000000000        0.31483190436181352     
   85.0000000000000000000000000000000000        0.31589195847038587     
   86.0000000000000000000000000000000000        0.31676101650784183     
   87.0000000000000000000000000000000000        0.31743801132526966     
   88.0000000000000000000000000000000000        0.31792218441799591     
   89.0000000000000000000000000000000000        0.31821292491779585     
   90.0000000000000000000000000000000000        0.31830985612365464     
   91.0000000000000000000000000000000000        0.31821292394662209     
   92.0000000000000000000000000000000000        0.31792218553743112     
   93.0000000000000000000000000000000000        0.31743800841648773     
   94.0000000000000000000000000000000000        0.31676099938708890     
   95.0000000000000000000000000000000000        0.31589195363819633     
   96.0000000000000000000000000000000000        0.31483195301570899     
   97.0000000000000000000000000000000000        0.31358229183559494     
   98.0000000000000000000000000000000000        0.31214446746172769     
   99.0000000000000000000000000000000000        0.31052027544944794     
   100.000000000000000000000000000000000        0.30871160497174932     
   101.000000000000000000000000000000000        0.30672082231668252     
   102.000000000000000000000000000000000        0.30455022333456655     
   103.000000000000000000000000000000000        0.30220244299200921     
   104.000000000000000000000000000000000        0.29968038135405972     
   105.000000000000000000000000000000000        0.29698715056656438     
   106.000000000000000000000000000000000        0.29412594058143887     
   107.000000000000000000000000000000000        0.29110035342219936     
   108.000000000000000000000000000000000        0.28791398960262288     
   109.000000000000000000000000000000000        0.28457073144449063     
   110.000000000000000000000000000000000        0.28107470395608869     
   111.000000000000000000000000000000000        0.27743009629709497     
   112.000000000000000000000000000000000        0.27364144697268716     
   113.000000000000000000000000000000000        0.26971323643864009     
   114.000000000000000000000000000000000        0.26565037925192292     
   115.000000000000000000000000000000000        0.26145774763672797     
   116.000000000000000000000000000000000        0.25714045188068424     
   117.000000000000000000000000000000000        0.25270384980522265     
   118.000000000000000000000000000000000        0.24815320892238760     
   119.000000000000000000000000000000000        0.24349419105675810     
   120.000000000000000000000000000000000        0.23873242663259051     
   121.000000000000000000000000000000000        0.23387363992554847     
   122.000000000000000000000000000000000        0.22892387919012450     
   123.000000000000000000000000000000000        0.22388906677221643     
   124.000000000000000000000000000000000        0.21877537848945056     
   125.000000000000000000000000000000000        0.21358911543625891     
   126.000000000000000000000000000000000        0.20833650983807703     
   127.000000000000000000000000000000000        0.20302396624800209     
   128.000000000000000000000000000000000        0.19765796909952979     
   129.000000000000000000000000000000000        0.19224509155517358     
   130.000000000000000000000000000000000        0.18679186019285096     
   131.000000000000000000000000000000000        0.18130500495468047     
   132.000000000000000000000000000000000        0.17579112346373760     
   133.000000000000000000000000000000000        0.17025700545173797     
   134.000000000000000000000000000000000        0.16470932083451972     
   135.000000000000000000000000000000000        0.15915491779235372     
   136.000000000000000000000000000000000        0.15360048277671948     
   137.000000000000000000000000000000000        0.14805283023466517     
   138.000000000000000000000000000000000        0.14251864563877470     
   139.000000000000000000000000000000000        0.13700483103625211     
   140.000000000000000000000000000000000        0.13151794247309465     
   141.000000000000000000000000000000000        0.12606474494169323     
   142.000000000000000000000000000000000        0.12065180806635598     
   143.000000000000000000000000000000000        0.11528587095368735     
   144.000000000000000000000000000000000        0.10997331932448798     
   145.000000000000000000000000000000000        0.10472072266576095     
   146.000000000000000000000000000000000         9.9534467192921458E-002
   147.000000000000000000000000000000000         9.4420772421211427E-002
   148.000000000000000000000000000000000         8.9385986443648785E-002
   149.000000000000000000000000000000000         8.4436200545081636E-002
   150.000000000000000000000000000000000         7.9577444037340919E-002
   151.000000000000000000000000000000000         7.4815650870612066E-002
   152.000000000000000000000000000000000         7.0156605771002703E-002
   153.000000000000000000000000000000000         6.5605993751377448E-002
   154.000000000000000000000000000000000         6.1169361589403552E-002
   155.000000000000000000000000000000000         5.6852097713589803E-002
   156.000000000000000000000000000000000         5.2659486362790588E-002
   157.000000000000000000000000000000000         4.8596610861198271E-002
   158.000000000000000000000000000000000         4.4668433406962117E-002
   159.000000000000000000000000000000000         4.0879753098530168E-002
   160.000000000000000000000000000000000         3.7235161698411977E-002
   161.000000000000000000000000000000000         3.3739120183013657E-002
   162.000000000000000000000000000000000         3.0395884826743599E-002
   163.000000000000000000000000000000000         2.7209500562368590E-002
   164.000000000000000000000000000000000         2.4183882087667596E-002
   165.000000000000000000000000000000000         2.1322705888802775E-002
   166.000000000000000000000000000000000         1.8629463958041326E-002
   167.000000000000000000000000000000000         1.6107416035823111E-002
   168.000000000000000000000000000000000         1.3759656593479622E-002
   169.000000000000000000000000000000000         1.1589039372767885E-002
   170.000000000000000000000000000000000         9.5981967104923644E-003
   171.000000000000000000000000000000000         7.7895889777788371E-003
   172.000000000000000000000000000000000         6.1653844211749546E-003
   173.000000000000000000000000000000000         4.7275753922891902E-003
   174.000000000000000000000000000000000         3.4779056013853607E-003
   175.000000000000000000000000000000000         2.4179164395247174E-003
   176.000000000000000000000000000000000         1.5488827727619370E-003
   177.000000000000000000000000000000000         8.7186454636464978E-004
   178.000000000000000000000000000000000         3.8769125693060430E-004
   179.000000000000000000000000000000000         9.6951922641907550E-005
   180.000000000000000000000000000000000         2.4279464743260089E-015
   181.000000000000000000000000000000000         9.6953864975715502E-005
   182.000000000000000000000000000000000         3.8769548515476008E-004
   183.000000000000000000000000000000000         8.7187036390326360E-004
   184.000000000000000000000000000000000         1.5488889740149041E-003
   185.000000000000000000000000000000000         2.4179261039258336E-003
   186.000000000000000000000000000000000         3.4779232433798483E-003
   187.000000000000000000000000000000000         4.7275888564697038E-003
   188.000000000000000000000000000000000         6.1653998375838653E-003
   189.000000000000000000000000000000000         7.7896061761416760E-003
   190.000000000000000000000000000000000         9.5982318500302723E-003
   191.000000000000000000000000000000000         1.1589060221526896E-002
   192.000000000000000000000000000000000         1.3759679488821156E-002
   193.000000000000000000000000000000000         1.6107440433401773E-002
   194.000000000000000000000000000000000         1.8629486103068912E-002
   195.000000000000000000000000000000000         2.1322733716338513E-002
   196.000000000000000000000000000000000         2.4183910629279576E-002
   197.000000000000000000000000000000000         2.7209531684290408E-002
   198.000000000000000000000000000000000         3.0395903157214483E-002
   199.000000000000000000000000000000000         3.3739154447695666E-002
   200.000000000000000000000000000000000         3.7235203921216556E-002
   201.000000000000000000000000000000000         4.0879790339037186E-002
   202.000000000000000000000000000000000         4.4668460980841165E-002
   203.000000000000000000000000000000000         4.8596650896102211E-002
   204.000000000000000000000000000000000         5.2659526675615347E-002
   205.000000000000000000000000000000000         5.6852140347848253E-002
   206.000000000000000000000000000000000         6.1169409310644358E-002
   207.000000000000000000000000000000000         6.5606038777271419E-002
   208.000000000000000000000000000000000         7.0156654158560317E-002
   209.000000000000000000000000000000000         7.4815698068790973E-002
   210.000000000000000000000000000000000         7.9577488092411261E-002
   211.000000000000000000000000000000000         8.4436249685597223E-002
   212.000000000000000000000000000000000         8.9386034389487432E-002
   213.000000000000000000000000000000000         9.4420823264648027E-002
   214.000000000000000000000000000000000         9.9534472242261515E-002
   215.000000000000000000000000000000000        0.10472077496442386     
   216.000000000000000000000000000000000        0.10997336774664289     
   217.000000000000000000000000000000000        0.11528592445277640     
   218.000000000000000000000000000000000        0.12065190821690482     
   219.000000000000000000000000000000000        0.12606479938056389     
   220.000000000000000000000000000000000        0.13151799816413937     
   221.000000000000000000000000000000000        0.13700488614968911     
   222.000000000000000000000000000000000        0.14251875210417486     
   223.000000000000000000000000000000000        0.14805288575415687     
   224.000000000000000000000000000000000        0.15360053538761709     
   225.000000000000000000000000000000000        0.15915497344742127     
   226.000000000000000000000000000000000        0.16470940034089060     
   227.000000000000000000000000000000000        0.17025706097123153     
   228.000000000000000000000000000000000        0.17579120724333214     
   229.000000000000000000000000000000000        0.18130506006811542     
   230.000000000000000000000000000000000        0.18679196884882937     
   231.000000000000000000000000000000000        0.19224514599404455     
   232.000000000000000000000000000000000        0.19765806000802752     
   233.000000000000000000000000000000000        0.20302401974708481     
   234.000000000000000000000000000000000        0.20833658106336281     
   235.000000000000000000000000000000000        0.21358916773491993     
   236.000000000000000000000000000000000        0.21877548973985295     
   237.000000000000000000000000000000000        0.22388911761565800     
   238.000000000000000000000000000000000        0.22892392804669789     
   239.000000000000000000000000000000000        0.23387368906605449     
   240.000000000000000000000000000000000        0.23873245777785165     
   241.000000000000000000000000000000000        0.24349423825494082     
   242.000000000000000000000000000000000        0.24815328816051488     
   243.000000000000000000000000000000000        0.25270389483110800     
   244.000000000000000000000000000000000        0.25714055206011627     
   245.000000000000000000000000000000000        0.26145779027097571     
   246.000000000000000000000000000000000        0.26565041497772923     
   247.000000000000000000000000000000000        0.26971327647354465     
   248.000000000000000000000000000000000        0.27364142637519834     
   249.000000000000000000000000000000000        0.27743013353761059     
   250.000000000000000000000000000000000        0.28107471014089130     
   251.000000000000000000000000000000000        0.28457076570916617     
   252.000000000000000000000000000000000        0.28791398953224639     
   253.000000000000000000000000000000000        0.29110038454412529     
   254.000000000000000000000000000000000        0.29412599139057066     
   255.000000000000000000000000000000000        0.29698717839409744     
   256.000000000000000000000000000000000        0.29968040983363536     
   257.000000000000000000000000000000000        0.30220246738957851     
   258.000000000000000000000000000000000        0.30455024314989304     
   259.000000000000000000000000000000000        0.30672084316542653     
   260.000000000000000000000000000000000        0.30871163301524068     
   261.000000000000000000000000000000000        0.31052029264782482     
   262.000000000000000000000000000000000        0.31214443992205093     
   263.000000000000000000000000000000000        0.31358230529976244     
   264.000000000000000000000000000000000        0.31483194310193574     
   265.000000000000000000000000000000000        0.31589196330257618     
   266.000000000000000000000000000000000        0.31676098475226894     
   267.000000000000000000000000000000000        0.31743801423402751     
   268.000000000000000000000000000000000        0.31792216063347545     
   269.000000000000000000000000000000000        0.31821292588895339     
   270.000000000000000000000000000000000        0.31830986338501127     
   271.000000000000000000000000000000000        0.31821292297545023     
   272.000000000000000000000000000000000        0.31792215432528281     
   273.000000000000000000000000000000000        0.31743800550772250     
   274.000000000000000000000000000000000        0.31676100174392335     
   275.000000000000000000000000000000000        0.31589194880599297     
   276.000000000000000000000000000000000        0.31483197752126413     
   277.000000000000000000000000000000000        0.31358228510349684     
   278.000000000000000000000000000000000        0.31214448847862475     
   279.000000000000000000000000000000000        0.31052026685027656     
   280.000000000000000000000000000000000        0.30871167158493051     
   281.000000000000000000000000000000000        0.30672081189229761     
   282.000000000000000000000000000000000        0.30455023375477902     
   283.000000000000000000000000000000000        0.30220243079321191     
   284.000000000000000000000000000000000        0.29968040882298014     
   285.000000000000000000000000000000000        0.29698713665278931     
   286.000000000000000000000000000000000        0.29412597316380557     
   287.000000000000000000000000000000000        0.29110033786123957     
   288.000000000000000000000000000000000        0.28791398702842602     
   289.000000000000000000000000000000000        0.28457071431213166     
   290.000000000000000000000000000000000        0.28107465849266616     
   291.000000000000000000000000000000000        0.27743007767684119     
   292.000000000000000000000000000000000        0.27364140075474058     
   293.000000000000000000000000000000000        0.26971321642118429     
   294.000000000000000000000000000000000        0.26565037887861115     
   295.000000000000000000000000000000000        0.26145772631959019     
   296.000000000000000000000000000000000        0.25714047286487313     
   297.000000000000000000000000000000000        0.25270382729226709     
   298.000000000000000000000000000000000        0.24815324186632404     
   299.000000000000000000000000000000000        0.24349416745768676     
   300.000000000000000000000000000000000        0.23873241182820340     
   301.000000000000000000000000000000000        0.23387361535528592     
   302.000000000000000000000000000000000        0.22892385527729334     
   303.000000000000000000000000000000000        0.22388904135050258     
   304.000000000000000000000000000000000        0.21877542899011934     
   305.000000000000000000000000000000000        0.21358908928692177     
   306.000000000000000000000000000000000        0.20833649651855765     
   307.000000000000000000000000000000000        0.20302393949846792     
   308.000000000000000000000000000000000        0.19765794544318582     
   309.000000000000000000000000000000000        0.19224506433572278     
   310.000000000000000000000000000000000        0.18679185319834968     
   311.000000000000000000000000000000000        0.18130497739796092     
   312.000000000000000000000000000000000        0.17579111905110997     
   313.000000000000000000000000000000000        0.17025697769198220     
   314.000000000000000000000000000000000        0.16470931310145315     
   315.000000000000000000000000000000000        0.15915488996482610     
   316.000000000000000000000000000000000        0.15360042200423304     
   317.000000000000000000000000000000000        0.14805280247491037     
   318.000000000000000000000000000000000        0.14251865566424105     
   319.000000000000000000000000000000000        0.13700480347953906     
   320.000000000000000000000000000000000        0.13151788648062171     
   321.000000000000000000000000000000000        0.12606471772225677     
   322.000000000000000000000000000000000        0.12065181749483186     
   323.000000000000000000000000000000000        0.11528584420415165     
   324.000000000000000000000000000000000        0.10997329914927036     
   325.000000000000000000000000000000000        0.10472069651643279     
   326.000000000000000000000000000000000         9.9534401448866314E-002
   327.000000000000000000000000000000000         9.4420746999500704E-002
   328.000000000000000000000000000000000         8.9385946866059579E-002
   329.000000000000000000000000000000000         8.4436175974829900E-002
   330.000000000000000000000000000000000         7.9577422113489268E-002
   331.000000000000000000000000000000000         7.4815627271530960E-002
   332.000000000000000000000000000000000         7.0156610357286806E-002
   333.000000000000000000000000000000000         6.5605971238426444E-002
   334.000000000000000000000000000000000         6.1169332457521104E-002
   335.000000000000000000000000000000000         5.6852076396469789E-002
   336.000000000000000000000000000000000         5.2659449180456258E-002
   337.000000000000000000000000000000000         4.8596590843743827E-002
   338.000000000000000000000000000000000         4.4668415491380536E-002
   339.000000000000000000000000000000000         4.0879734478281936E-002
   340.000000000000000000000000000000000         3.7235145727207285E-002
   341.000000000000000000000000000000000         3.3739103050675935E-002
   342.000000000000000000000000000000000         3.0395853958193386E-002
   343.000000000000000000000000000000000         2.7209485001416827E-002
   344.000000000000000000000000000000000         2.4183842904318784E-002
   345.000000000000000000000000000000000         2.1322691975042433E-002
   346.000000000000000000000000000000000         1.8629441156507345E-002
   347.000000000000000000000000000000000         1.6107403837043295E-002
   348.000000000000000000000000000000000         1.3759644667671623E-002
   349.000000000000000000000000000000000         1.1589028948397723E-002
   350.000000000000000000000000000000000         9.5981986698333525E-003
   351.000000000000000000000000000000000         7.7895803786046294E-003
   352.000000000000000000000000000000000         6.1653855181494060E-003
   353.000000000000000000000000000000000         4.7275686602057014E-003
   354.000000000000000000000000000000000         3.4779057463369743E-003
   355.000000000000000000000000000000000         2.4179116073312469E-003
   356.000000000000000000000000000000000         1.5488770867186470E-003
   357.000000000000000000000000000000000         8.7186163760206330E-004
   358.000000000000000000000000000000000         3.8768967586244124E-004
   359.000000000000000000000000000000000         9.6950951482155772E-005
   360.000000000000000000000000000000000         9.2980221999091177E-016
