   1.00000000000000000000000000000000000         9.6952893807545788E-005
   2.00000000000000000000000000000000000         3.8769345305455594E-004
   3.00000000000000000000000000000000000         8.7186745512824197E-004
   4.00000000000000000000000000000000000         1.5488738813594558E-003
   5.00000000000000000000000000000000000         2.4179212717242689E-003
   6.00000000000000000000000000000000000         3.4779172116491943E-003
   7.00000000000000000000000000000000000         4.7275821243762464E-003
   8.00000000000000000000000000000000000         6.1654490110488475E-003
   9.00000000000000000000000000000000000         7.7895975769662279E-003
   10.0000000000000000000000000000000000         9.5982167803087739E-003
   11.0000000000000000000000000000000000         1.1589049797135723E-002
   12.0000000000000000000000000000000000         1.3759585505620984E-002
   13.0000000000000000000000000000000000         1.6107428234626978E-002
   14.0000000000000000000000000000000000         1.8629468563447802E-002
   15.0000000000000000000000000000000000         2.1322719802567610E-002
   16.0000000000000000000000000000000000         2.4183785060345239E-002
   17.0000000000000000000000000000000000         2.7209516123326030E-002
   18.0000000000000000000000000000000000         3.0395869610391812E-002
   19.0000000000000000000000000000000000         3.3739137315353961E-002
   20.0000000000000000000000000000000000         3.7235326339415488E-002
   21.0000000000000000000000000000000000         4.0879771718797794E-002
   22.0000000000000000000000000000000000         4.4668464761791808E-002
   23.0000000000000000000000000000000000         4.8596630878633536E-002
   24.0000000000000000000000000000000000         5.2659428436747480E-002
   25.0000000000000000000000000000000000         5.6852119030708373E-002
   26.0000000000000000000000000000000000         6.1169419884885508E-002
   27.0000000000000000000000000000000000         6.5606016264331796E-002
   28.0000000000000000000000000000000000         7.0156610383355730E-002
   29.0000000000000000000000000000000000         7.4815674469710852E-002
   30.0000000000000000000000000000000000         7.9577534919025014E-002
   31.0000000000000000000000000000000000         8.4436225115307739E-002
   32.0000000000000000000000000000000000         8.9385686982794324E-002
   33.0000000000000000000000000000000000         9.4420797842929297E-002
   34.0000000000000000000000000000000000         9.9534457974440660E-002
   35.0000000000000000000000000000000000        0.10472074881508009     
   36.0000000000000000000000000000000000        0.10997376827694053     
   37.0000000000000000000000000000000000        0.11528589770322686     
   38.0000000000000000000000000000000000        0.12065188855095514     
   39.0000000000000000000000000000000000        0.12606477216110895     
   40.0000000000000000000000000000000000        0.13151777873855330     
   41.0000000000000000000000000000000000        0.13700485859298883     
   42.0000000000000000000000000000000000        0.14251861337991070     
   43.0000000000000000000000000000000000        0.14805285799438389     
   44.0000000000000000000000000000000000        0.15360075472440907     
   45.0000000000000000000000000000000000        0.15915494561988791     
   46.0000000000000000000000000000000000        0.16470943053461326     
   47.0000000000000000000000000000000000        0.17025703321149124     
   48.0000000000000000000000000000000000        0.17579104231225978     
   49.0000000000000000000000000000000000        0.18130503251144633     
   50.0000000000000000000000000000000000        0.18679199188074080     
   51.0000000000000000000000000000000000        0.19224511877459050     
   52.0000000000000000000000000000000000        0.19765829073260846     
   53.0000000000000000000000000000000000        0.20302399299752996     
   54.0000000000000000000000000000000000        0.20833635836636466     
   55.0000000000000000000000000000000000        0.21358914158559569     
   56.0000000000000000000000000000000000        0.21877557334779341     
   57.0000000000000000000000000000000000        0.22388909219393358     
   58.0000000000000000000000000000000000        0.22892392304169323     
   59.0000000000000000000000000000000000        0.23387366449576336     
   60.0000000000000000000000000000000000        0.23873199333949757     
   61.0000000000000000000000000000000000        0.24349421465589877     
   62.0000000000000000000000000000000000        0.24815319367415761     
   63.0000000000000000000000000000000000        0.25270387231811386     
   64.0000000000000000000000000000000000        0.25714046627960252     
   65.0000000000000000000000000000000000        0.26145776895388173     
   66.0000000000000000000000000000000000        0.26565029585255667     
   67.0000000000000000000000000000000000        0.26971325645611216     
   68.0000000000000000000000000000000000        0.27364156358293557     
   69.0000000000000000000000000000000000        0.27743011491737102     
   70.0000000000000000000000000000000000        0.28107496004357707     
   71.0000000000000000000000000000000000        0.28457074857677433     
   72.0000000000000000000000000000000000        0.28791391475814276     
   73.0000000000000000000000000000000000        0.29110036898314995     
   74.0000000000000000000000000000000000        0.29412570989282505     
   75.0000000000000000000000000000000000        0.29698716448039364     
   76.0000000000000000000000000000000000        0.29968017826225191     
   77.0000000000000000000000000000000000        0.30220245519078009     
   78.0000000000000000000000000000000000        0.30455000722476872     
   79.0000000000000000000000000000000000        0.30672083274109313     
   80.0000000000000000000000000000000000        0.30871207560435993     
   81.0000000000000000000000000000000000        0.31052028404866883     
   82.0000000000000000000000000000000000        0.31214453143877474     
   83.0000000000000000000000000000000000        0.31358229856774167     
   84.0000000000000000000000000000000000        0.31483154747716230     
   85.0000000000000000000000000000000000        0.31589195847037338     
   86.0000000000000000000000000000000000        0.31676115250440329     
   87.0000000000000000000000000000000000        0.31743801132530280     
   88.0000000000000000000000000000000000        0.31792218181748566     
   89.0000000000000000000000000000000000        0.31821292491784531     
   90.0000000000000000000000000000000000        0.31830972655371570     
   91.0000000000000000000000000000000000        0.31821292394662787     
   92.0000000000000000000000000000000000        0.31792220164050178     
   93.0000000000000000000000000000000000        0.31743800841644759     
   94.0000000000000000000000000000000000        0.31676105442419517     
   95.0000000000000000000000000000000000        0.31589195363825012     
   96.0000000000000000000000000000000000        0.31483192881717265     
   97.0000000000000000000000000000000000        0.31358229183563024     
   98.0000000000000000000000000000000000        0.31214438629774077     
   99.0000000000000000000000000000000000        0.31052027544935851     
   100.000000000000000000000000000000000        0.30871130047366813     
   101.000000000000000000000000000000000        0.30672082231671732     
   102.000000000000000000000000000000000        0.30455034438585388     
   103.000000000000000000000000000000000        0.30220244299202836     
   104.000000000000000000000000000000000        0.29968026069121767     
   105.000000000000000000000000000000000        0.29698715056660513     
   106.000000000000000000000000000000000        0.29412574426410321     
   107.000000000000000000000000000000000        0.29110035342217216     
   108.000000000000000000000000000000000        0.28791405460353697     
   109.000000000000000000000000000000000        0.28457073144451089     
   110.000000000000000000000000000000000        0.28107482536194039     
   111.000000000000000000000000000000000        0.27743009629706855     
   112.000000000000000000000000000000000        0.27364168247585774     
   113.000000000000000000000000000000000        0.26971323643865347     
   114.000000000000000000000000000000000        0.26565045914613106     
   115.000000000000000000000000000000000        0.26145774763671487     
   116.000000000000000000000000000000000        0.25714022581046275     
   117.000000000000000000000000000000000        0.25270384980526001     
   118.000000000000000000000000000000000        0.24815304471943822     
   119.000000000000000000000000000000000        0.24349419105670231     
   120.000000000000000000000000000000000        0.23873263871458250     
   121.000000000000000000000000000000000        0.23387363992555285     
   122.000000000000000000000000000000000        0.22892402891434827     
   123.000000000000000000000000000000000        0.22388906677216880     
   124.000000000000000000000000000000000        0.21877518417307265     
   125.000000000000000000000000000000000        0.21358911543626313     
   126.000000000000000000000000000000000        0.20833656432102696     
   127.000000000000000000000000000000000        0.20302396624798696     
   128.000000000000000000000000000000000        0.19765787854380201     
   129.000000000000000000000000000000000        0.19224509155522576     
   130.000000000000000000000000000000000        0.18679171509467962     
   131.000000000000000000000000000000000        0.18130500495469742     
   132.000000000000000000000000000000000        0.17579102529424179     
   133.000000000000000000000000000000000        0.17025700545178704     
   134.000000000000000000000000000000000        0.16470917183278475     
   135.000000000000000000000000000000000        0.15915491779234528     
   136.000000000000000000000000000000000        0.15360043622967512     
   137.000000000000000000000000000000000        0.14805283023470153     
   138.000000000000000000000000000000000        0.14251833613099990     
   139.000000000000000000000000000000000        0.13700483103622849     
   140.000000000000000000000000000000000        0.13151788252575533     
   141.000000000000000000000000000000000        0.12606474494170072     
   142.000000000000000000000000000000000        0.12065153404121545     
   143.000000000000000000000000000000000        0.11528587095365324     
   144.000000000000000000000000000000000        0.10997321311034665     
   145.000000000000000000000000000000000        0.10472072266576778     
   146.000000000000000000000000000000000         9.9534704643089528E-002
   147.000000000000000000000000000000000         9.4420772421212454E-002
   148.000000000000000000000000000000000         8.9385994536423374E-002
   149.000000000000000000000000000000000         8.4436200545080622E-002
   150.000000000000000000000000000000000         7.9577412190085364E-002
   151.000000000000000000000000000000000         7.4815650870602976E-002
   152.000000000000000000000000000000000         7.0156598694730871E-002
   153.000000000000000000000000000000000         6.5605993751406272E-002
   154.000000000000000000000000000000000         6.1169398439341605E-002
   155.000000000000000000000000000000000         5.6852097713589178E-002
   156.000000000000000000000000000000000         5.2659524465193307E-002
   157.000000000000000000000000000000000         4.8596610861222404E-002
   158.000000000000000000000000000000000         4.4668393762416408E-002
   159.000000000000000000000000000000000         4.0879753098527802E-002
   160.000000000000000000000000000000000         3.7235132932626397E-002
   161.000000000000000000000000000000000         3.3739120183015815E-002
   162.000000000000000000000000000000000         3.0395952059784022E-002
   163.000000000000000000000000000000000         2.7209500562365669E-002
   164.000000000000000000000000000000000         2.4183879565460004E-002
   165.000000000000000000000000000000000         2.1322705888796891E-002
   166.000000000000000000000000000000000         1.8629508735856077E-002
   167.000000000000000000000000000000000         1.6107416035815052E-002
   168.000000000000000000000000000000000         1.3759655196237229E-002
   169.000000000000000000000000000000000         1.1589039372762061E-002
   170.000000000000000000000000000000000         9.5981261857806012E-003
   171.000000000000000000000000000000000         7.7895889777790306E-003
   172.000000000000000000000000000000000         6.1653804106521683E-003
   173.000000000000000000000000000000000         4.7275753922922919E-003
   174.000000000000000000000000000000000         3.4778685030626031E-003
   175.000000000000000000000000000000000         2.4179164395247521E-003
   176.000000000000000000000000000000000         1.5488927768695510E-003
   177.000000000000000000000000000000000         8.7186454636621689E-004
   178.000000000000000000000000000000000         3.8768969876241201E-004
   179.000000000000000000000000000000000         9.6951922642463597E-005
   180.000000000000000000000000000000000         2.3986315357237781E-015
   181.000000000000000000000000000000000         9.6953864975448870E-005
   182.000000000000000000000000000000000         3.8769604095706747E-004
   183.000000000000000000000000000000000         8.7187036390264257E-004
   184.000000000000000000000000000000000         1.5488895398853089E-003
   185.000000000000000000000000000000000         2.4179261039233217E-003
   186.000000000000000000000000000000000         3.4779232433875006E-003
   187.000000000000000000000000000000000         4.7275888564753121E-003
   188.000000000000000000000000000000000         6.1653962902373377E-003
   189.000000000000000000000000000000000         7.7896061761437750E-003
   190.000000000000000000000000000000000         9.5982597408640416E-003
   191.000000000000000000000000000000000         1.1589060221537812E-002
   192.000000000000000000000000000000000         1.3759679670598796E-002
   193.000000000000000000000000000000000         1.6107440433404240E-002
   194.000000000000000000000000000000000         1.8629506537582705E-002
   195.000000000000000000000000000000000         2.1322733716336559E-002
   196.000000000000000000000000000000000         2.4183902294905926E-002
   197.000000000000000000000000000000000         2.7209531684297149E-002
   198.000000000000000000000000000000000         3.0395882495580288E-002
   199.000000000000000000000000000000000         3.3739154447694319E-002
   200.000000000000000000000000000000000         3.7235214562406749E-002
   201.000000000000000000000000000000000         4.0879790339012130E-002
   202.000000000000000000000000000000000         4.4668353580142026E-002
   203.000000000000000000000000000000000         4.8596650896107998E-002
   204.000000000000000000000000000000000         5.2659558379972750E-002
   205.000000000000000000000000000000000         5.6852140347856552E-002
   206.000000000000000000000000000000000         6.1169469776659990E-002
   207.000000000000000000000000000000000         6.5606038777279635E-002
   208.000000000000000000000000000000000         7.0156660816483099E-002
   209.000000000000000000000000000000000         7.4815698068800576E-002
   210.000000000000000000000000000000000         7.9577430922957187E-002
   211.000000000000000000000000000000000         8.4436249685631362E-002
   212.000000000000000000000000000000000         8.9386029791888533E-002
   213.000000000000000000000000000000000         9.4420823264653203E-002
   214.000000000000000000000000000000000         9.9534425200849180E-002
   215.000000000000000000000000000000000        0.10472077496445986     
   216.000000000000000000000000000000000        0.10997323397775423     
   217.000000000000000000000000000000000        0.11528592445275936     
   218.000000000000000000000000000000000        0.12065191621125161     
   219.000000000000000000000000000000000        0.12606479938055998     
   220.000000000000000000000000000000000        0.13151794360375016     
   221.000000000000000000000000000000000        0.13700488614966155     
   222.000000000000000000000000000000000        0.14251875496696562     
   223.000000000000000000000000000000000        0.14805288575416670     
   224.000000000000000000000000000000000        0.15360047044449648     
   225.000000000000000000000000000000000        0.15915497344740626     
   226.000000000000000000000000000000000        0.16470939730426287     
   227.000000000000000000000000000000000        0.17025706097126722     
   228.000000000000000000000000000000000        0.17579128280911516     
   229.000000000000000000000000000000000        0.18130506006812025     
   230.000000000000000000000000000000000        0.18679215281222952     
   231.000000000000000000000000000000000        0.19224514599409315     
   232.000000000000000000000000000000000        0.19765819499278875     
   233.000000000000000000000000000000000        0.20302401974705694     
   234.000000000000000000000000000000000        0.20833674734405788     
   235.000000000000000000000000000000000        0.21358916773495129     
   236.000000000000000000000000000000000        0.21877565993854417     
   237.000000000000000000000000000000000        0.22388911761565772     
   238.000000000000000000000000000000000        0.22892407064615972     
   239.000000000000000000000000000000000        0.23387368906604886     
   240.000000000000000000000000000000000        0.23873256564433251     
   241.000000000000000000000000000000000        0.24349423825494360     
   242.000000000000000000000000000000000        0.24815332622300601     
   243.000000000000000000000000000000000        0.25270389483108957     
   244.000000000000000000000000000000000        0.25714067018377706     
   245.000000000000000000000000000000000        0.26145779027092575     
   246.000000000000000000000000000000000        0.26565046044212970     
   247.000000000000000000000000000000000        0.26971327647356369     
   248.000000000000000000000000000000000        0.27364129974154833     
   249.000000000000000000000000000000000        0.27743013353763629     
   250.000000000000000000000000000000000        0.28107465072150173     
   251.000000000000000000000000000000000        0.28457076570916617     
   252.000000000000000000000000000000000        0.28791385418894055     
   253.000000000000000000000000000000000        0.29110038454415821     
   254.000000000000000000000000000000000        0.29412592534034726     
   255.000000000000000000000000000000000        0.29698717839415067     
   256.000000000000000000000000000000000        0.29968030353866698     
   257.000000000000000000000000000000000        0.30220246738957851     
   258.000000000000000000000000000000000        0.30455034695790911     
   259.000000000000000000000000000000000        0.30672084316541298     
   260.000000000000000000000000000000000        0.30871138356810218     
   261.000000000000000000000000000000000        0.31052029264785208     
   262.000000000000000000000000000000000        0.31214409671196003     
   263.000000000000000000000000000000000        0.31358230529974879     
   264.000000000000000000000000000000000        0.31483178760553798     
   265.000000000000000000000000000000000        0.31589196330252811     
   266.000000000000000000000000000000000        0.31676090301963239     
   267.000000000000000000000000000000000        0.31743801423402063     
   268.000000000000000000000000000000000        0.31792200082058308     
   269.000000000000000000000000000000000        0.31821292588897404     
   270.000000000000000000000000000000000        0.31830977819005074     
   271.000000000000000000000000000000000        0.31821292297545711     
   272.000000000000000000000000000000000        0.31792199155008843     
   273.000000000000000000000000000000000        0.31743800550773627     
   274.000000000000000000000000000000000        0.31676109485132353     
   275.000000000000000000000000000000000        0.31589194880606164     
   276.000000000000000000000000000000000        0.31483213843582275     
   277.000000000000000000000000000000000        0.31358228510351049     
   278.000000000000000000000000000000000        0.31214458262536687     
   279.000000000000000000000000000000000        0.31052026685027656     
   280.000000000000000000000000000000000        0.30871183233034044     
   281.000000000000000000000000000000000        0.30672081189231787     
   282.000000000000000000000000000000000        0.30455048765369502     
   283.000000000000000000000000000000000        0.30220243079320519     
   284.000000000000000000000000000000000        0.29968053586279109     
   285.000000000000000000000000000000000        0.29698713665280924     
   286.000000000000000000000000000000000        0.29412606607749342     
   287.000000000000000000000000000000000        0.29110033786123957     
   288.000000000000000000000000000000000        0.28791413625526924     
   289.000000000000000000000000000000000        0.28457071431206654     
   290.000000000000000000000000000000000        0.28107461137713535     
   291.000000000000000000000000000000000        0.27743007767684763     
   292.000000000000000000000000000000000        0.27364147194650013     
   293.000000000000000000000000000000000        0.26971321642120333     
   294.000000000000000000000000000000000        0.26565058286862492     
   295.000000000000000000000000000000000        0.26145772631954028     
   296.000000000000000000000000000000000        0.25714050903819285     
   297.000000000000000000000000000000000        0.25270382729227936     
   298.000000000000000000000000000000000        0.24815341997122592     
   299.000000000000000000000000000000000        0.24349416745775004     
   300.000000000000000000000000000000000        0.23873268071280737     
   301.000000000000000000000000000000000        0.23387361535525641     
   302.000000000000000000000000000000000        0.22892401171392485     
   303.000000000000000000000000000000000        0.22388904135049392     
   304.000000000000000000000000000000000        0.21877570096324878     
   305.000000000000000000000000000000000        0.21358908928688508     
   306.000000000000000000000000000000000        0.20833663133844185     
   307.000000000000000000000000000000000        0.20302393949851744     
   308.000000000000000000000000000000000        0.19765787532664578     
   309.000000000000000000000000000000000        0.19224506433569066     
   310.000000000000000000000000000000000        0.18679183282958223     
   311.000000000000000000000000000000000        0.18130497739797913     
   312.000000000000000000000000000000000        0.17579116304111109     
   313.000000000000000000000000000000000        0.17025697769198472     
   314.000000000000000000000000000000000        0.16470928679561261     
   315.000000000000000000000000000000000        0.15915488996486021     
   316.000000000000000000000000000000000        0.15360017402344292     
   317.000000000000000000000000000000000        0.14805280247490099     
   318.000000000000000000000000000000000        0.14251857654858197     
   319.000000000000000000000000000000000        0.13700480347954583     
   320.000000000000000000000000000000000        0.13151765183077047     
   321.000000000000000000000000000000000        0.12606471772225245     
   322.000000000000000000000000000000000        0.12065176609370140     
   323.000000000000000000000000000000000        0.11528584420415165     
   324.000000000000000000000000000000000        0.10997323137606767     
   325.000000000000000000000000000000000        0.10472069651642885     
   326.000000000000000000000000000000000         9.9534394803877380E-002
   327.000000000000000000000000000000000         9.4420746999528862E-002
   328.000000000000000000000000000000000         8.9385865942150936E-002
   329.000000000000000000000000000000000         8.4436175974826361E-002
   330.000000000000000000000000000000000         7.9577403560934068E-002
   331.000000000000000000000000000000000         7.4815627271540980E-002
   332.000000000000000000000000000000000         7.0156772292163341E-002
   333.000000000000000000000000000000000         6.5605971238413927E-002
   334.000000000000000000000000000000000         6.1169325286124107E-002
   335.000000000000000000000000000000000         5.6852076396493083E-002
   336.000000000000000000000000000000000         5.2659386434563520E-002
   337.000000000000000000000000000000000         4.8596590843730365E-002
   338.000000000000000000000000000000000         4.4668384494317225E-002
   339.000000000000000000000000000000000         4.0879734478290582E-002
   340.000000000000000000000000000000000         3.7235128670211268E-002
   341.000000000000000000000000000000000         3.3739103050664160E-002
   342.000000000000000000000000000000000         3.0395832507108613E-002
   343.000000000000000000000000000000000         2.7209485001428408E-002
   344.000000000000000000000000000000000         2.4183691045116841E-002
   345.000000000000000000000000000000000         2.1322691975041542E-002
   346.000000000000000000000000000000000         1.8629426428547258E-002
   347.000000000000000000000000000000000         1.6107403837048333E-002
   348.000000000000000000000000000000000         1.3759639558929202E-002
   349.000000000000000000000000000000000         1.1589028948398873E-002
   350.000000000000000000000000000000000         9.5981982816533053E-003
   351.000000000000000000000000000000000         7.7895803786058419E-003
   352.000000000000000000000000000000000         6.1654350855373649E-003
   353.000000000000000000000000000000000         4.7275686602053866E-003
   354.000000000000000000000000000000000         3.4779048905424544E-003
   355.000000000000000000000000000000000         2.4179116073321100E-003
   356.000000000000000000000000000000000         1.5488760101033847E-003
   357.000000000000000000000000000000000         8.7186163760134209E-004
   358.000000000000000000000000000000000         3.8769031815279116E-004
   359.000000000000000000000000000000000         9.6950951482289169E-005
   360.000000000000000000000000000000000         1.4899618749708176E-013
