   1.00000000000000000000000000000000000         9.6952893806855991E-005
   2.00000000000000000000000000000000000         3.8769345305321814E-004
   3.00000000000000000000000000000000000         8.7186745513011406E-004
   4.00000000000000000000000000000000000         1.5488801404111277E-003
   5.00000000000000000000000000000000000         2.4179212717234983E-003
   6.00000000000000000000000000000000000         3.4779173500563343E-003
   7.00000000000000000000000000000000000         4.7275821243764615E-003
   8.00000000000000000000000000000000000         6.1654173629107053E-003
   9.00000000000000000000000000000000000         7.7895975769612796E-003
   10.0000000000000000000000000000000000         9.5982173361661496E-003
   11.0000000000000000000000000000000000         1.1589049797141005E-002
   12.0000000000000000000000000000000000         1.3759631987763496E-002
   13.0000000000000000000000000000000000         1.6107428234617582E-002
   14.0000000000000000000000000000000000         1.8629469199946985E-002
   15.0000000000000000000000000000000000         2.1322719802568786E-002
   16.0000000000000000000000000000000000         2.4183848165158776E-002
   17.0000000000000000000000000000000000         2.7209516123326359E-002
   18.0000000000000000000000000000000000         3.0395881181691717E-002
   19.0000000000000000000000000000000000         3.3739137315353593E-002
   20.0000000000000000000000000000000000         3.7235246438124057E-002
   21.0000000000000000000000000000000000         4.0879771718789711E-002
   22.0000000000000000000000000000000000         4.4668461647279688E-002
   23.0000000000000000000000000000000000         4.8596630878641030E-002
   24.0000000000000000000000000000000000         5.2659469145424805E-002
   25.0000000000000000000000000000000000         5.6852119030712675E-002
   26.0000000000000000000000000000000000         6.1169396036528732E-002
   27.0000000000000000000000000000000000         6.5606016264325634E-002
   28.0000000000000000000000000000000000         7.0156621417160211E-002
   29.0000000000000000000000000000000000         7.4815674469704357E-002
   30.0000000000000000000000000000000000         7.9577500285355110E-002
   31.0000000000000000000000000000000000         8.4436225115323935E-002
   32.0000000000000000000000000000000000         8.9385868753362088E-002
   33.0000000000000000000000000000000000         9.4420797842928131E-002
   34.0000000000000000000000000000000000         9.9534455816840131E-002
   35.0000000000000000000000000000000000        0.10472074881508518     
   36.0000000000000000000000000000000000        0.10997354040450190     
   37.0000000000000000000000000000000000        0.11528589770323106     
   38.0000000000000000000000000000000000        0.12065188368918060     
   39.0000000000000000000000000000000000        0.12606477216112016     
   40.0000000000000000000000000000000000        0.13151789177227866     
   41.0000000000000000000000000000000000        0.13700485859298009     
   42.0000000000000000000000000000000000        0.14251867558155754     
   43.0000000000000000000000000000000000        0.14805285799439760     
   44.0000000000000000000000000000000000        0.15360062168170818     
   45.0000000000000000000000000000000000        0.15915494561988805     
   46.0000000000000000000000000000000000        0.16470939818669819     
   47.0000000000000000000000000000000000        0.17025703321148453     
   48.0000000000000000000000000000000000        0.17579111256325738     
   49.0000000000000000000000000000000000        0.18130503251141755     
   50.0000000000000000000000000000000000        0.18679194657711490     
   51.0000000000000000000000000000000000        0.19224511877459738     
   52.0000000000000000000000000000000000        0.19765813333724916     
   53.0000000000000000000000000000000000        0.20302399299753912     
   54.0000000000000000000000000000000000        0.20833645344116342     
   55.0000000000000000000000000000000000        0.21358914158559178     
   56.0000000000000000000000000000000000        0.21877549613911224     
   57.0000000000000000000000000000000000        0.22388909219393757     
   58.0000000000000000000000000000000000        0.22892389866256643     
   59.0000000000000000000000000000000000        0.23387366449578634     
   60.0000000000000000000000000000000000        0.23873223110152358     
   61.0000000000000000000000000000000000        0.24349421465587334     
   62.0000000000000000000000000000000000        0.24815323034233944     
   63.0000000000000000000000000000000000        0.25270387231814345     
   64.0000000000000000000000000000000000        0.25714049132367522     
   65.0000000000000000000000000000000000        0.26145776895386802     
   66.0000000000000000000000000000000000        0.26565034704323753     
   67.0000000000000000000000000000000000        0.26971325645610122     
   68.0000000000000000000000000000000000        0.27364148718615522     
   69.0000000000000000000000000000000000        0.27743011491736108     
   70.0000000000000000000000000000000000        0.28107481488104191     
   71.0000000000000000000000000000000000        0.28457074857680559     
   72.0000000000000000000000000000000000        0.28791396007571890     
   73.0000000000000000000000000000000000        0.29110036898315711     
   74.0000000000000000000000000000000000        0.29412586602009627     
   75.0000000000000000000000000000000000        0.29698716448035584     
   76.0000000000000000000000000000000000        0.29968031095648273     
   77.0000000000000000000000000000000000        0.30220245519078753     
   78.0000000000000000000000000000000000        0.30455012401094589     
   79.0000000000000000000000000000000000        0.30672083274107237     
   80.0000000000000000000000000000000000        0.30871184425479242     
   81.0000000000000000000000000000000000        0.31052028404865406     
   82.0000000000000000000000000000000000        0.31214450723701043     
   83.0000000000000000000000000000000000        0.31358229856770725     
   84.0000000000000000000000000000000000        0.31483178107436571     
   85.0000000000000000000000000000000000        0.31589195847038110     
   86.0000000000000000000000000000000000        0.31676106348846883     
   87.0000000000000000000000000000000000        0.31743801132528154     
   88.0000000000000000000000000000000000        0.31792218351963780     
   89.0000000000000000000000000000000000        0.31821292491781250     
   90.0000000000000000000000000000000000        0.31830981136312730     
   91.0000000000000000000000000000000000        0.31821292394662448     
   92.0000000000000000000000000000000000        0.31792219110031006     
   93.0000000000000000000000000000000000        0.31743800841647352     
   94.0000000000000000000000000000000000        0.31676101839990689     
   95.0000000000000000000000000000000000        0.31589195363821532     
   96.0000000000000000000000000000000000        0.31483194465621450     
   97.0000000000000000000000000000000000        0.31358229183560671     
   98.0000000000000000000000000000000000        0.31214443942325831     
   99.0000000000000000000000000000000000        0.31052027544941740     
   100.000000000000000000000000000000000        0.30871149978148610     
   101.000000000000000000000000000000000        0.30672082231669417     
   102.000000000000000000000000000000000        0.30455026515228129     
   103.000000000000000000000000000000000        0.30220244299201615     
   104.000000000000000000000000000000000        0.29968033967052971     
   105.000000000000000000000000000000000        0.29698715056657815     
   106.000000000000000000000000000000000        0.29412587276271551     
   107.000000000000000000000000000000000        0.29110035342219026     
   108.000000000000000000000000000000000        0.28791401205748329     
   109.000000000000000000000000000000000        0.28457073144449740     
   110.000000000000000000000000000000000        0.28107474589628906     
   111.000000000000000000000000000000000        0.27743009629708609     
   112.000000000000000000000000000000000        0.27364152832831645     
   113.000000000000000000000000000000000        0.26971323643864448     
   114.000000000000000000000000000000000        0.26565040685173891     
   115.000000000000000000000000000000000        0.26145774763672364     
   116.000000000000000000000000000000000        0.25714037378368737     
   117.000000000000000000000000000000000        0.25270384980523536     
   118.000000000000000000000000000000000        0.24815315219772621     
   119.000000000000000000000000000000000        0.24349419105673933     
   120.000000000000000000000000000000000        0.23873249989726800     
   121.000000000000000000000000000000000        0.23387363992554946     
   122.000000000000000000000000000000000        0.22892393091303262     
   123.000000000000000000000000000000000        0.22388906677220047     
   124.000000000000000000000000000000000        0.21877531136196479     
   125.000000000000000000000000000000000        0.21358911543625989     
   126.000000000000000000000000000000000        0.20833652865945892     
   127.000000000000000000000000000000000        0.20302396624799732     
   128.000000000000000000000000000000000        0.19765793781663968     
   129.000000000000000000000000000000000        0.19224509155519115     
   130.000000000000000000000000000000000        0.18679181006802176     
   131.000000000000000000000000000000000        0.18130500495468674     
   132.000000000000000000000000000000000        0.17579108955063594     
   133.000000000000000000000000000000000        0.17025700545175451     
   134.000000000000000000000000000000000        0.16470926936118546     
   135.000000000000000000000000000000000        0.15915491779235119     
   136.000000000000000000000000000000000        0.15360046669683061     
   137.000000000000000000000000000000000        0.14805283023467736     
   138.000000000000000000000000000000000        0.14251853871786904     
   139.000000000000000000000000000000000        0.13700483103624431     
   140.000000000000000000000000000000000        0.13151792176401225     
   141.000000000000000000000000000000000        0.12606474494169548     
   142.000000000000000000000000000000000        0.12065171340309043     
   143.000000000000000000000000000000000        0.11528587095367589     
   144.000000000000000000000000000000000        0.10997328263232427     
   145.000000000000000000000000000000000        0.10472072266576300     
   146.000000000000000000000000000000000         9.9534549221129309E-002
   147.000000000000000000000000000000000         9.4420772421212079E-002
   148.000000000000000000000000000000000         8.9385989239334510E-002
   149.000000000000000000000000000000000         8.4436200545081011E-002
   150.000000000000000000000000000000000         7.9577433035561002E-002
   151.000000000000000000000000000000000         7.4815650870609179E-002
   152.000000000000000000000000000000000         7.0156603326472403E-002
   153.000000000000000000000000000000000         6.5605993751387162E-002
   154.000000000000000000000000000000000         6.1169374319380895E-002
   155.000000000000000000000000000000000         5.6852097713589789E-002
   156.000000000000000000000000000000000         5.2659499525437241E-002
   157.000000000000000000000000000000000         4.8596610861206424E-002
   158.000000000000000000000000000000000         4.4668419711571608E-002
   159.000000000000000000000000000000000         4.0879753098529523E-002
   160.000000000000000000000000000000000         3.7235151761139340E-002
   161.000000000000000000000000000000000         3.3739120183014254E-002
   162.000000000000000000000000000000000         3.0395908052694612E-002
   163.000000000000000000000000000000000         2.7209500562367719E-002
   164.000000000000000000000000000000000         2.4183881216359504E-002
   165.000000000000000000000000000000000         2.1322705888800621E-002
   166.000000000000000000000000000000000         1.8629479426734881E-002
   167.000000000000000000000000000000000         1.6107416035820436E-002
   168.000000000000000000000000000000000         1.3759656110795878E-002
   169.000000000000000000000000000000000         1.1589039372765805E-002
   170.000000000000000000000000000000000         9.5981723473808258E-003
   171.000000000000000000000000000000000         7.7895889777789594E-003
   172.000000000000000000000000000000000         6.1653830357214804E-003
   173.000000000000000000000000000000000         4.7275753922902189E-003
   174.000000000000000000000000000000000         3.4778927855787655E-003
   175.000000000000000000000000000000000         2.4179164395247603E-003
   176.000000000000000000000000000000000         1.5488862287227328E-003
   177.000000000000000000000000000000000         8.7186454636517259E-004
   178.000000000000000000000000000000000         3.8769071865396571E-004
   179.000000000000000000000000000000000         9.6951922642105756E-005
   180.000000000000000000000000000000000         2.4177993653038677E-015
   181.000000000000000000000000000000000         9.6953864975629417E-005
   182.000000000000000000000000000000000         3.8769567715914849E-004
   183.000000000000000000000000000000000         8.7187036390303126E-004
   184.000000000000000000000000000000000         1.5488891694973961E-003
   185.000000000000000000000000000000000         2.4179261039249953E-003
   186.000000000000000000000000000000000         3.4779232433824921E-003
   187.000000000000000000000000000000000         4.7275888564716007E-003
   188.000000000000000000000000000000000         6.1653986121367674E-003
   189.000000000000000000000000000000000         7.7896061761424523E-003
   190.000000000000000000000000000000000         9.5982414850409922E-003
   191.000000000000000000000000000000000         1.1589060221530605E-002
   192.000000000000000000000000000000000         1.3759679551617067E-002
   193.000000000000000000000000000000000         1.6107440433402710E-002
   194.000000000000000000000000000000000         1.8629493162263318E-002
   195.000000000000000000000000000000000         2.1322733716337743E-002
   196.000000000000000000000000000000000         2.4183907750132155E-002
   197.000000000000000000000000000000000         2.7209531684292843E-002
   198.000000000000000000000000000000000         3.0395896019558239E-002
   199.000000000000000000000000000000000         3.3739154447695083E-002
   200.000000000000000000000000000000000         3.7235207597263904E-002
   201.000000000000000000000000000000000         4.0879790339028658E-002
   202.000000000000000000000000000000000         4.4668423878766864E-002
   203.000000000000000000000000000000000         4.8596650896104071E-002
   204.000000000000000000000000000000000         5.2659537628028642E-002
   205.000000000000000000000000000000000         5.6852140347851264E-002
   206.000000000000000000000000000000000         6.1169430198900927E-002
   207.000000000000000000000000000000000         6.5606038777274125E-002
   208.000000000000000000000000000000000         7.0156656458569971E-002
   209.000000000000000000000000000000000         7.4815698068794442E-002
   210.000000000000000000000000000000000         7.9577468342961172E-002
   211.000000000000000000000000000000000         8.4436249685608866E-002
   212.000000000000000000000000000000000         8.9386032801225992E-002
   213.000000000000000000000000000000000         9.4420823264649970E-002
   214.000000000000000000000000000000000         9.9534455991590540E-002
   215.000000000000000000000000000000000        0.10472077496443614     
   216.000000000000000000000000000000000        0.10997332153556306     
   217.000000000000000000000000000000000        0.11528592445277067     
   218.000000000000000000000000000000000        0.12065191097858823     
   219.000000000000000000000000000000000        0.12606479938056239     
   220.000000000000000000000000000000000        0.13151797931600365     
   221.000000000000000000000000000000000        0.13700488614967976     
   222.000000000000000000000000000000000        0.14251875309313894     
   223.000000000000000000000000000000000        0.14805288575416012     
   224.000000000000000000000000000000000        0.15360051295271931     
   225.000000000000000000000000000000000        0.15915497344741625     
   226.000000000000000000000000000000000        0.16470939929187375     
   227.000000000000000000000000000000000        0.17025706097124371     
   228.000000000000000000000000000000000        0.17579123334787353     
   229.000000000000000000000000000000000        0.18130506006811722     
   230.000000000000000000000000000000000        0.18679203239981190     
   231.000000000000000000000000000000000        0.19224514599406120     
   232.000000000000000000000000000000000        0.19765810663912164     
   233.000000000000000000000000000000000        0.20302401974707529     
   234.000000000000000000000000000000000        0.20833663850577724     
   235.000000000000000000000000000000000        0.21358916773493067     
   236.000000000000000000000000000000000        0.21877554853575698     
   237.000000000000000000000000000000000        0.22388911761565800     
   238.000000000000000000000000000000000        0.22892397730832514     
   239.000000000000000000000000000000000        0.23387368906605246     
   240.000000000000000000000000000000000        0.23873249504081501     
   241.000000000000000000000000000000000        0.24349423825494185     
   242.000000000000000000000000000000000        0.24815330130937513     
   243.000000000000000000000000000000000        0.25270389483110162     
   244.000000000000000000000000000000000        0.25714059286646740     
   245.000000000000000000000000000000000        0.26145779027095845     
   246.000000000000000000000000000000000        0.26565043068361255     
   247.000000000000000000000000000000000        0.26971327647355120     
   248.000000000000000000000000000000000        0.27364138262902499     
   249.000000000000000000000000000000000        0.27743013353761947     
   250.000000000000000000000000000000000        0.28107468961419241     
   251.000000000000000000000000000000000        0.28457076570916617     
   252.000000000000000000000000000000000        0.28791394277728261     
   253.000000000000000000000000000000000        0.29110038454413667     
   254.000000000000000000000000000000000        0.29412596857321993     
   255.000000000000000000000000000000000        0.29698717839411587     
   256.000000000000000000000000000000000        0.29968037311355328     
   257.000000000000000000000000000000000        0.30220246738957851     
   258.000000000000000000000000000000000        0.30455027901084203     
   259.000000000000000000000000000000000        0.30672084316542186     
   260.000000000000000000000000000000000        0.30871154684258145     
   261.000000000000000000000000000000000        0.31052029264783426     
   262.000000000000000000000000000000000        0.31214432135854364     
   263.000000000000000000000000000000000        0.31358230529975772     
   264.000000000000000000000000000000000        0.31483188938499401     
   265.000000000000000000000000000000000        0.31589196330255959     
   266.000000000000000000000000000000000        0.31676095651735692     
   267.000000000000000000000000000000000        0.31743801423402512     
   268.000000000000000000000000000000000        0.31792210542538085     
   269.000000000000000000000000000000000        0.31821292588896055     
   270.000000000000000000000000000000000        0.31830983395402362     
   271.000000000000000000000000000000000        0.31821292297545262     
   272.000000000000000000000000000000000        0.31792209809384731     
   273.000000000000000000000000000000000        0.31743800550772727     
   274.000000000000000000000000000000000        0.31676103390829641     
   275.000000000000000000000000000000000        0.31589194880601668     
   276.000000000000000000000000000000000        0.31483203310992519     
   277.000000000000000000000000000000000        0.31358228510350156     
   278.000000000000000000000000000000000        0.31214452100204315     
   279.000000000000000000000000000000000        0.31052026685027656     
   280.000000000000000000000000000000000        0.30871172711515832     
   281.000000000000000000000000000000000        0.30672081189230460     
   282.000000000000000000000000000000000        0.30455032146530164     
   283.000000000000000000000000000000000        0.30220243079320963     
   284.000000000000000000000000000000000        0.29968045270945726     
   285.000000000000000000000000000000000        0.29698713665279619     
   286.000000000000000000000000000000000        0.29412600526125970     
   287.000000000000000000000000000000000        0.29110033786123957     
   288.000000000000000000000000000000000        0.28791403857951292     
   289.000000000000000000000000000000000        0.28457071431210917     
   290.000000000000000000000000000000000        0.28107464221639145     
   291.000000000000000000000000000000000        0.27743007767684341     
   292.000000000000000000000000000000000        0.27364142534825647     
   293.000000000000000000000000000000000        0.26971321642119084     
   294.000000000000000000000000000000000        0.26565044934787979     
   295.000000000000000000000000000000000        0.26145772631957298     
   296.000000000000000000000000000000000        0.25714048536111056     
   297.000000000000000000000000000000000        0.25270382729227131     
   298.000000000000000000000000000000000        0.24815330339346472     
   299.000000000000000000000000000000000        0.24349416745770860     
   300.000000000000000000000000000000000        0.23873250471559493     
   301.000000000000000000000000000000000        0.23387361535527573     
   302.000000000000000000000000000000000        0.22892390931903273     
   303.000000000000000000000000000000000        0.22388904135049958     
   304.000000000000000000000000000000000        0.21877552294445404     
   305.000000000000000000000000000000000        0.21358908928690909     
   306.000000000000000000000000000000000        0.20833654309269453     
   307.000000000000000000000000000000000        0.20302393949848502     
   308.000000000000000000000000000000000        0.19765792122110695     
   309.000000000000000000000000000000000        0.19224506433571167     
   310.000000000000000000000000000000000        0.18679184616186625     
   311.000000000000000000000000000000000        0.18130497739796719     
   312.000000000000000000000000000000000        0.17579113424765519     
   313.000000000000000000000000000000000        0.17025697769198309     
   314.000000000000000000000000000000000        0.16470930401398073     
   315.000000000000000000000000000000000        0.15915488996483787     
   316.000000000000000000000000000000000        0.15360033633811929     
   317.000000000000000000000000000000000        0.14805280247490712     
   318.000000000000000000000000000000000        0.14251862833337450     
   319.000000000000000000000000000000000        0.13700480347954139     
   320.000000000000000000000000000000000        0.13151780541974034     
   321.000000000000000000000000000000000        0.12606471772225528     
   322.000000000000000000000000000000000        0.12065179973807647     
   323.000000000000000000000000000000000        0.11528584420415165     
   324.000000000000000000000000000000000        0.10997327573670707     
   325.000000000000000000000000000000000        0.10472069651643143     
   326.000000000000000000000000000000000         9.9534399153324654E-002
   327.000000000000000000000000000000000         9.4420746999510433E-002
   328.000000000000000000000000000000000         8.9385918910523360E-002
   329.000000000000000000000000000000000         8.4436175974828678E-002
   330.000000000000000000000000000000000         7.9577415704424503E-002
   331.000000000000000000000000000000000         7.4815627271534429E-002
   332.000000000000000000000000000000000         7.0156666298404835E-002
   333.000000000000000000000000000000000         6.5605971238422114E-002
   334.000000000000000000000000000000000         6.1169329980129368E-002
   335.000000000000000000000000000000000         5.6852076396477838E-002
   336.000000000000000000000000000000000         5.2659427504598177E-002
   337.000000000000000000000000000000000         4.8596590843739178E-002
   338.000000000000000000000000000000000         4.4668404783303042E-002
   339.000000000000000000000000000000000         4.0879734478284926E-002
   340.000000000000000000000000000000000         3.7235139834790036E-002
   341.000000000000000000000000000000000         3.3739103050671869E-002
   342.000000000000000000000000000000000         3.0395846547817788E-002
   343.000000000000000000000000000000000         2.7209485001420827E-002
   344.000000000000000000000000000000000         2.4183790443813299E-002
   345.000000000000000000000000000000000         2.1322691975042125E-002
   346.000000000000000000000000000000000         1.8629436068665930E-002
   347.000000000000000000000000000000000         1.6107403837045037E-002
   348.000000000000000000000000000000000         1.3759642902833226E-002
   349.000000000000000000000000000000000         1.1589028948398120E-002
   350.000000000000000000000000000000000         9.5981985357348008E-003
   351.000000000000000000000000000000000         7.7895803786050483E-003
   352.000000000000000000000000000000000         6.1654026414063555E-003
   353.000000000000000000000000000000000         4.7275686602055922E-003
   354.000000000000000000000000000000000         3.4779054506988557E-003
   355.000000000000000000000000000000000         2.4179116073315449E-003
   356.000000000000000000000000000000000         1.5488767147969662E-003
   357.000000000000000000000000000000000         8.7186163760181415E-004
   358.000000000000000000000000000000000         3.8768989774450198E-004
   359.000000000000000000000000000000000         9.6950951482201864E-005
   360.000000000000000000000000000000000         1.2856545426790114E-014
