   1.00000000000000000000000000000000000         9.6952893807867118E-005
   2.00000000000000000000000000000000000         3.8769345305515057E-004
   3.00000000000000000000000000000000000         8.7186745512736572E-004
   4.00000000000000000000000000000000000         1.5488710995627719E-003
   5.00000000000000000000000000000000000         2.4179212717246835E-003
   6.00000000000000000000000000000000000         3.4779171501349111E-003
   7.00000000000000000000000000000000000         4.7275821243760478E-003
   8.00000000000000000000000000000000000         6.1654630769140953E-003
   9.00000000000000000000000000000000000         7.7895975769685577E-003
   10.0000000000000000000000000000000000         9.5982165332610548E-003
   11.0000000000000000000000000000000000         1.1589049797133218E-002
   12.0000000000000000000000000000000000         1.3759564846916180E-002
   13.0000000000000000000000000000000000         1.6107428234631339E-002
   14.0000000000000000000000000000000000         1.8629468280559280E-002
   15.0000000000000000000000000000000000         2.1322719802566871E-002
   16.0000000000000000000000000000000000         2.4183757013787870E-002
   17.0000000000000000000000000000000000         2.7209516123326120E-002
   18.0000000000000000000000000000000000         3.0395864467592563E-002
   19.0000000000000000000000000000000000         3.3739137315353863E-002
   20.0000000000000000000000000000000000         3.7235361851128086E-002
   21.0000000000000000000000000000000000         4.0879771718801680E-002
   22.0000000000000000000000000000000000         4.4668466146019450E-002
   23.0000000000000000000000000000000000         4.8596630878629907E-002
   24.0000000000000000000000000000000000         5.2659410344007056E-002
   25.0000000000000000000000000000000000         5.6852119030706798E-002
   26.0000000000000000000000000000000000         6.1169430484156677E-002
   27.0000000000000000000000000000000000         6.5606016264334072E-002
   28.0000000000000000000000000000000000         7.0156605479442913E-002
   29.0000000000000000000000000000000000         7.4815674469714252E-002
   30.0000000000000000000000000000000000         7.9577550311769621E-002
   31.0000000000000000000000000000000000         8.4436225115299995E-002
   32.0000000000000000000000000000000000         8.9385606195934636E-002
   33.0000000000000000000000000000000000         9.4420797842930393E-002
   34.0000000000000000000000000000000000         9.9534458933374245E-002
   35.0000000000000000000000000000000000        0.10472074881507722     
   36.0000000000000000000000000000000000        0.10997386955365571     
   37.0000000000000000000000000000000000        0.11528589770322563     
   38.0000000000000000000000000000000000        0.12065189071174384     
   39.0000000000000000000000000000000000        0.12606477216110329     
   40.0000000000000000000000000000000000        0.13151772850135762     
   41.0000000000000000000000000000000000        0.13700485859299338     
   42.0000000000000000000000000000000000        0.14251858573473869     
   43.0000000000000000000000000000000000        0.14805285799437715     
   44.0000000000000000000000000000000000        0.15360081385451682     
   45.0000000000000000000000000000000000        0.15915494561988852     
   46.0000000000000000000000000000000000        0.16470944491146544     
   47.0000000000000000000000000000000000        0.17025703321149355     
   48.0000000000000000000000000000000000        0.17579101108959869     
   49.0000000000000000000000000000000000        0.18130503251145982     
   50.0000000000000000000000000000000000        0.18679201201568740     
   51.0000000000000000000000000000000000        0.19224511877458675     
   52.0000000000000000000000000000000000        0.19765836068612158     
   53.0000000000000000000000000000000000        0.20302399299752660     
   54.0000000000000000000000000000000000        0.20833631611090550     
   55.0000000000000000000000000000000000        0.21358914158559672     
   56.0000000000000000000000000000000000        0.21877560766276719     
   57.0000000000000000000000000000000000        0.22388909219393252     
   58.0000000000000000000000000000000000        0.22892393387686114     
   59.0000000000000000000000000000000000        0.23387366449575245     
   60.0000000000000000000000000000000000        0.23873188766752404     
   61.0000000000000000000000000000000000        0.24349421465591076     
   62.0000000000000000000000000000000000        0.24815317737718878     
   63.0000000000000000000000000000000000        0.25270387231809954     
   64.0000000000000000000000000000000000        0.25714045514890393     
   65.0000000000000000000000000000000000        0.26145776895388900     
   66.0000000000000000000000000000000000        0.26565027310114453     
   67.0000000000000000000000000000000000        0.26971325645611588     
   68.0000000000000000000000000000000000        0.27364159753706357     
   69.0000000000000000000000000000000000        0.27743011491737662     
   70.0000000000000000000000000000000000        0.28107502456027139     
   71.0000000000000000000000000000000000        0.28457074857675918     
   72.0000000000000000000000000000000000        0.28791389461699890     
   73.0000000000000000000000000000000000        0.29110036898314801     
   74.0000000000000000000000000000000000        0.29412564050294004     
   75.0000000000000000000000000000000000        0.29698716448040913     
   76.0000000000000000000000000000000000        0.29968011928704763     
   77.0000000000000000000000000000000000        0.30220245519077815     
   78.0000000000000000000000000000000000        0.30454995531980827     
   79.0000000000000000000000000000000000        0.30672083274110101     
   80.0000000000000000000000000000000000        0.30871217842641779     
   81.0000000000000000000000000000000000        0.31052028404867671     
   82.0000000000000000000000000000000000        0.31214454219511473     
   83.0000000000000000000000000000000000        0.31358229856775560     
   84.0000000000000000000000000000000000        0.31483144365621085     
   85.0000000000000000000000000000000000        0.31589195847037138     
   86.0000000000000000000000000000000000        0.31676119206704484     
   87.0000000000000000000000000000000000        0.31743801132531080     
   88.0000000000000000000000000000000000        0.31792218106097359     
   89.0000000000000000000000000000000000        0.31821292491786135     
   90.0000000000000000000000000000000000        0.31830968886064753     
   91.0000000000000000000000000000000000        0.31821292394662787     
   92.0000000000000000000000000000000000        0.31792220632503149     
   93.0000000000000000000000000000000000        0.31743800841643760     
   94.0000000000000000000000000000000000        0.31676107043499058     
   95.0000000000000000000000000000000000        0.31589195363826411     
   96.0000000000000000000000000000000000        0.31483192177759861     
   97.0000000000000000000000000000000000        0.31358229183564218     
   98.0000000000000000000000000000000000        0.31214436268640106     
   99.0000000000000000000000000000000000        0.31052027544933075     
   100.000000000000000000000000000000000        0.30871121189243639     
   101.000000000000000000000000000000000        0.30672082231672909     
   102.000000000000000000000000000000000        0.30455037960077835     
   103.000000000000000000000000000000000        0.30220244299203225     
   104.000000000000000000000000000000000        0.29968022558930452     
   105.000000000000000000000000000000000        0.29698715056661867     
   106.000000000000000000000000000000000        0.29412568715361781     
   107.000000000000000000000000000000000        0.29110035342216256     
   108.000000000000000000000000000000000        0.28791407351289522     
   109.000000000000000000000000000000000        0.28457073144451850     
   110.000000000000000000000000000000000        0.28107486068001125     
   111.000000000000000000000000000000000        0.27743009629705917     
   112.000000000000000000000000000000000        0.27364175098589000     
   113.000000000000000000000000000000000        0.26971323643865897     
   114.000000000000000000000000000000000        0.26565048238808481     
   115.000000000000000000000000000000000        0.26145774763670943     
   116.000000000000000000000000000000000        0.25714016004459878     
   117.000000000000000000000000000000000        0.25270384980527250     
   118.000000000000000000000000000000000        0.24815299695131771     
   119.000000000000000000000000000000000        0.24349419105668565     
   120.000000000000000000000000000000000        0.23873270041117967     
   121.000000000000000000000000000000000        0.23387363992555457     
   122.000000000000000000000000000000000        0.22892407247049526     
   123.000000000000000000000000000000000        0.22388906677215450     
   124.000000000000000000000000000000000        0.21877512764468801     
   125.000000000000000000000000000000000        0.21358911543626477     
   126.000000000000000000000000000000000        0.20833658017061371     
   127.000000000000000000000000000000000        0.20302396624798216     
   128.000000000000000000000000000000000        0.19765785220032148     
   129.000000000000000000000000000000000        0.19224509155524133     
   130.000000000000000000000000000000000        0.18679167288431309     
   131.000000000000000000000000000000000        0.18130500495470198     
   132.000000000000000000000000000000000        0.17579099673584814     
   133.000000000000000000000000000000000        0.17025700545180170     
   134.000000000000000000000000000000000        0.16470912848683814     
   135.000000000000000000000000000000000        0.15915491779234242     
   136.000000000000000000000000000000000        0.15360042268871807     
   137.000000000000000000000000000000000        0.14805283023471247     
   138.000000000000000000000000000000000        0.14251824609243760     
   139.000000000000000000000000000000000        0.13700483103622124     
   140.000000000000000000000000000000000        0.13151786508653193     
   141.000000000000000000000000000000000        0.12606474494170325     
   142.000000000000000000000000000000000        0.12065145432486937     
   143.000000000000000000000000000000000        0.11528587095364298     
   144.000000000000000000000000000000000        0.10997318221169698     
   145.000000000000000000000000000000000        0.10472072266577008     
   146.000000000000000000000000000000000         9.9534773719555228E-002
   147.000000000000000000000000000000000         9.4420772421212454E-002
   148.000000000000000000000000000000000         8.9385996890685132E-002
   149.000000000000000000000000000000000         8.4436200545080622E-002
   150.000000000000000000000000000000000         7.9577402925430404E-002
   151.000000000000000000000000000000000         7.4815650870600062E-002
   152.000000000000000000000000000000000         7.0156596636179139E-002
   153.000000000000000000000000000000000         6.5605993751414918E-002
   154.000000000000000000000000000000000         6.1169409159325665E-002
   155.000000000000000000000000000000000         5.6852097713588755E-002
   156.000000000000000000000000000000000         5.2659535549531233E-002
   157.000000000000000000000000000000000         4.8596610861229649E-002
   158.000000000000000000000000000000000         4.4668382229460964E-002
   159.000000000000000000000000000000000         4.0879753098526907E-002
   160.000000000000000000000000000000000         3.7235124564399945E-002
   161.000000000000000000000000000000000         3.3739120183016627E-002
   162.000000000000000000000000000000000         3.0395971618500654E-002
   163.000000000000000000000000000000000         2.7209500562364642E-002
   164.000000000000000000000000000000000         2.4183878831726912E-002
   165.000000000000000000000000000000000         2.1322705888795333E-002
   166.000000000000000000000000000000000         1.8629521762139563E-002
   167.000000000000000000000000000000000         1.6107416035812575E-002
   168.000000000000000000000000000000000         1.3759654789766727E-002
   169.000000000000000000000000000000000         1.1589039372760486E-002
   170.000000000000000000000000000000000         9.5981056695494671E-003
   171.000000000000000000000000000000000         7.7895889777789915E-003
   172.000000000000000000000000000000000         6.1653792439548749E-003
   173.000000000000000000000000000000000         4.7275753922932668E-003
   174.000000000000000000000000000000000         3.4778577108604079E-003
   175.000000000000000000000000000000000         2.4179164395247105E-003
   176.000000000000000000000000000000000         1.5488956871614686E-003
   177.000000000000000000000000000000000         8.7186454636670359E-004
   178.000000000000000000000000000000000         3.8768924547770764E-004
   179.000000000000000000000000000000000         9.6951922642615209E-005
   180.000000000000000000000000000000000         2.3901369863979893E-015
   181.000000000000000000000000000000000         9.6953864975361239E-005
   182.000000000000000000000000000000000         3.8769620264508418E-004
   183.000000000000000000000000000000000         8.7187036390249176E-004
   184.000000000000000000000000000000000         1.5488897045021735E-003
   185.000000000000000000000000000000000         2.4179261039225424E-003
   186.000000000000000000000000000000000         3.4779232433897267E-003
   187.000000000000000000000000000000000         4.7275888564770130E-003
   188.000000000000000000000000000000000         6.1653952582821749E-003
   189.000000000000000000000000000000000         7.7896061761442998E-003
   190.000000000000000000000000000000000         9.5982678545687462E-003
   191.000000000000000000000000000000000         1.1589060221541089E-002
   192.000000000000000000000000000000000         1.3759679723479565E-002
   193.000000000000000000000000000000000         1.6107440433404806E-002
   194.000000000000000000000000000000000         1.8629512482170641E-002
   195.000000000000000000000000000000000         2.1322733716336171E-002
   196.000000000000000000000000000000000         2.4183899870361132E-002
   197.000000000000000000000000000000000         2.7209531684298908E-002
   198.000000000000000000000000000000000         3.0395876484924388E-002
   199.000000000000000000000000000000000         3.3739154447694146E-002
   200.000000000000000000000000000000000         3.7235217658025996E-002
   201.000000000000000000000000000000000         4.0879790339004608E-002
   202.000000000000000000000000000000000         4.4668322336326519E-002
   203.000000000000000000000000000000000         4.8596650896109934E-002
   204.000000000000000000000000000000000         5.2659567603060328E-002
   205.000000000000000000000000000000000         5.6852140347858703E-002
   206.000000000000000000000000000000000         6.1169487366779247E-002
   207.000000000000000000000000000000000         6.5606038777282369E-002
   208.000000000000000000000000000000000         7.0156662753333418E-002
   209.000000000000000000000000000000000         7.4815698068803005E-002
   210.000000000000000000000000000000000         7.9577414291847115E-002
   211.000000000000000000000000000000000         8.4436249685641687E-002
   212.000000000000000000000000000000000         8.9386028454405242E-002
   213.000000000000000000000000000000000         9.4420823264654299E-002
   214.000000000000000000000000000000000         9.9534411516076768E-002
   215.000000000000000000000000000000000        0.10472077496447078     
   216.000000000000000000000000000000000        0.10997319506318372     
   217.000000000000000000000000000000000        0.11528592445275393     
   218.000000000000000000000000000000000        0.12065191853687983     
   219.000000000000000000000000000000000        0.12606479938055934     
   220.000000000000000000000000000000000        0.13151792773163906     
   221.000000000000000000000000000000000        0.13700488614965300     
   222.000000000000000000000000000000000        0.14251875579977749     
   223.000000000000000000000000000000000        0.14805288575417011     
   224.000000000000000000000000000000000        0.15360045155195487     
   225.000000000000000000000000000000000        0.15915497344740132     
   226.000000000000000000000000000000000        0.16470939642088026     
   227.000000000000000000000000000000000        0.17025706097127821     
   228.000000000000000000000000000000000        0.17579130479189145     
   229.000000000000000000000000000000000        0.18130506006812100     
   230.000000000000000000000000000000000        0.18679220632887203     
   231.000000000000000000000000000000000        0.19224514599410794     
   232.000000000000000000000000000000000        0.19765823426109158     
   233.000000000000000000000000000000000        0.20302401974704815     
   234.000000000000000000000000000000000        0.20833679571663619     
   235.000000000000000000000000000000000        0.21358916773496114     
   236.000000000000000000000000000000000        0.21877570945090316     
   237.000000000000000000000000000000000        0.22388911761565689     
   238.000000000000000000000000000000000        0.22892411212964783     
   239.000000000000000000000000000000000        0.23387368906604800     
   240.000000000000000000000000000000000        0.23873259702367700     
   241.000000000000000000000000000000000        0.24349423825494360     
   242.000000000000000000000000000000000        0.24815333729573127     
   243.000000000000000000000000000000000        0.25270389483108424     
   244.000000000000000000000000000000000        0.25714070454702953     
   245.000000000000000000000000000000000        0.26145779027091121     
   246.000000000000000000000000000000000        0.26565047366813782     
   247.000000000000000000000000000000000        0.26971327647356919     
   248.000000000000000000000000000000000        0.27364126290267382     
   249.000000000000000000000000000000000        0.27743013353764379     
   250.000000000000000000000000000000000        0.28107463343586231     
   251.000000000000000000000000000000000        0.28457076570916617     
   252.000000000000000000000000000000000        0.28791381481634848     
   253.000000000000000000000000000000000        0.29110038454416781     
   254.000000000000000000000000000000000        0.29412590612573819     
   255.000000000000000000000000000000000        0.29698717839416622     
   256.000000000000000000000000000000000        0.29968027261649793     
   257.000000000000000000000000000000000        0.30220246738957851     
   258.000000000000000000000000000000000        0.30455037715660799     
   259.000000000000000000000000000000000        0.30672084316540904     
   260.000000000000000000000000000000000        0.30871131100168081     
   261.000000000000000000000000000000000        0.31052029264785996     
   262.000000000000000000000000000000000        0.31214399686905991     
   263.000000000000000000000000000000000        0.31358230529974479     
   264.000000000000000000000000000000000        0.31483174237022948     
   265.000000000000000000000000000000000        0.31589196330251418     
   266.000000000000000000000000000000000        0.31676087924286739     
   267.000000000000000000000000000000000        0.31743801423401863     
   268.000000000000000000000000000000000        0.31792195432956744     
   269.000000000000000000000000000000000        0.31821292588898009     
   270.000000000000000000000000000000000        0.31830975340606432     
   271.000000000000000000000000000000000        0.31821292297545917     
   272.000000000000000000000000000000000        0.31792194419731246     
   273.000000000000000000000000000000000        0.31743800550774026     
   274.000000000000000000000000000000000        0.31676112193711525     
   275.000000000000000000000000000000000        0.31589194880608157     
   276.000000000000000000000000000000000        0.31483218524733847     
   277.000000000000000000000000000000000        0.31358228510351449     
   278.000000000000000000000000000000000        0.31214461001351268     
   279.000000000000000000000000000000000        0.31052026685027656     
   280.000000000000000000000000000000000        0.30871187909264936     
   281.000000000000000000000000000000000        0.30672081189232381     
   282.000000000000000000000000000000000        0.30455056151521775     
   283.000000000000000000000000000000000        0.30220243079320325     
   284.000000000000000000000000000000000        0.29968057281983201     
   285.000000000000000000000000000000000        0.29698713665281506     
   286.000000000000000000000000000000000        0.29412609310693261     
   287.000000000000000000000000000000000        0.29110033786123957     
   288.000000000000000000000000000000000        0.28791417966672178     
   289.000000000000000000000000000000000        0.28457071431204756     
   290.000000000000000000000000000000000        0.28107459767079984     
   291.000000000000000000000000000000000        0.27743007767684952     
   292.000000000000000000000000000000000        0.27364149265683191     
   293.000000000000000000000000000000000        0.26971321642120882     
   294.000000000000000000000000000000000        0.26565064221118906     
   295.000000000000000000000000000000000        0.26145772631952574     
   296.000000000000000000000000000000000        0.25714051956134093     
   297.000000000000000000000000000000000        0.25270382729228297     
   298.000000000000000000000000000000000        0.24815347178357300     
   299.000000000000000000000000000000000        0.24349416745776845     
   300.000000000000000000000000000000000        0.23873275893381149     
   301.000000000000000000000000000000000        0.23387361535524781     
   302.000000000000000000000000000000000        0.22892405722277312     
   303.000000000000000000000000000000000        0.22388904135049140     
   304.000000000000000000000000000000000        0.21877578008273638     
   305.000000000000000000000000000000000        0.21358908928687440     
   306.000000000000000000000000000000000        0.20833667055877997     
   307.000000000000000000000000000000000        0.20302393949853184     
   308.000000000000000000000000000000000        0.19765785492910917     
   309.000000000000000000000000000000000        0.19224506433568131     
   310.000000000000000000000000000000000        0.18679182690412280     
   311.000000000000000000000000000000000        0.18130497739798440     
   312.000000000000000000000000000000000        0.17579117583820336     
   313.000000000000000000000000000000000        0.17025697769198544     
   314.000000000000000000000000000000000        0.16470927914300487     
   315.000000000000000000000000000000000        0.15915488996487012     
   316.000000000000000000000000000000000        0.15360010188361428     
   317.000000000000000000000000000000000        0.14805280247489824     
   318.000000000000000000000000000000000        0.14251855353312162     
   319.000000000000000000000000000000000        0.13700480347954780     
   320.000000000000000000000000000000000        0.13151758356903487     
   321.000000000000000000000000000000000        0.12606471772225120     
   322.000000000000000000000000000000000        0.12065175114064731     
   323.000000000000000000000000000000000        0.11528584420415165     
   324.000000000000000000000000000000000        0.10997321166023082     
   325.000000000000000000000000000000000        0.10472069651642769     
   326.000000000000000000000000000000000         9.9534392870789731E-002
   327.000000000000000000000000000000000         9.4420746999537050E-002
   328.000000000000000000000000000000000         8.9385842400657112E-002
   329.000000000000000000000000000000000         8.4436175974825320E-002
   330.000000000000000000000000000000000         7.9577398163827515E-002
   331.000000000000000000000000000000000         7.4815627271543894E-002
   332.000000000000000000000000000000000         7.0156819400526149E-002
   333.000000000000000000000000000000000         6.5605971238410291E-002
   334.000000000000000000000000000000000         6.1169323199899608E-002
   335.000000000000000000000000000000000         5.6852076396499862E-002
   336.000000000000000000000000000000000         5.2659368181219926E-002
   337.000000000000000000000000000000000         4.8596590843726452E-002
   338.000000000000000000000000000000000         4.4668375476991665E-002
   339.000000000000000000000000000000000         4.0879734478293094E-002
   340.000000000000000000000000000000000         3.7235123708176797E-002
   341.000000000000000000000000000000000         3.3739103050660732E-002
   342.000000000000000000000000000000000         3.0395826266794462E-002
   343.000000000000000000000000000000000         2.7209485001431780E-002
   344.000000000000000000000000000000000         2.4183646867983983E-002
   345.000000000000000000000000000000000         2.1322691975041282E-002
   346.000000000000000000000000000000000         1.8629422144050872E-002
   347.000000000000000000000000000000000         1.6107403837049800E-002
   348.000000000000000000000000000000000         1.3759638072749767E-002
   349.000000000000000000000000000000000         1.1589028948399208E-002
   350.000000000000000000000000000000000         9.5981981687281673E-003
   351.000000000000000000000000000000000         7.7895803786061949E-003
   352.000000000000000000000000000000000         6.1654495051785474E-003
   353.000000000000000000000000000000000         4.7275686602052946E-003
   354.000000000000000000000000000000000         3.4779046415840684E-003
   355.000000000000000000000000000000000         2.4179116073323611E-003
   356.000000000000000000000000000000000         1.5488756969062945E-003
   357.000000000000000000000000000000000         8.7186163760113230E-004
   358.000000000000000000000000000000000         3.8769050500099284E-004
   359.000000000000000000000000000000000         9.6950951482327984E-005
   360.000000000000000000000000000000000         2.5721310575584349E-013
