   1.00000000000000000000000000000000000         9.6952893806690827E-005
   2.00000000000000000000000000000000000         3.8769345305288366E-004
   3.00000000000000000000000000000000000         8.7186745513056075E-004
   4.00000000000000000000000000000000000         1.5488817051760215E-003
   5.00000000000000000000000000000000000         2.4179212717233408E-003
   6.00000000000000000000000000000000000         3.4779173846581197E-003
   7.00000000000000000000000000000000000         4.7275821243764676E-003
   8.00000000000000000000000000000000000         6.1654094508888620E-003
   9.00000000000000000000000000000000000         7.7895975769601035E-003
   10.0000000000000000000000000000000000         9.5982174751304966E-003
   11.0000000000000000000000000000000000         1.1589049797142250E-002
   12.0000000000000000000000000000000000         1.3759643608311393E-002
   13.0000000000000000000000000000000000         1.6107428234615313E-002
   14.0000000000000000000000000000000000         1.8629469359071782E-002
   15.0000000000000000000000000000000000         2.1322719802568980E-002
   16.0000000000000000000000000000000000         2.4183863941375026E-002
   17.0000000000000000000000000000000000         2.7209516123326550E-002
   18.0000000000000000000000000000000000         3.0395884074517036E-002
   19.0000000000000000000000000000000000         3.3739137315353378E-002
   20.0000000000000000000000000000000000         3.7235226462814595E-002
   21.0000000000000000000000000000000000         4.0879771718787830E-002
   22.0000000000000000000000000000000000         4.4668460868651672E-002
   23.0000000000000000000000000000000000         4.8596630878642751E-002
   24.0000000000000000000000000000000000         5.2659479322596590E-002
   25.0000000000000000000000000000000000         5.6852119030713903E-002
   26.0000000000000000000000000000000000         6.1169390074440264E-002
   27.0000000000000000000000000000000000         6.5606016264323844E-002
   28.0000000000000000000000000000000000         7.0156624175611471E-002
   29.0000000000000000000000000000000000         7.4815674469702984E-002
   30.0000000000000000000000000000000000         7.9577491626938821E-002
   31.0000000000000000000000000000000000         8.4436225115327709E-002
   32.0000000000000000000000000000000000         8.9385914196032909E-002
   33.0000000000000000000000000000000000         9.4420797842928131E-002
   34.0000000000000000000000000000000000         9.9534455277440009E-002
   35.0000000000000000000000000000000000        0.10472074881508615     
   36.0000000000000000000000000000000000        0.10997348343642913     
   37.0000000000000000000000000000000000        0.11528589770323242     
   38.0000000000000000000000000000000000        0.12065188247373700     
   39.0000000000000000000000000000000000        0.12606477216112266     
   40.0000000000000000000000000000000000        0.13151792003071758     
   41.0000000000000000000000000000000000        0.13700485859297823     
   42.0000000000000000000000000000000000        0.14251869113197138     
   43.0000000000000000000000000000000000        0.14805285799440068     
   44.0000000000000000000000000000000000        0.15360058842104199     
   45.0000000000000000000000000000000000        0.15915494561988844     
   46.0000000000000000000000000000000000        0.16470939009971991     
   47.0000000000000000000000000000000000        0.17025703321148244     
   48.0000000000000000000000000000000000        0.17579113012600900     
   49.0000000000000000000000000000000000        0.18130503251141075     
   50.0000000000000000000000000000000000        0.18679193525120927     
   51.0000000000000000000000000000000000        0.19224511877459868     
   52.0000000000000000000000000000000000        0.19765809398841913     
   53.0000000000000000000000000000000000        0.20302399299754181     
   54.0000000000000000000000000000000000        0.20833647720986651     
   55.0000000000000000000000000000000000        0.21358914158559039     
   56.0000000000000000000000000000000000        0.21877547683694407     
   57.0000000000000000000000000000000000        0.22388909219393899     
   58.0000000000000000000000000000000000        0.22892389256778492     
   59.0000000000000000000000000000000000        0.23387366449579164     
   60.0000000000000000000000000000000000        0.23873229054204856     
   61.0000000000000000000000000000000000        0.24349421465586743     
   62.0000000000000000000000000000000000        0.24815323950938531     
   63.0000000000000000000000000000000000        0.25270387231815045     
   64.0000000000000000000000000000000000        0.25714049758469359     
   65.0000000000000000000000000000000000        0.26145776895386497     
   66.0000000000000000000000000000000000        0.26565035984090857     
   67.0000000000000000000000000000000000        0.26971325645609812     
   68.0000000000000000000000000000000000        0.27364146808696183     
   69.0000000000000000000000000000000000        0.27743011491735897     
   70.0000000000000000000000000000000000        0.28107477859041397     
   71.0000000000000000000000000000000000        0.28457074857681308     
   72.0000000000000000000000000000000000        0.28791397140511354     
   73.0000000000000000000000000000000000        0.29110036898315927     
   74.0000000000000000000000000000000000        0.29412590505192054     
   75.0000000000000000000000000000000000        0.29698716448034607     
   76.0000000000000000000000000000000000        0.29968034413004507     
   77.0000000000000000000000000000000000        0.30220245519078975     
   78.0000000000000000000000000000000000        0.30455015320749362     
   79.0000000000000000000000000000000000        0.30672083274106682     
   80.0000000000000000000000000000000000        0.30871178641741409     
   81.0000000000000000000000000000000000        0.31052028404865073     
   82.0000000000000000000000000000000000        0.31214450118656950     
   83.0000000000000000000000000000000000        0.31358229856769831     
   84.0000000000000000000000000000000000        0.31483183947368010     
   85.0000000000000000000000000000000000        0.31589195847038337     
   86.0000000000000000000000000000000000        0.31676104123448717     
   87.0000000000000000000000000000000000        0.31743801132527588     
   88.0000000000000000000000000000000000        0.31792218394517585     
   89.0000000000000000000000000000000000        0.31821292491780456     
   90.0000000000000000000000000000000000        0.31830983256548195     
   91.0000000000000000000000000000000000        0.31821292394662337     
   92.0000000000000000000000000000000000        0.31792218846526210     
   93.0000000000000000000000000000000000        0.31743800841648023     
   94.0000000000000000000000000000000000        0.31676100939383517     
   95.0000000000000000000000000000000000        0.31589195363820632     
   96.0000000000000000000000000000000000        0.31483194861597502     
   97.0000000000000000000000000000000000        0.31358229183560116     
   98.0000000000000000000000000000000000        0.31214445270463842     
   99.0000000000000000000000000000000000        0.31052027544943184     
   100.000000000000000000000000000000000        0.30871154960845065     
   101.000000000000000000000000000000000        0.30672082231668862     
   102.000000000000000000000000000000000        0.30455024534388975     
   103.000000000000000000000000000000000        0.30220244299201288     
   104.000000000000000000000000000000000        0.29968035941535937     
   105.000000000000000000000000000000000        0.29698715056657160     
   106.000000000000000000000000000000000        0.29412590488737300     
   107.000000000000000000000000000000000        0.29110035342219454     
   108.000000000000000000000000000000000        0.28791400142097034     
   109.000000000000000000000000000000000        0.28457073144449418     
   110.000000000000000000000000000000000        0.28107472602987799     
   111.000000000000000000000000000000000        0.27743009629709031     
   112.000000000000000000000000000000000        0.27364148979143793     
   113.000000000000000000000000000000000        0.26971323643864237     
   114.000000000000000000000000000000000        0.26565039377814170     
   115.000000000000000000000000000000000        0.26145774763672569     
   116.000000000000000000000000000000000        0.25714041077700017     
   117.000000000000000000000000000000000        0.25270384980522931     
   118.000000000000000000000000000000000        0.24815317906730183     
   119.000000000000000000000000000000000        0.24349419105674822     
   120.000000000000000000000000000000000        0.23873246519294569     
   121.000000000000000000000000000000000        0.23387363992554899     
   122.000000000000000000000000000000000        0.22892390641270699     
   123.000000000000000000000000000000000        0.22388906677220805     
   124.000000000000000000000000000000000        0.21877534315919361     
   125.000000000000000000000000000000000        0.21358911543625944     
   126.000000000000000000000000000000000        0.20833651974406739     
   127.000000000000000000000000000000000        0.20302396624799957     
   128.000000000000000000000000000000000        0.19765795263485048     
   129.000000000000000000000000000000000        0.19224509155518282     
   130.000000000000000000000000000000000        0.18679183381136108     
   131.000000000000000000000000000000000        0.18130500495468377     
   132.000000000000000000000000000000000        0.17579110561473632     
   133.000000000000000000000000000000000        0.17025700545174668     
   134.000000000000000000000000000000000        0.16470929374329016     
   135.000000000000000000000000000000000        0.15915491779235239     
   136.000000000000000000000000000000000        0.15360047431361998     
   137.000000000000000000000000000000000        0.14805283023467158     
   138.000000000000000000000000000000000        0.14251858936460882     
   139.000000000000000000000000000000000        0.13700483103624800     
   140.000000000000000000000000000000000        0.13151793157357741     
   141.000000000000000000000000000000000        0.12606474494169442     
   142.000000000000000000000000000000000        0.12065175824358002     
   143.000000000000000000000000000000000        0.11528587095368133     
   144.000000000000000000000000000000000        0.10997330001282210     
   145.000000000000000000000000000000000        0.10472072266576203     
   146.000000000000000000000000000000000         9.9534510365658219E-002
   147.000000000000000000000000000000000         9.4420772421211774E-002
   148.000000000000000000000000000000000         8.9385987915062318E-002
   149.000000000000000000000000000000000         8.4436200545081302E-002
   150.000000000000000000000000000000000         7.9577438246930338E-002
   151.000000000000000000000000000000000         7.4815650870610539E-002
   152.000000000000000000000000000000000         7.0156604484407803E-002
   153.000000000000000000000000000000000         6.5605993751382569E-002
   154.000000000000000000000000000000000         6.1169368289391457E-002
   155.000000000000000000000000000000000         5.6852097713589803E-002
   156.000000000000000000000000000000000         5.2659493290499147E-002
   157.000000000000000000000000000000000         4.8596610861202552E-002
   158.000000000000000000000000000000000         4.4668426198861591E-002
   159.000000000000000000000000000000000         4.0879753098529835E-002
   160.000000000000000000000000000000000         3.7235156468268318E-002
   161.000000000000000000000000000000000         3.3739120183013969E-002
   162.000000000000000000000000000000000         3.0395897050927236E-002
   163.000000000000000000000000000000000         2.7209500562368132E-002
   164.000000000000000000000000000000000         2.4183881629084386E-002
   165.000000000000000000000000000000000         2.1322705888801641E-002
   166.000000000000000000000000000000000         1.8629472099458186E-002
   167.000000000000000000000000000000000         1.6107416035821703E-002
   168.000000000000000000000000000000000         1.3759656339435544E-002
   169.000000000000000000000000000000000         1.1589039372766778E-002
   170.000000000000000000000000000000000         9.5981838877982270E-003
   171.000000000000000000000000000000000         7.7895889777789109E-003
   172.000000000000000000000000000000000         6.1653836919888967E-003
   173.000000000000000000000000000000000         4.7275753922897254E-003
   174.000000000000000000000000000000000         3.4778988562210516E-003
   175.000000000000000000000000000000000         2.4179164395247438E-003
   176.000000000000000000000000000000000         1.5488845916881910E-003
   177.000000000000000000000000000000000         8.7186454636492246E-004
   178.000000000000000000000000000000000         3.8769097362706373E-004
   179.000000000000000000000000000000000         9.6951922642012664E-005
   180.000000000000000000000000000000000         2.4226032419248934E-015
   181.000000000000000000000000000000000         9.6953864975670982E-005
   182.000000000000000000000000000000000         3.8769558620969544E-004
   183.000000000000000000000000000000000         8.7187036390313881E-004
   184.000000000000000000000000000000000         1.5488890769004245E-003
   185.000000000000000000000000000000000         2.4179261039253964E-003
   186.000000000000000000000000000000000         3.4779232433812396E-003
   187.000000000000000000000000000000000         4.7275888564706960E-003
   188.000000000000000000000000000000000         6.1653991926116933E-003
   189.000000000000000000000000000000000         7.7896061761420924E-003
   190.000000000000000000000000000000000         9.5982369210879433E-003
   191.000000000000000000000000000000000         1.1589060221528839E-002
   192.000000000000000000000000000000000         1.3759679521871635E-002
   193.000000000000000000000000000000000         1.6107440433402266E-002
   194.000000000000000000000000000000000         1.8629489818434222E-002
   195.000000000000000000000000000000000         2.1322733716338110E-002
   196.000000000000000000000000000000000         2.4183909113938806E-002
   197.000000000000000000000000000000000         2.7209531684291691E-002
   198.000000000000000000000000000000000         3.0395899400553199E-002
   199.000000000000000000000000000000000         3.3739154447695360E-002
   200.000000000000000000000000000000000         3.7235205855978296E-002
   201.000000000000000000000000000000000         4.0879790339032697E-002
   202.000000000000000000000000000000000         4.4668441453431719E-002
   203.000000000000000000000000000000000         4.8596650896103190E-002
   204.000000000000000000000000000000000         5.2659532440043254E-002
   205.000000000000000000000000000000000         5.6852140347849835E-002
   206.000000000000000000000000000000000         6.1169420304463158E-002
   207.000000000000000000000000000000000         6.5606038777272849E-002
   208.000000000000000000000000000000000         7.0156655369091700E-002
   209.000000000000000000000000000000000         7.4815698068792805E-002
   210.000000000000000000000000000000000         7.9577477697963542E-002
   211.000000000000000000000000000000000         8.4436249685603357E-002
   212.000000000000000000000000000000000         8.9386033553560354E-002
   213.000000000000000000000000000000000         9.4420823264649040E-002
   214.000000000000000000000000000000000         9.9534463689276625E-002
   215.000000000000000000000000000000000        0.10472077496443033     
   216.000000000000000000000000000000000        0.10997334342502071     
   217.000000000000000000000000000000000        0.11528592445277337     
   218.000000000000000000000000000000000        0.12065190967042240     
   219.000000000000000000000000000000000        0.12606479938056309     
   220.000000000000000000000000000000000        0.13151798824406777     
   221.000000000000000000000000000000000        0.13700488614968420     
   222.000000000000000000000000000000000        0.14251875262468228     
   223.000000000000000000000000000000000        0.14805288575415859     
   224.000000000000000000000000000000000        0.15360052357977597     
   225.000000000000000000000000000000000        0.15915497344741864     
   226.000000000000000000000000000000000        0.16470939978877647     
   227.000000000000000000000000000000000        0.17025706097123794     
   228.000000000000000000000000000000000        0.17579122098256419     
   229.000000000000000000000000000000000        0.18130506006811639     
   230.000000000000000000000000000000000        0.18679200229671358     
   231.000000000000000000000000000000000        0.19224514599405332     
   232.000000000000000000000000000000000        0.19765808455070796     
   233.000000000000000000000000000000000        0.20302401974707981     
   234.000000000000000000000000000000000        0.20833661129621153     
   235.000000000000000000000000000000000        0.21358916773492559     
   236.000000000000000000000000000000000        0.21877552068506462     
   237.000000000000000000000000000000000        0.22388911761565800     
   238.000000000000000000000000000000000        0.22892395397386947     
   239.000000000000000000000000000000000        0.23387368906605344     
   240.000000000000000000000000000000000        0.23873247738993728     
   241.000000000000000000000000000000000        0.24349423825494138     
   242.000000000000000000000000000000000        0.24815329508096759     
   243.000000000000000000000000000000000        0.25270389483110467     
   244.000000000000000000000000000000000        0.25714057353714270     
   245.000000000000000000000000000000000        0.26145779027096661     
   246.000000000000000000000000000000000        0.26565042324398352     
   247.000000000000000000000000000000000        0.26971327647354809     
   248.000000000000000000000000000000000        0.27364140335089615     
   249.000000000000000000000000000000000        0.27743013353761525     
   250.000000000000000000000000000000000        0.28107469933736551     
   251.000000000000000000000000000000000        0.28457076570916617     
   252.000000000000000000000000000000000        0.28791396492437027     
   253.000000000000000000000000000000000        0.29110038454413129     
   254.000000000000000000000000000000000        0.29412597938143858     
   255.000000000000000000000000000000000        0.29698717839410715     
   256.000000000000000000000000000000000        0.29968039050727607     
   257.000000000000000000000000000000000        0.30220246738957851     
   258.000000000000000000000000000000000        0.30455026202407642     
   259.000000000000000000000000000000000        0.30672084316542403     
   260.000000000000000000000000000000000        0.30871158766120799     
   261.000000000000000000000000000000000        0.31052029264782977     
   262.000000000000000000000000000000000        0.31214437752020219     
   263.000000000000000000000000000000000        0.31358230529975994     
   264.000000000000000000000000000000000        0.31483191482986056     
   265.000000000000000000000000000000000        0.31589196330256741     
   266.000000000000000000000000000000000        0.31676096989178876     
   267.000000000000000000000000000000000        0.31743801423402629     
   268.000000000000000000000000000000000        0.31792213157658294     
   269.000000000000000000000000000000000        0.31821292588895717     
   270.000000000000000000000000000000000        0.31830984789501759     
   271.000000000000000000000000000000000        0.31821292297545151     
   272.000000000000000000000000000000000        0.31792212472978987     
   273.000000000000000000000000000000000        0.31743800550772500     
   274.000000000000000000000000000000000        0.31676101867254053     
   275.000000000000000000000000000000000        0.31589194880600546     
   276.000000000000000000000000000000000        0.31483200677845358     
   277.000000000000000000000000000000000        0.31358228510349934     
   278.000000000000000000000000000000000        0.31214450559621315     
   279.000000000000000000000000000000000        0.31052026685027656     
   280.000000000000000000000000000000000        0.30871170081136556     
   281.000000000000000000000000000000000        0.30672081189230127     
   282.000000000000000000000000000000000        0.30455027991821043     
   283.000000000000000000000000000000000        0.30220243079321069     
   284.000000000000000000000000000000000        0.29968043192112559     
   285.000000000000000000000000000000000        0.29698713665279292     
   286.000000000000000000000000000000000        0.29412599005720230     
   287.000000000000000000000000000000000        0.29110033786123957     
   288.000000000000000000000000000000000        0.28791401416057644     
   289.000000000000000000000000000000000        0.28457071431211983     
   290.000000000000000000000000000000000        0.28107464992620573     
   291.000000000000000000000000000000000        0.27743007767684236     
   292.000000000000000000000000000000000        0.27364141369869616     
   293.000000000000000000000000000000000        0.26971321642118773     
   294.000000000000000000000000000000000        0.26565041596769873     
   295.000000000000000000000000000000000        0.26145772631958114     
   296.000000000000000000000000000000000        0.25714047944184015     
   297.000000000000000000000000000000000        0.25270382729226931     
   298.000000000000000000000000000000000        0.24815327424902869     
   299.000000000000000000000000000000000        0.24349416745769825     
   300.000000000000000000000000000000000        0.23873246071630194     
   301.000000000000000000000000000000000        0.23387361535528056     
   302.000000000000000000000000000000000        0.22892388372031328     
   303.000000000000000000000000000000000        0.22388904135050100     
   304.000000000000000000000000000000000        0.21877547843976666     
   305.000000000000000000000000000000000        0.21358908928691508     
   306.000000000000000000000000000000000        0.20833652103126063     
   307.000000000000000000000000000000000        0.20302393949847691     
   308.000000000000000000000000000000000        0.19765793269472307     
   309.000000000000000000000000000000000        0.19224506433571695     
   310.000000000000000000000000000000000        0.18679184949493732     
   311.000000000000000000000000000000000        0.18130497739796422     
   312.000000000000000000000000000000000        0.17579112704929159     
   313.000000000000000000000000000000000        0.17025697769198267     
   314.000000000000000000000000000000000        0.16470930831857289     
   315.000000000000000000000000000000000        0.15915488996483229     
   316.000000000000000000000000000000000        0.15360037691680178     
   317.000000000000000000000000000000000        0.14805280247490868     
   318.000000000000000000000000000000000        0.14251864127957412     
   319.000000000000000000000000000000000        0.13700480347954028     
   320.000000000000000000000000000000000        0.13151784381699683     
   321.000000000000000000000000000000000        0.12606471772225600     
   322.000000000000000000000000000000000        0.12065180814917097     
   323.000000000000000000000000000000000        0.11528584420415165     
   324.000000000000000000000000000000000        0.10997328682686831     
   325.000000000000000000000000000000000        0.10472069651643208     
   326.000000000000000000000000000000000         9.9534400240686494E-002
   327.000000000000000000000000000000000         9.4420746999505825E-002
   328.000000000000000000000000000000000         8.9385932152618919E-002
   329.000000000000000000000000000000000         8.4436175974829261E-002
   330.000000000000000000000000000000000         7.9577418740297251E-002
   331.000000000000000000000000000000000         7.4815627271532792E-002
   332.000000000000000000000000000000000         7.0156639799977730E-002
   333.000000000000000000000000000000000         6.5605971238424168E-002
   334.000000000000000000000000000000000         6.1169331153630713E-002
   335.000000000000000000000000000000000         5.6852076396474022E-002
   336.000000000000000000000000000000000         5.2659437772109345E-002
   337.000000000000000000000000000000000         4.8596590843741377E-002
   338.000000000000000000000000000000000         4.4668409855550116E-002
   339.000000000000000000000000000000000         4.0879734478283511E-002
   340.000000000000000000000000000000000         3.7235142625934990E-002
   341.000000000000000000000000000000000         3.3739103050673791E-002
   342.000000000000000000000000000000000         3.0395850057995590E-002
   343.000000000000000000000000000000000         2.7209485001418933E-002
   344.000000000000000000000000000000000         2.4183815293519328E-002
   345.000000000000000000000000000000000         2.1322691975042270E-002
   346.000000000000000000000000000000000         1.8629438478695987E-002
   347.000000000000000000000000000000000         1.6107403837044211E-002
   348.000000000000000000000000000000000         1.3759643738809293E-002
   349.000000000000000000000000000000000         1.1589028948397931E-002
   350.000000000000000000000000000000000         9.5981985992551668E-003
   351.000000000000000000000000000000000         7.7895803786048497E-003
   352.000000000000000000000000000000000         6.1653945303869421E-003
   353.000000000000000000000000000000000         4.7275686602056442E-003
   354.000000000000000000000000000000000         3.4779055907379628E-003
   355.000000000000000000000000000000000         2.4179116073314039E-003
   356.000000000000000000000000000000000         1.5488768909703884E-003
   357.000000000000000000000000000000000         8.7186163760193222E-004
   358.000000000000000000000000000000000         3.8768979264246532E-004
   359.000000000000000000000000000000000         9.6950951482180031E-005
   360.000000000000000000000000000000000         2.0460535637626823E-015
