   1.00000000000000000000000000000000000         9.6952893808176617E-005
   2.00000000000000000000000000000000000         3.8769345305570801E-004
   3.00000000000000000000000000000000000         8.7186745512651972E-004
   4.00000000000000000000000000000000000         1.5488684916306497E-003
   5.00000000000000000000000000000000000         2.4179212717251150E-003
   6.00000000000000000000000000000000000         3.4779170924652708E-003
   7.00000000000000000000000000000000000         4.7275821243758049E-003
   8.00000000000000000000000000000000000         6.1654762636773365E-003
   9.00000000000000000000000000000000000         7.7895975769708163E-003
   10.0000000000000000000000000000000000         9.5982163016538231E-003
   11.0000000000000000000000000000000000         1.1589049797130784E-002
   12.0000000000000000000000000000000000         1.3759545479394512E-002
   13.0000000000000000000000000000000000         1.6107428234635533E-002
   14.0000000000000000000000000000000000         1.8629468015351296E-002
   15.0000000000000000000000000000000000         2.1322719802566063E-002
   16.0000000000000000000000000000000000         2.4183730720155106E-002
   17.0000000000000000000000000000000000         2.7209516123326342E-002
   18.0000000000000000000000000000000000         3.0395859646218663E-002
   19.0000000000000000000000000000000000         3.3739137315353614E-002
   20.0000000000000000000000000000000000         3.7235395143374025E-002
   21.0000000000000000000000000000000000         4.0879771718805469E-002
   22.0000000000000000000000000000000000         4.4668467443732887E-002
   23.0000000000000000000000000000000000         4.8596630878626319E-002
   24.0000000000000000000000000000000000         5.2659393382065732E-002
   25.0000000000000000000000000000000000         5.6852119030705500E-002
   26.0000000000000000000000000000000000         6.1169440420974233E-002
   27.0000000000000000000000000000000000         6.5606016264336209E-002
   28.0000000000000000000000000000000000         7.0156600882024786E-002
   29.0000000000000000000000000000000000         7.4815674469717444E-002
   30.0000000000000000000000000000000000         7.9577564742469034E-002
   31.0000000000000000000000000000000000         8.4436225115292737E-002
   32.0000000000000000000000000000000000         8.9385530458286844E-002
   33.0000000000000000000000000000000000         9.4420797842931406E-002
   34.0000000000000000000000000000000000         9.9534459832374481E-002
   35.0000000000000000000000000000000000        0.10472074881507451     
   36.0000000000000000000000000000000000        0.10997396450061853     
   37.0000000000000000000000000000000000        0.11528589770322449     
   38.0000000000000000000000000000000000        0.12065189273748328     
   39.0000000000000000000000000000000000        0.12606477216109799     
   40.0000000000000000000000000000000000        0.13151768140399539     
   41.0000000000000000000000000000000000        0.13700485859299771     
   42.0000000000000000000000000000000000        0.14251855981739237     
   43.0000000000000000000000000000000000        0.14805285799437073     
   44.0000000000000000000000000000000000        0.15360086928900321     
   45.0000000000000000000000000000000000        0.15915494561988919     
   46.0000000000000000000000000000000000        0.16470945838976492     
   47.0000000000000000000000000000000000        0.17025703321149560     
   48.0000000000000000000000000000000000        0.17579098181835642     
   49.0000000000000000000000000000000000        0.18130503251147259     
   50.0000000000000000000000000000000000        0.18679203089220084     
   51.0000000000000000000000000000000000        0.19224511877458311     
   52.0000000000000000000000000000000000        0.19765842626755137     
   53.0000000000000000000000000000000000        0.20302399299752361     
   54.0000000000000000000000000000000000        0.20833627649641642     
   55.0000000000000000000000000000000000        0.21358914158559747     
   56.0000000000000000000000000000000000        0.21877563983305753     
   57.0000000000000000000000000000000000        0.22388909219393174     
   58.0000000000000000000000000000000000        0.22892394403483127     
   59.0000000000000000000000000000000000        0.23387366449574198     
   60.0000000000000000000000000000000000        0.23873178860007008     
   61.0000000000000000000000000000000000        0.24349421465592225     
   62.0000000000000000000000000000000000        0.24815316209878099     
   63.0000000000000000000000000000000000        0.25270387231808616     
   64.0000000000000000000000000000000000        0.25714044471387421     
   65.0000000000000000000000000000000000        0.26145776895389583     
   66.0000000000000000000000000000000000        0.26565025177169654     
   67.0000000000000000000000000000000000        0.26971325645611932     
   68.0000000000000000000000000000000000        0.27364162936906050     
   69.0000000000000000000000000000000000        0.27743011491738190     
   70.0000000000000000000000000000000000        0.28107508504467910     
   71.0000000000000000000000000000000000        0.28457074857674497     
   72.0000000000000000000000000000000000        0.28791387573467719     
   73.0000000000000000000000000000000000        0.29110036898314623     
   74.0000000000000000000000000000000000        0.29412557544993029     
   75.0000000000000000000000000000000000        0.29698716448042362     
   76.0000000000000000000000000000000000        0.29968006399779890     
   77.0000000000000000000000000000000000        0.30220245519077632     
   78.0000000000000000000000000000000000        0.30454990665891185     
   79.0000000000000000000000000000000000        0.30672083274110840     
   80.0000000000000000000000000000000000        0.30871227482211255     
   81.0000000000000000000000000000000000        0.31052028404868415     
   82.0000000000000000000000000000000000        0.31214455227918364     
   83.0000000000000000000000000000000000        0.31358229856776865     
   84.0000000000000000000000000000000000        0.31483134632408438     
   85.0000000000000000000000000000000000        0.31589195847036949     
   86.0000000000000000000000000000000000        0.31676122915702354     
   87.0000000000000000000000000000000000        0.31743801132531829     
   88.0000000000000000000000000000000000        0.31792218035174352     
   89.0000000000000000000000000000000000        0.31821292491787634     
   90.0000000000000000000000000000000000        0.31830965352339813     
   91.0000000000000000000000000000000000        0.31821292394662787     
   92.0000000000000000000000000000000000        0.31792221071677812     
   93.0000000000000000000000000000000000        0.31743800841642822     
   94.0000000000000000000000000000000000        0.31676108544511167     
   95.0000000000000000000000000000000000        0.31589195363827721     
   96.0000000000000000000000000000000000        0.31483191517799802     
   97.0000000000000000000000000000000000        0.31358229183565334     
   98.0000000000000000000000000000000000        0.31214434055077095     
   99.0000000000000000000000000000000000        0.31052027544930477     
   100.000000000000000000000000000000000        0.30871112884754309     
   101.000000000000000000000000000000000        0.30672082231674019     
   102.000000000000000000000000000000000        0.30455041261477189     
   103.000000000000000000000000000000000        0.30220244299203591     
   104.000000000000000000000000000000000        0.29968019268126284     
   105.000000000000000000000000000000000        0.29698715056663139     
   106.000000000000000000000000000000000        0.29412563361254285     
   107.000000000000000000000000000000000        0.29110035342215357     
   108.000000000000000000000000000000000        0.28791409124041906     
   109.000000000000000000000000000000000        0.28457073144452560     
   110.000000000000000000000000000000000        0.28107489379070472     
   111.000000000000000000000000000000000        0.27743009629705040     
   112.000000000000000000000000000000000        0.27364181521405306     
   113.000000000000000000000000000000000        0.26971323643866418     
   114.000000000000000000000000000000000        0.26565050417741731     
   115.000000000000000000000000000000000        0.26145774763670432     
   116.000000000000000000000000000000000        0.25714009838910901     
   117.000000000000000000000000000000000        0.25270384980528421     
   118.000000000000000000000000000000000        0.24815295216870889     
   119.000000000000000000000000000000000        0.24349419105666933     
   120.000000000000000000000000000000000        0.23873275825174675     
   121.000000000000000000000000000000000        0.23387363992555682     
   122.000000000000000000000000000000000        0.22892411330438686     
   123.000000000000000000000000000000000        0.22388906677214049     
   124.000000000000000000000000000000000        0.21877507464933404     
   125.000000000000000000000000000000000        0.21358911543626688     
   126.000000000000000000000000000000000        0.20833659502960186     
   127.000000000000000000000000000000000        0.20302396624797717     
   128.000000000000000000000000000000000        0.19765782750331004     
   129.000000000000000000000000000000000        0.19224509155525643     
   130.000000000000000000000000000000000        0.18679163331209878     
   131.000000000000000000000000000000000        0.18130500495470581     
   132.000000000000000000000000000000000        0.17579096996235621     
   133.000000000000000000000000000000000        0.17025700545181582     
   134.000000000000000000000000000000000        0.16470908785001837     
   135.000000000000000000000000000000000        0.15915491779233942     
   136.000000000000000000000000000000000        0.15360040999407140     
   137.000000000000000000000000000000000        0.14805283023472302     
   138.000000000000000000000000000000000        0.14251816168131126     
   139.000000000000000000000000000000000        0.13700483103621419     
   140.000000000000000000000000000000000        0.13151784873726102     
   141.000000000000000000000000000000000        0.12606474494170586     
   142.000000000000000000000000000000000        0.12065137959081883     
   143.000000000000000000000000000000000        0.11528587095363318     
   144.000000000000000000000000000000000        0.10997315324421687     
   145.000000000000000000000000000000000        0.10472072266577237     
   146.000000000000000000000000000000000         9.9534838478763599E-002
   147.000000000000000000000000000000000         9.4420772421212315E-002
   148.000000000000000000000000000000000         8.9385999097805563E-002
   149.000000000000000000000000000000000         8.4436200545080720E-002
   150.000000000000000000000000000000000         7.9577394239816857E-002
   151.000000000000000000000000000000000         7.4815650870597272E-002
   152.000000000000000000000000000000000         7.0156594706286907E-002
   153.000000000000000000000000000000000         6.5605993751423050E-002
   154.000000000000000000000000000000000         6.1169419209311578E-002
   155.000000000000000000000000000000000         5.6852097713588172E-002
   156.000000000000000000000000000000000         5.2659545941099097E-002
   157.000000000000000000000000000000000         4.8596610861236601E-002
   158.000000000000000000000000000000000         4.4668371417316582E-002
   159.000000000000000000000000000000000         4.0879753098525914E-002
   160.000000000000000000000000000000000         3.7235116719188506E-002
   161.000000000000000000000000000000000         3.3739120183017515E-002
   162.000000000000000000000000000000000         3.0395989954803210E-002
   163.000000000000000000000000000000000         2.7209500562363580E-002
   164.000000000000000000000000000000000         2.4183878143852144E-002
   165.000000000000000000000000000000000         2.1322705888793966E-002
   166.000000000000000000000000000000000         1.8629533974284469E-002
   167.000000000000000000000000000000000         1.6107416035810177E-002
   168.000000000000000000000000000000000         1.3759654408700639E-002
   169.000000000000000000000000000000000         1.1589039372759059E-002
   170.000000000000000000000000000000000         9.5980864356026915E-003
   171.000000000000000000000000000000000         7.7895889777789152E-003
   172.000000000000000000000000000000000         6.1653781501762638E-003
   173.000000000000000000000000000000000         4.7275753922942114E-003
   174.000000000000000000000000000000000         3.4778475931860576E-003
   175.000000000000000000000000000000000         2.4179164395246497E-003
   176.000000000000000000000000000000000         1.5488984155626244E-003
   177.000000000000000000000000000000000         8.7186454636717251E-004
   178.000000000000000000000000000000000         3.8768882052353797E-004
   179.000000000000000000000000000000000         9.6951922642753187E-005
   180.000000000000000000000000000000000         2.3821870315962386E-015
   181.000000000000000000000000000000000         9.6953864975275018E-005
   182.000000000000000000000000000000000         3.8769635422763039E-004
   183.000000000000000000000000000000000         8.7187036390236230E-004
   184.000000000000000000000000000000000         1.5488898588304919E-003
   185.000000000000000000000000000000000         2.4179261039217917E-003
   186.000000000000000000000000000000000         3.4779232433918140E-003
   187.000000000000000000000000000000000         4.7275888564786350E-003
   188.000000000000000000000000000000000         6.1653942908242894E-003
   189.000000000000000000000000000000000         7.7896061761447552E-003
   190.000000000000000000000000000000000         9.5982754611700222E-003
   191.000000000000000000000000000000000         1.1589060221544207E-002
   192.000000000000000000000000000000000         1.3759679773055285E-002
   193.000000000000000000000000000000000         1.6107440433405333E-002
   194.000000000000000000000000000000000         1.8629518055222689E-002
   195.000000000000000000000000000000000         2.1322733716335807E-002
   196.000000000000000000000000000000000         2.4183897597350502E-002
   197.000000000000000000000000000000000         2.7209531684300556E-002
   198.000000000000000000000000000000000         3.0395870849935017E-002
   199.000000000000000000000000000000000         3.3739154447693993E-002
   200.000000000000000000000000000000000         3.7235220560169160E-002
   201.000000000000000000000000000000000         4.0879790338997538E-002
   202.000000000000000000000000000000000         4.4668293045259405E-002
   203.000000000000000000000000000000000         4.8596650896111773E-002
   204.000000000000000000000000000000000         5.2659576249705672E-002
   205.000000000000000000000000000000000         5.6852140347860694E-002
   206.000000000000000000000000000000000         6.1169503857518341E-002
   207.000000000000000000000000000000000         6.5606038777284922E-002
   208.000000000000000000000000000000000         7.0156664569130625E-002
   209.000000000000000000000000000000000         7.4815698068805281E-002
   210.000000000000000000000000000000000         7.9577398700183016E-002
   211.000000000000000000000000000000000         8.4436249685651360E-002
   212.000000000000000000000000000000000         8.9386027200514667E-002
   213.000000000000000000000000000000000         9.4420823264655326E-002
   214.000000000000000000000000000000000         9.9534398686603492E-002
   215.000000000000000000000000000000000        0.10472077496448103     
   216.000000000000000000000000000000000        0.10997315858078011     
   217.000000000000000000000000000000000        0.11528592445274884     
   218.000000000000000000000000000000000        0.12065192071715629     
   219.000000000000000000000000000000000        0.12606479938055876     
   220.000000000000000000000000000000000        0.13151791285153580     
   221.000000000000000000000000000000000        0.13700488614964498     
   222.000000000000000000000000000000000        0.14251875658053861     
   223.000000000000000000000000000000000        0.14805288575417333     
   224.000000000000000000000000000000000        0.15360043384019817     
   225.000000000000000000000000000000000        0.15915497344739665     
   226.000000000000000000000000000000000        0.16470939559270906     
   227.000000000000000000000000000000000        0.17025706097128851     
   228.000000000000000000000000000000000        0.17579132540074546     
   229.000000000000000000000000000000000        0.18130506006812172     
   230.000000000000000000000000000000000        0.18679225650073134     
   231.000000000000000000000000000000000        0.19224514599412182     
   232.000000000000000000000000000000000        0.19765827107512901     
   233.000000000000000000000000000000000        0.20302401974703987     
   234.000000000000000000000000000000000        0.20833684106593345     
   235.000000000000000000000000000000000        0.21358916773497036     
   236.000000000000000000000000000000000        0.21877575586874479     
   237.000000000000000000000000000000000        0.22388911761565611     
   238.000000000000000000000000000000000        0.22892415102042138     
   239.000000000000000000000000000000000        0.23387368906604719     
   240.000000000000000000000000000000000        0.23873262644181428     
   241.000000000000000000000000000000000        0.24349423825494360     
   242.000000000000000000000000000000000        0.24815334767641140     
   243.000000000000000000000000000000000        0.25270389483107919     
   244.000000000000000000000000000000000        0.25714073676258076     
   245.000000000000000000000000000000000        0.26145779027089755     
   246.000000000000000000000000000000000        0.26565048606752079     
   247.000000000000000000000000000000000        0.26971327647357440     
   248.000000000000000000000000000000000        0.27364122836623123     
   249.000000000000000000000000000000000        0.27743013353765084     
   250.000000000000000000000000000000000        0.28107461723057586     
   251.000000000000000000000000000000000        0.28457076570916617     
   252.000000000000000000000000000000000        0.28791377790454581     
   253.000000000000000000000000000000000        0.29110038454417680     
   254.000000000000000000000000000000000        0.29412588811204277     
   255.000000000000000000000000000000000        0.29698717839418071     
   256.000000000000000000000000000000000        0.29968024362696588     
   257.000000000000000000000000000000000        0.30220246738957851     
   258.000000000000000000000000000000000        0.30455040546788958     
   259.000000000000000000000000000000000        0.30672084316540538     
   260.000000000000000000000000000000000        0.30871124297066849     
   261.000000000000000000000000000000000        0.31052029264786740     
   262.000000000000000000000000000000000        0.31214390326635555     
   263.000000000000000000000000000000000        0.31358230529974107     
   264.000000000000000000000000000000000        0.31483169996213073     
   265.000000000000000000000000000000000        0.31589196330250102     
   266.000000000000000000000000000000000        0.31676085695215100     
   267.000000000000000000000000000000000        0.31743801423401674     
   268.000000000000000000000000000000000        0.31792191074424331     
   269.000000000000000000000000000000000        0.31821292588898570     
   270.000000000000000000000000000000000        0.31830973017107800     
   271.000000000000000000000000000000000        0.31821292297546100     
   272.000000000000000000000000000000000        0.31792189980408814     
   273.000000000000000000000000000000000        0.31743800550774404     
   274.000000000000000000000000000000000        0.31676114733004601     
   275.000000000000000000000000000000000        0.31589194880610028     
   276.000000000000000000000000000000000        0.31483222913313758     
   277.000000000000000000000000000000000        0.31358228510351821     
   278.000000000000000000000000000000000        0.31214463568990047     
   279.000000000000000000000000000000000        0.31052026685027656     
   280.000000000000000000000000000000000        0.30871192293231720     
   281.000000000000000000000000000000000        0.30672081189232936     
   282.000000000000000000000000000000000        0.30455063076040340     
   283.000000000000000000000000000000000        0.30220243079320142     
   284.000000000000000000000000000000000        0.29968060746705999     
   285.000000000000000000000000000000000        0.29698713665282050     
   286.000000000000000000000000000000000        0.29412611844703301     
   287.000000000000000000000000000000000        0.29110033786123957     
   288.000000000000000000000000000000000        0.28791422036496150     
   289.000000000000000000000000000000000        0.28457071431202979     
   290.000000000000000000000000000000000        0.28107458482111064     
   291.000000000000000000000000000000000        0.27743007767685124     
   292.000000000000000000000000000000000        0.27364151207276871     
   293.000000000000000000000000000000000        0.26971321642121404     
   294.000000000000000000000000000000000        0.26565069784484896     
   295.000000000000000000000000000000000        0.26145772631951208     
   296.000000000000000000000000000000000        0.25714052942679239     
   297.000000000000000000000000000000000        0.25270382729228630     
   298.000000000000000000000000000000000        0.24815352035765331     
   299.000000000000000000000000000000000        0.24349416745778571     
   300.000000000000000000000000000000000        0.23873283226601452     
   301.000000000000000000000000000000000        0.23387361535523976     
   302.000000000000000000000000000000000        0.22892409988732251     
   303.000000000000000000000000000000000        0.22388904135048904     
   304.000000000000000000000000000000000        0.21877585425726898     
   305.000000000000000000000000000000000        0.21358908928686440     
   306.000000000000000000000000000000000        0.20833670732785034     
   307.000000000000000000000000000000000        0.20302393949854536     
   308.000000000000000000000000000000000        0.19765783580641957     
   309.000000000000000000000000000000000        0.19224506433567254     
   310.000000000000000000000000000000000        0.18679182134900468     
   311.000000000000000000000000000000000        0.18130497739798937     
   312.000000000000000000000000000000000        0.17579118783547779     
   313.000000000000000000000000000000000        0.17025697769198614     
   314.000000000000000000000000000000000        0.16470927196868526     
   315.000000000000000000000000000000000        0.15915488996487942     
   316.000000000000000000000000000000000        0.15360003425254032     
   317.000000000000000000000000000000000        0.14805280247489569     
   318.000000000000000000000000000000000        0.14251853195612924     
   319.000000000000000000000000000000000        0.13700480347954966     
   320.000000000000000000000000000000000        0.13151751957367383     
   321.000000000000000000000000000000000        0.12606471772225000     
   322.000000000000000000000000000000000        0.12065173712215996     
   323.000000000000000000000000000000000        0.11528584420415165     
   324.000000000000000000000000000000000        0.10997319317663537     
   325.000000000000000000000000000000000        0.10472069651642661     
   326.000000000000000000000000000000000         9.9534391058520078E-002
   327.000000000000000000000000000000000         9.4420746999544725E-002
   328.000000000000000000000000000000000         8.9385820330509472E-002
   329.000000000000000000000000000000000         8.4436175974824348E-002
   330.000000000000000000000000000000000         7.9577393104040273E-002
   331.000000000000000000000000000000000         7.4815627271546628E-002
   332.000000000000000000000000000000000         7.0156863564630648E-002
   333.000000000000000000000000000000000         6.5605971238406877E-002
   334.000000000000000000000000000000000         6.1169321244064170E-002
   335.000000000000000000000000000000000         5.6852076396506211E-002
   336.000000000000000000000000000000000         5.2659351068713181E-002
   337.000000000000000000000000000000000         4.8596590843722781E-002
   338.000000000000000000000000000000000         4.4668367023249771E-002
   339.000000000000000000000000000000000         4.0879734478295453E-002
   340.000000000000000000000000000000000         3.7235119056269778E-002
   341.000000000000000000000000000000000         3.3739103050657519E-002
   342.000000000000000000000000000000000         3.0395820416500532E-002
   343.000000000000000000000000000000000         2.7209485001434938E-002
   344.000000000000000000000000000000000         2.4183605451958575E-002
   345.000000000000000000000000000000000         2.1322691975041039E-002
   346.000000000000000000000000000000000         1.8629418127335956E-002
   347.000000000000000000000000000000000         1.6107403837051174E-002
   348.000000000000000000000000000000000         1.3759636679456620E-002
   349.000000000000000000000000000000000         1.1589028948399520E-002
   350.000000000000000000000000000000000         9.5981980628608524E-003
   351.000000000000000000000000000000000         7.7895803786065254E-003
   352.000000000000000000000000000000000         6.1654630236074714E-003
   353.000000000000000000000000000000000         4.7275686602052088E-003
   354.000000000000000000000000000000000         3.4779044081855899E-003
   355.000000000000000000000000000000000         2.4179116073325966E-003
   356.000000000000000000000000000000000         1.5488754032840510E-003
   357.000000000000000000000000000000000         8.7186163760093562E-004
   358.000000000000000000000000000000000         3.8769068017122186E-004
   359.000000000000000000000000000000000         9.6950951482364359E-005
   360.000000000000000000000000000000000         3.8533153989872948E-013
