   1.00000000000000000000000000000000000         9.6952893807565602E-005
   2.00000000000000000000000000000000000         3.8769345305459313E-004
   3.00000000000000000000000000000000000         8.7186745512818809E-004
   4.00000000000000000000000000000000000         1.5488737074970899E-003
   5.00000000000000000000000000000000000         2.4179212717242932E-003
   6.00000000000000000000000000000000000         3.4779172078045519E-003
   7.00000000000000000000000000000000000         4.7275821243762343E-003
   8.00000000000000000000000000000000000         6.1654498901649556E-003
   9.00000000000000000000000000000000000         7.7895975769663702E-003
   10.0000000000000000000000000000000000         9.5982167648682917E-003
   11.0000000000000000000000000000000000         1.1589049797135570E-002
   12.0000000000000000000000000000000000         1.3759584214451479E-002
   13.0000000000000000000000000000000000         1.6107428234627248E-002
   14.0000000000000000000000000000000000         1.8629468545767271E-002
   15.0000000000000000000000000000000000         2.1322719802567568E-002
   16.0000000000000000000000000000000000         2.4183783307434925E-002
   17.0000000000000000000000000000000000         2.7209516123326030E-002
   18.0000000000000000000000000000000000         3.0395869288966846E-002
   19.0000000000000000000000000000000000         3.3739137315353961E-002
   20.0000000000000000000000000000000000         3.7235328558897031E-002
   21.0000000000000000000000000000000000         4.0879771718798030E-002
   22.0000000000000000000000000000000000         4.4668464848306035E-002
   23.0000000000000000000000000000000000         4.8596630878633321E-002
   24.0000000000000000000000000000000000         5.2659427305951113E-002
   25.0000000000000000000000000000000000         5.6852119030708262E-002
   26.0000000000000000000000000000000000         6.1169420547339926E-002
   27.0000000000000000000000000000000000         6.5606016264331948E-002
   28.0000000000000000000000000000000000         7.0156610076861178E-002
   29.0000000000000000000000000000000000         7.4815674469711060E-002
   30.0000000000000000000000000000000000         7.9577535881071512E-002
   31.0000000000000000000000000000000000         8.4436225115307253E-002
   32.0000000000000000000000000000000000         8.9385681933614528E-002
   33.0000000000000000000000000000000000         9.4420797842929366E-002
   34.0000000000000000000000000000000000         9.9534458034374010E-002
   35.0000000000000000000000000000000000        0.10472074881507991     
   36.0000000000000000000000000000000000        0.10997377460673385     
   37.0000000000000000000000000000000000        0.11528589770322675     
   38.0000000000000000000000000000000000        0.12065188868600443     
   39.0000000000000000000000000000000000        0.12606477216110862     
   40.0000000000000000000000000000000000        0.13151777559872829     
   41.0000000000000000000000000000000000        0.13700485859298908     
   42.0000000000000000000000000000000000        0.14251861165208737     
   43.0000000000000000000000000000000000        0.14805285799438350     
   44.0000000000000000000000000000000000        0.15360075842004045     
   45.0000000000000000000000000000000000        0.15915494561988791     
   46.0000000000000000000000000000000000        0.16470943143316652     
   47.0000000000000000000000000000000000        0.17025703321149144     
   48.0000000000000000000000000000000000        0.17579104036084339     
   49.0000000000000000000000000000000000        0.18130503251144714     
   50.0000000000000000000000000000000000        0.18679199313917491     
   51.0000000000000000000000000000000000        0.19224511877459030     
   52.0000000000000000000000000000000000        0.19765829510470265     
   53.0000000000000000000000000000000000        0.20302399299752971     
   54.0000000000000000000000000000000000        0.20833635572539833     
   55.0000000000000000000000000000000000        0.21358914158559578     
   56.0000000000000000000000000000000000        0.21877557549247917     
   57.0000000000000000000000000000000000        0.22388909219393346     
   58.0000000000000000000000000000000000        0.22892392371889123     
   59.0000000000000000000000000000000000        0.23387366449576272     
   60.0000000000000000000000000000000000        0.23873198673499854     
   61.0000000000000000000000000000000000        0.24349421465589946     
   62.0000000000000000000000000000000000        0.24815319265559704     
   63.0000000000000000000000000000000000        0.25270387231811298     
   64.0000000000000000000000000000000000        0.25714046558393383     
   65.0000000000000000000000000000000000        0.26145776895388223     
   66.0000000000000000000000000000000000        0.26565029443059340     
   67.0000000000000000000000000000000000        0.26971325645611238     
   68.0000000000000000000000000000000000        0.27364156570506853     
   69.0000000000000000000000000000000000        0.27743011491737135     
   70.0000000000000000000000000000000000        0.28107496407587024     
   71.0000000000000000000000000000000000        0.28457074857677339     
   72.0000000000000000000000000000000000        0.28791391349932122     
   73.0000000000000000000000000000000000        0.29110036898314984     
   74.0000000000000000000000000000000000        0.29412570555595702     
   75.0000000000000000000000000000000000        0.29698716448039458     
   76.0000000000000000000000000000000000        0.29968017457630147     
   77.0000000000000000000000000000000000        0.30220245519077998     
   78.0000000000000000000000000000000000        0.30455000398070853     
   79.0000000000000000000000000000000000        0.30672083274109363     
   80.0000000000000000000000000000000000        0.30871208203073808     
   81.0000000000000000000000000000000000        0.31052028404866933     
   82.0000000000000000000000000000000000        0.31214453211104598     
   83.0000000000000000000000000000000000        0.31358229856774256     
   84.0000000000000000000000000000000000        0.31483154098835231     
   85.0000000000000000000000000000000000        0.31589195847037327     
   86.0000000000000000000000000000000000        0.31676115497706830     
   87.0000000000000000000000000000000000        0.31743801132530330     
   88.0000000000000000000000000000000000        0.31792218177020365     
   89.0000000000000000000000000000000000        0.31821292491784631     
   90.0000000000000000000000000000000000        0.31830972419789888     
   91.0000000000000000000000000000000000        0.31821292394662787     
   92.0000000000000000000000000000000000        0.31792220193328485     
   93.0000000000000000000000000000000000        0.31743800841644698     
   94.0000000000000000000000000000000000        0.31676105542486988     
   95.0000000000000000000000000000000000        0.31589195363825101     
   96.0000000000000000000000000000000000        0.31483192837719925     
   97.0000000000000000000000000000000000        0.31358229183563097     
   98.0000000000000000000000000000000000        0.31214438482203199     
   99.0000000000000000000000000000000000        0.31052027544935673     
   100.000000000000000000000000000000000        0.30871129493734079     
   101.000000000000000000000000000000000        0.30672082231671804     
   102.000000000000000000000000000000000        0.30455034658678659     
   103.000000000000000000000000000000000        0.30220244299202859     
   104.000000000000000000000000000000000        0.29968025849734803     
   105.000000000000000000000000000000000        0.29698715056660602     
   106.000000000000000000000000000000000        0.29412574069469771     
   107.000000000000000000000000000000000        0.29110035342217155     
   108.000000000000000000000000000000000        0.28791405578537188     
   109.000000000000000000000000000000000        0.28457073144451139     
   110.000000000000000000000000000000000        0.28107482756931979     
   111.000000000000000000000000000000000        0.27743009629706794     
   112.000000000000000000000000000000000        0.27364168675773448     
   113.000000000000000000000000000000000        0.26971323643865380     
   114.000000000000000000000000000000000        0.26565046059875314     
   115.000000000000000000000000000000000        0.26145774763671453     
   116.000000000000000000000000000000000        0.25714022170009598     
   117.000000000000000000000000000000000        0.25270384980526078     
   118.000000000000000000000000000000000        0.24815304173393055     
   119.000000000000000000000000000000000        0.24349419105670128     
   120.000000000000000000000000000000000        0.23873264257061957     
   121.000000000000000000000000000000000        0.23387363992555296     
   122.000000000000000000000000000000000        0.22892403163660732     
   123.000000000000000000000000000000000        0.22388906677216791     
   124.000000000000000000000000000000000        0.21877518064004839     
   125.000000000000000000000000000000000        0.21358911543626324     
   126.000000000000000000000000000000000        0.20833656531162612     
   127.000000000000000000000000000000000        0.20302396624798666     
   128.000000000000000000000000000000000        0.19765787689733444     
   129.000000000000000000000000000000000        0.19224509155522673     
   130.000000000000000000000000000000000        0.18679171245653156     
   131.000000000000000000000000000000000        0.18130500495469770     
   132.000000000000000000000000000000000        0.17579102350934211     
   133.000000000000000000000000000000000        0.17025700545178796     
   134.000000000000000000000000000000000        0.16470916912366293     
   135.000000000000000000000000000000000        0.15915491779234509     
   136.000000000000000000000000000000000        0.15360043538336529     
   137.000000000000000000000000000000000        0.14805283023470220     
   138.000000000000000000000000000000000        0.14251833050358892     
   139.000000000000000000000000000000000        0.13700483103622804     
   140.000000000000000000000000000000000        0.13151788143580384     
   141.000000000000000000000000000000000        0.12606474494170089     
   142.000000000000000000000000000000000        0.12065152905894305     
   143.000000000000000000000000000000000        0.11528587095365260     
   144.000000000000000000000000000000000        0.10997321117918092     
   145.000000000000000000000000000000000        0.10472072266576792     
   146.000000000000000000000000000000000         9.9534708960367924E-002
   147.000000000000000000000000000000000         9.4420772421212454E-002
   148.000000000000000000000000000000000         8.9385994683564729E-002
   149.000000000000000000000000000000000         8.4436200545080622E-002
   150.000000000000000000000000000000000         7.9577411611044410E-002
   151.000000000000000000000000000000000         7.4815650870602796E-002
   152.000000000000000000000000000000000         7.0156598566071385E-002
   153.000000000000000000000000000000000         6.5605993751406813E-002
   154.000000000000000000000000000000000         6.1169399109340578E-002
   155.000000000000000000000000000000000         5.6852097713589150E-002
   156.000000000000000000000000000000000         5.2659525157964397E-002
   157.000000000000000000000000000000000         4.8596610861222855E-002
   158.000000000000000000000000000000000         4.4668393041606649E-002
   159.000000000000000000000000000000000         4.0879753098527746E-002
   160.000000000000000000000000000000000         3.7235132409612216E-002
   161.000000000000000000000000000000000         3.3739120183015864E-002
   162.000000000000000000000000000000000         3.0395953282203628E-002
   163.000000000000000000000000000000000         2.7209500562365603E-002
   164.000000000000000000000000000000000         2.4183879519601686E-002
   165.000000000000000000000000000000000         2.1322705888796794E-002
   166.000000000000000000000000000000000         1.8629509549998660E-002
   167.000000000000000000000000000000000         1.6107416035814899E-002
   168.000000000000000000000000000000000         1.3759655170832823E-002
   169.000000000000000000000000000000000         1.1589039372761963E-002
   170.000000000000000000000000000000000         9.5981249035155137E-003
   171.000000000000000000000000000000000         7.7895889777790306E-003
   172.000000000000000000000000000000000         6.1653803377335840E-003
   173.000000000000000000000000000000000         4.7275753922923509E-003
   174.000000000000000000000000000000000         3.4778678285494755E-003
   175.000000000000000000000000000000000         2.4179164395247504E-003
   176.000000000000000000000000000000000         1.5488929587627156E-003
   177.000000000000000000000000000000000         8.7186454636624681E-004
   178.000000000000000000000000000000000         3.8768967043211025E-004
   179.000000000000000000000000000000000         9.6951922642473192E-005
   180.000000000000000000000000000000000         2.3981001849343696E-015
   181.000000000000000000000000000000000         9.6953864975443544E-005
   182.000000000000000000000000000000000         3.8769605106256768E-004
   183.000000000000000000000000000000000         8.7187036390263270E-004
   184.000000000000000000000000000000000         1.5488895501738628E-003
   185.000000000000000000000000000000000         2.4179261039232740E-003
   186.000000000000000000000000000000000         3.4779232433876399E-003
   187.000000000000000000000000000000000         4.7275888564754171E-003
   188.000000000000000000000000000000000         6.1653962257401367E-003
   189.000000000000000000000000000000000         7.7896061761438097E-003
   190.000000000000000000000000000000000         9.5982602479704852E-003
   191.000000000000000000000000000000000         1.1589060221538015E-002
   192.000000000000000000000000000000000         1.3759679673903845E-002
   193.000000000000000000000000000000000         1.6107440433404275E-002
   194.000000000000000000000000000000000         1.8629506909119423E-002
   195.000000000000000000000000000000000         2.1322733716336535E-002
   196.000000000000000000000000000000000         2.4183902143371874E-002
   197.000000000000000000000000000000000         2.7209531684297260E-002
   198.000000000000000000000000000000000         3.0395882119914275E-002
   199.000000000000000000000000000000000         3.3739154447694299E-002
   200.000000000000000000000000000000000         3.7235214755882942E-002
   201.000000000000000000000000000000000         4.0879790339011665E-002
   202.000000000000000000000000000000000         4.4668351627403236E-002
   203.000000000000000000000000000000000         4.8596650896108110E-002
   204.000000000000000000000000000000000         5.2659558956415699E-002
   205.000000000000000000000000000000000         5.6852140347856697E-002
   206.000000000000000000000000000000000         6.1169470876042374E-002
   207.000000000000000000000000000000000         6.5606038777279815E-002
   208.000000000000000000000000000000000         7.0156660937536239E-002
   209.000000000000000000000000000000000         7.4815698068800729E-002
   210.000000000000000000000000000000000         7.9577429883512754E-002
   211.000000000000000000000000000000000         8.4436249685632001E-002
   212.000000000000000000000000000000000         8.9386029708295830E-002
   213.000000000000000000000000000000000         9.4420823264653272E-002
   214.000000000000000000000000000000000         9.9534424345550876E-002
   215.000000000000000000000000000000000        0.10472077496446054     
   216.000000000000000000000000000000000        0.10997323154559337     
   217.000000000000000000000000000000000        0.11528592445275901     
   218.000000000000000000000000000000000        0.12065191635660338     
   219.000000000000000000000000000000000        0.12606479938055995     
   220.000000000000000000000000000000000        0.13151794261174321     
   221.000000000000000000000000000000000        0.13700488614966103     
   222.000000000000000000000000000000000        0.14251875501901637     
   223.000000000000000000000000000000000        0.14805288575416692     
   224.000000000000000000000000000000000        0.15360046926371260     
   225.000000000000000000000000000000000        0.15915497344740595     
   226.000000000000000000000000000000000        0.16470939724905145     
   227.000000000000000000000000000000000        0.17025706097126792     
   228.000000000000000000000000000000000        0.17579128418303863     
   229.000000000000000000000000000000000        0.18130506006812031     
   230.000000000000000000000000000000000        0.18679215615701947     
   231.000000000000000000000000000000000        0.19224514599409406     
   232.000000000000000000000000000000000        0.19765819744705757     
   233.000000000000000000000000000000000        0.20302401974705639     
   234.000000000000000000000000000000000        0.20833675036734386     
   235.000000000000000000000000000000000        0.21358916773495190     
   236.000000000000000000000000000000000        0.21877566303306645     
   237.000000000000000000000000000000000        0.22388911761565766     
   238.000000000000000000000000000000000        0.22892407323887759     
   239.000000000000000000000000000000000        0.23387368906604880     
   240.000000000000000000000000000000000        0.23873256760554148     
   241.000000000000000000000000000000000        0.24349423825494360     
   242.000000000000000000000000000000000        0.24815332691505135     
   243.000000000000000000000000000000000        0.25270389483108924     
   244.000000000000000000000000000000000        0.25714067233148025     
   245.000000000000000000000000000000000        0.26145779027092481     
   246.000000000000000000000000000000000        0.26565046126875519     
   247.000000000000000000000000000000000        0.26971327647356402     
   248.000000000000000000000000000000000        0.27364129743911858     
   249.000000000000000000000000000000000        0.27743013353763679     
   250.000000000000000000000000000000000        0.28107464964114925     
   251.000000000000000000000000000000000        0.28457076570916617     
   252.000000000000000000000000000000000        0.28791385172815348     
   253.000000000000000000000000000000000        0.29110038454415882     
   254.000000000000000000000000000000000        0.29412592413943417     
   255.000000000000000000000000000000000        0.29698717839415167     
   256.000000000000000000000000000000000        0.29968030160603137     
   257.000000000000000000000000000000000        0.30220246738957851     
   258.000000000000000000000000000000000        0.30455034884532772     
   259.000000000000000000000000000000000        0.30672084316541276     
   260.000000000000000000000000000000000        0.30871137903270057     
   261.000000000000000000000000000000000        0.31052029264785252     
   262.000000000000000000000000000000000        0.31214409047177827     
   263.000000000000000000000000000000000        0.31358230529974851     
   264.000000000000000000000000000000000        0.31483178477833113     
   265.000000000000000000000000000000000        0.31589196330252728     
   266.000000000000000000000000000000000        0.31676090153358455     
   267.000000000000000000000000000000000        0.31743801423402052     
   268.000000000000000000000000000000000        0.31792199791489451     
   269.000000000000000000000000000000000        0.31821292588897443     
   270.000000000000000000000000000000000        0.31830977664105153     
   271.000000000000000000000000000000000        0.31821292297545728     
   272.000000000000000000000000000000000        0.31792198859053983     
   273.000000000000000000000000000000000        0.31743800550773654     
   274.000000000000000000000000000000000        0.31676109654418549     
   275.000000000000000000000000000000000        0.31589194880606286     
   276.000000000000000000000000000000000        0.31483214136154242     
   277.000000000000000000000000000000000        0.31358228510351077     
   278.000000000000000000000000000000000        0.31214458433712594     
   279.000000000000000000000000000000000        0.31052026685027656     
   280.000000000000000000000000000000000        0.30871183525298462     
   281.000000000000000000000000000000000        0.30672081189231826     
   282.000000000000000000000000000000000        0.30455049227003994     
   283.000000000000000000000000000000000        0.30220243079320508     
   284.000000000000000000000000000000000        0.29968053817260609     
   285.000000000000000000000000000000000        0.29698713665280962     
   286.000000000000000000000000000000000        0.29412606776683331     
   287.000000000000000000000000000000000        0.29110033786123957     
   288.000000000000000000000000000000000        0.28791413896848489     
   289.000000000000000000000000000000000        0.28457071431206532     
   290.000000000000000000000000000000000        0.28107461052048938     
   291.000000000000000000000000000000000        0.27743007767684774     
   292.000000000000000000000000000000000        0.27364147324089583     
   293.000000000000000000000000000000000        0.26971321642120366     
   294.000000000000000000000000000000000        0.26565058657753499     
   295.000000000000000000000000000000000        0.26145772631953934     
   296.000000000000000000000000000000000        0.25714050969588959     
   297.000000000000000000000000000000000        0.25270382729227958     
   298.000000000000000000000000000000000        0.24815342320949746     
   299.000000000000000000000000000000000        0.24349416745775118     
   300.000000000000000000000000000000000        0.23873268560161975     
   301.000000000000000000000000000000000        0.23387361535525586     
   302.000000000000000000000000000000000        0.22892401455822772     
   303.000000000000000000000000000000000        0.22388904135049376     
   304.000000000000000000000000000000000        0.21877570590821635     
   305.000000000000000000000000000000000        0.21358908928688441     
   306.000000000000000000000000000000000        0.20833663378971287     
   307.000000000000000000000000000000000        0.20302393949851835     
   308.000000000000000000000000000000000        0.19765787405179969     
   309.000000000000000000000000000000000        0.19224506433569008     
   310.000000000000000000000000000000000        0.18679183245924100     
   311.000000000000000000000000000000000        0.18130497739797943     
   312.000000000000000000000000000000000        0.17579116384092935     
   313.000000000000000000000000000000000        0.17025697769198478     
   314.000000000000000000000000000000000        0.16470928631732462     
   315.000000000000000000000000000000000        0.15915488996486082     
   316.000000000000000000000000000000000        0.15360016951470312     
   317.000000000000000000000000000000000        0.14805280247490082     
   318.000000000000000000000000000000000        0.14251857511011565     
   319.000000000000000000000000000000000        0.13700480347954594     
   320.000000000000000000000000000000000        0.13151764756441148     
   321.000000000000000000000000000000000        0.12606471772225236     
   322.000000000000000000000000000000000        0.12065176515913549     
   323.000000000000000000000000000000000        0.11528584420415165     
   324.000000000000000000000000000000000        0.10997323014382782     
   325.000000000000000000000000000000000        0.10472069651642876     
   326.000000000000000000000000000000000         9.9534394683059399E-002
   327.000000000000000000000000000000000         9.4420746999529362E-002
   328.000000000000000000000000000000000         8.9385864470807472E-002
   329.000000000000000000000000000000000         8.4436175974826291E-002
   330.000000000000000000000000000000000         7.9577403223614909E-002
   331.000000000000000000000000000000000         7.4815627271541174E-002
   332.000000000000000000000000000000000         7.0156775236435556E-002
   333.000000000000000000000000000000000         6.5605971238413704E-002
   334.000000000000000000000000000000000         6.1169325155735081E-002
   335.000000000000000000000000000000000         5.6852076396493506E-002
   336.000000000000000000000000000000000         5.2659385293729453E-002
   337.000000000000000000000000000000000         4.8596590843730122E-002
   338.000000000000000000000000000000000         4.4668383930734350E-002
   339.000000000000000000000000000000000         4.0879734478290741E-002
   340.000000000000000000000000000000000         3.7235128360084101E-002
   341.000000000000000000000000000000000         3.3739103050663945E-002
   342.000000000000000000000000000000000         3.0395832117088961E-002
   343.000000000000000000000000000000000         2.7209485001428620E-002
   344.000000000000000000000000000000000         2.4183688284044855E-002
   345.000000000000000000000000000000000         2.1322691975041524E-002
   346.000000000000000000000000000000000         1.8629426160766221E-002
   347.000000000000000000000000000000000         1.6107403837048426E-002
   348.000000000000000000000000000000000         1.3759639466042986E-002
   349.000000000000000000000000000000000         1.1589028948398894E-002
   350.000000000000000000000000000000000         9.5981982745954840E-003
   351.000000000000000000000000000000000         7.7895803786058636E-003
   352.000000000000000000000000000000000         6.1654359867644448E-003
   353.000000000000000000000000000000000         4.7275686602053805E-003
   354.000000000000000000000000000000000         3.4779048749825551E-003
   355.000000000000000000000000000000000         2.4179116073321256E-003
   356.000000000000000000000000000000000         1.5488759905285658E-003
   357.000000000000000000000000000000000         8.7186163760132897E-004
   358.000000000000000000000000000000000         3.8769032983080248E-004
   359.000000000000000000000000000000000         9.6950951482291595E-005
   360.000000000000000000000000000000000         1.5489958123426255E-013
