   1.00000000000000000000000000000000000         9.6952893808260494E-005
   2.00000000000000000000000000000000000         3.8769345305585665E-004
   3.00000000000000000000000000000000000         8.7186745512629030E-004
   4.00000000000000000000000000000000000         1.5488677961824546E-003
   5.00000000000000000000000000000000000         2.4179212717252365E-003
   6.00000000000000000000000000000000000         3.4779170770866999E-003
   7.00000000000000000000000000000000000         4.7275821243757312E-003
   8.00000000000000000000000000000000000         6.1654797801499158E-003
   9.00000000000000000000000000000000000         7.7895975769714312E-003
   10.0000000000000000000000000000000000         9.5982162398918942E-003
   11.0000000000000000000000000000000000         1.1589049797130118E-002
   12.0000000000000000000000000000000000         1.3759540314724369E-002
   13.0000000000000000000000000000000000         1.6107428234636661E-002
   14.0000000000000000000000000000000000         1.8629467944629167E-002
   15.0000000000000000000000000000000000         2.1322719802565834E-002
   16.0000000000000000000000000000000000         2.4183723708522120E-002
   17.0000000000000000000000000000000000         2.7209516123326415E-002
   18.0000000000000000000000000000000000         3.0395858360519019E-002
   19.0000000000000000000000000000000000         3.3739137315353537E-002
   20.0000000000000000000000000000000000         3.7235404021308788E-002
   21.0000000000000000000000000000000000         4.0879771718806503E-002
   22.0000000000000000000000000000000000         4.4668467789789806E-002
   23.0000000000000000000000000000000000         4.8596630878625341E-002
   24.0000000000000000000000000000000000         5.2659388858881835E-002
   25.0000000000000000000000000000000000         5.6852119030705181E-002
   26.0000000000000000000000000000000000         6.1169443070792383E-002
   27.0000000000000000000000000000000000         6.5606016264336695E-002
   28.0000000000000000000000000000000000         7.0156599656046648E-002
   29.0000000000000000000000000000000000         7.4815674469718346E-002
   30.0000000000000000000000000000000000         7.9577568590655762E-002
   31.0000000000000000000000000000000000         8.4436225115290739E-002
   32.0000000000000000000000000000000000         8.9385510261586185E-002
   33.0000000000000000000000000000000000         9.4420797842931725E-002
   34.0000000000000000000000000000000000         9.9534460072107867E-002
   35.0000000000000000000000000000000000        0.10472074881507376     
   36.0000000000000000000000000000000000        0.10997398981981553     
   37.0000000000000000000000000000000000        0.11528589770322420     
   38.0000000000000000000000000000000000        0.12065189327768047     
   39.0000000000000000000000000000000000        0.12606477216109657     
   40.0000000000000000000000000000000000        0.13151766884470023     
   41.0000000000000000000000000000000000        0.13700485859299885     
   42.0000000000000000000000000000000000        0.14251855290610041     
   43.0000000000000000000000000000000000        0.14805285799436904     
   44.0000000000000000000000000000000000        0.15360088407153458     
   45.0000000000000000000000000000000000        0.15915494561988935     
   46.0000000000000000000000000000000000        0.16470946198397821     
   47.0000000000000000000000000000000000        0.17025703321149616     
   48.0000000000000000000000000000000000        0.17579097401269222     
   49.0000000000000000000000000000000000        0.18130503251147598     
   50.0000000000000000000000000000000000        0.18679203592593790     
   51.0000000000000000000000000000000000        0.19224511877458214     
   52.0000000000000000000000000000000000        0.19765844375593450     
   53.0000000000000000000000000000000000        0.20302399299752280     
   54.0000000000000000000000000000000000        0.20833626593255333     
   55.0000000000000000000000000000000000        0.21358914158559769     
   56.0000000000000000000000000000000000        0.21877564841180203     
   57.0000000000000000000000000000000000        0.22388909219393152     
   58.0000000000000000000000000000000000        0.22892394674362335     
   59.0000000000000000000000000000000000        0.23387366449573921     
   60.0000000000000000000000000000000000        0.23873176218208583     
   61.0000000000000000000000000000000000        0.24349421465592533     
   62.0000000000000000000000000000000000        0.24815315802453899     
   63.0000000000000000000000000000000000        0.25270387231808261     
   64.0000000000000000000000000000000000        0.25714044193119967     
   65.0000000000000000000000000000000000        0.26145776895389766     
   66.0000000000000000000000000000000000        0.26565024608384391     
   67.0000000000000000000000000000000000        0.26971325645612027     
   68.0000000000000000000000000000000000        0.27364163785759338     
   69.0000000000000000000000000000000000        0.27743011491738329     
   70.0000000000000000000000000000000000        0.28107510117385553     
   71.0000000000000000000000000000000000        0.28457074857674114     
   72.0000000000000000000000000000000000        0.28791387069939156     
   73.0000000000000000000000000000000000        0.29110036898314573     
   74.0000000000000000000000000000000000        0.29412555810246221     
   75.0000000000000000000000000000000000        0.29698716448042750     
   76.0000000000000000000000000000000000        0.29968004925400010     
   77.0000000000000000000000000000000000        0.30220245519077582     
   78.0000000000000000000000000000000000        0.30454989368267349     
   79.0000000000000000000000000000000000        0.30672083274111039     
   80.0000000000000000000000000000000000        0.30871230052763371     
   81.0000000000000000000000000000000000        0.31052028404868615     
   82.0000000000000000000000000000000000        0.31214455496826871     
   83.0000000000000000000000000000000000        0.31358229856777214     
   84.0000000000000000000000000000000000        0.31483132036885320     
   85.0000000000000000000000000000000000        0.31589195847036899     
   86.0000000000000000000000000000000000        0.31676123904768488     
   87.0000000000000000000000000000000000        0.31743801132532029     
   88.0000000000000000000000000000000000        0.31792218016261548     
   89.0000000000000000000000000000000000        0.31821292491788039     
   90.0000000000000000000000000000000000        0.31830964410013196     
   91.0000000000000000000000000000000000        0.31821292394662787     
   92.0000000000000000000000000000000000        0.31792221188791059     
   93.0000000000000000000000000000000000        0.31743800841642572     
   94.0000000000000000000000000000000000        0.31676108944781067     
   95.0000000000000000000000000000000000        0.31589195363828071     
   96.0000000000000000000000000000000000        0.31483191341810457     
   97.0000000000000000000000000000000000        0.31358229183565633     
   98.0000000000000000000000000000000000        0.31214433464793634     
   99.0000000000000000000000000000000000        0.31052027544929783     
   100.000000000000000000000000000000000        0.30871110670224011     
   101.000000000000000000000000000000000        0.30672082231674314     
   102.000000000000000000000000000000000        0.30455042141850380     
   103.000000000000000000000000000000000        0.30220244299203691     
   104.000000000000000000000000000000000        0.29968018390578532     
   105.000000000000000000000000000000000        0.29698715056663477     
   106.000000000000000000000000000000000        0.29412561933492365     
   107.000000000000000000000000000000000        0.29110035342215118     
   108.000000000000000000000000000000000        0.28791409596775885     
   109.000000000000000000000000000000000        0.28457073144452749     
   110.000000000000000000000000000000000        0.28107490262022333     
   111.000000000000000000000000000000000        0.27743009629704807     
   112.000000000000000000000000000000000        0.27364183234156447     
   113.000000000000000000000000000000000        0.26971323643866557     
   114.000000000000000000000000000000000        0.26565050998790612     
   115.000000000000000000000000000000000        0.26145774763670299     
   116.000000000000000000000000000000000        0.25714008194764626     
   117.000000000000000000000000000000000        0.25270384980528737     
   118.000000000000000000000000000000000        0.24815294022668055     
   119.000000000000000000000000000000000        0.24349419105666495     
   120.000000000000000000000000000000000        0.23873277367589915     
   121.000000000000000000000000000000000        0.23387363992555749     
   122.000000000000000000000000000000000        0.22892412419342523     
   123.000000000000000000000000000000000        0.22388906677213669     
   124.000000000000000000000000000000000        0.21877506051724072     
   125.000000000000000000000000000000000        0.21358911543626749     
   126.000000000000000000000000000000000        0.20833659899199880     
   127.000000000000000000000000000000000        0.20302396624797578     
   128.000000000000000000000000000000000        0.19765782091744061     
   129.000000000000000000000000000000000        0.19224509155526051     
   130.000000000000000000000000000000000        0.18679162275950900     
   131.000000000000000000000000000000000        0.18130500495470675     
   132.000000000000000000000000000000000        0.17579096282275872     
   133.000000000000000000000000000000000        0.17025700545181965     
   134.000000000000000000000000000000000        0.16470907701353396     
   135.000000000000000000000000000000000        0.15915491779233853     
   136.000000000000000000000000000000000        0.15360040660883237     
   137.000000000000000000000000000000000        0.14805283023472590     
   138.000000000000000000000000000000000        0.14251813917168180     
   139.000000000000000000000000000000000        0.13700483103621222     
   140.000000000000000000000000000000000        0.13151784437745562     
   141.000000000000000000000000000000000        0.12606474494170664     
   142.000000000000000000000000000000000        0.12065135966174260     
   143.000000000000000000000000000000000        0.11528587095363046     
   144.000000000000000000000000000000000        0.10997314551955614     
   145.000000000000000000000000000000000        0.10472072266577309     
   146.000000000000000000000000000000000         9.9534855747889395E-002
   147.000000000000000000000000000000000         9.4420772421212190E-002
   148.000000000000000000000000000000000         8.9385999686371023E-002
   149.000000000000000000000000000000000         8.4436200545080858E-002
   150.000000000000000000000000000000000         7.9577391923653332E-002
   151.000000000000000000000000000000000         7.4815650870596426E-002
   152.000000000000000000000000000000000         7.0156594191648991E-002
   153.000000000000000000000000000000000         6.5605993751425326E-002
   154.000000000000000000000000000000000         6.1169421889307962E-002
   155.000000000000000000000000000000000         5.6852097713588012E-002
   156.000000000000000000000000000000000         5.2659548712184034E-002
   157.000000000000000000000000000000000         4.8596610861238461E-002
   158.000000000000000000000000000000000         4.4668368534078302E-002
   159.000000000000000000000000000000000         4.0879753098525651E-002
   160.000000000000000000000000000000000         3.7235114627132262E-002
   161.000000000000000000000000000000000         3.3739120183017758E-002
   162.000000000000000000000000000000000         3.0395994844484828E-002
   163.000000000000000000000000000000000         2.7209500562363289E-002
   164.000000000000000000000000000000000         2.4183877960418876E-002
   165.000000000000000000000000000000000         2.1322705888793609E-002
   166.000000000000000000000000000000000         1.8629537230857120E-002
   167.000000000000000000000000000000000         1.6107416035809528E-002
   168.000000000000000000000000000000000         1.3759654307083015E-002
   169.000000000000000000000000000000000         1.1589039372758687E-002
   170.000000000000000000000000000000000         9.5980813065534732E-003
   171.000000000000000000000000000000000         7.7895889777788857E-003
   172.000000000000000000000000000000000         6.1653778585019836E-003
   173.000000000000000000000000000000000         4.7275753922944707E-003
   174.000000000000000000000000000000000         3.4778448951420498E-003
   175.000000000000000000000000000000000         2.4179164395246307E-003
   176.000000000000000000000000000000000         1.5488991431366719E-003
   177.000000000000000000000000000000000         8.7186454636729979E-004
   178.000000000000000000000000000000000         3.8768870720246544E-004
   179.000000000000000000000000000000000         9.6951922642789291E-005
   180.000000000000000000000000000000000         2.3800692803760076E-015
   181.000000000000000000000000000000000         9.6953864975251382E-005
   182.000000000000000000000000000000000         3.8769639464964769E-004
   183.000000000000000000000000000000000         8.7187036390232989E-004
   184.000000000000000000000000000000000         1.5488898999847114E-003
   185.000000000000000000000000000000000         2.4179261039215878E-003
   186.000000000000000000000000000000000         3.4779232433923704E-003
   187.000000000000000000000000000000000         4.7275888564790704E-003
   188.000000000000000000000000000000000         6.1653940328355323E-003
   189.000000000000000000000000000000000         7.7896061761448731E-003
   190.000000000000000000000000000000000         9.5982774895975384E-003
   191.000000000000000000000000000000000         1.1589060221545043E-002
   192.000000000000000000000000000000000         1.3759679786275477E-002
   193.000000000000000000000000000000000         1.6107440433405451E-002
   194.000000000000000000000000000000000         1.8629519541370043E-002
   195.000000000000000000000000000000000         2.1322733716335727E-002
   196.000000000000000000000000000000000         2.4183896991214350E-002
   197.000000000000000000000000000000000         2.7209531684300986E-002
   198.000000000000000000000000000000000         3.0395869347271273E-002
   199.000000000000000000000000000000000         3.3739154447693952E-002
   200.000000000000000000000000000000000         3.7235221334074024E-002
   201.000000000000000000000000000000000         4.0879790338995650E-002
   202.000000000000000000000000000000000         4.4668285234309796E-002
   203.000000000000000000000000000000000         4.8596650896112259E-002
   204.000000000000000000000000000000000         5.2659578555477884E-002
   205.000000000000000000000000000000000         5.6852140347861221E-002
   206.000000000000000000000000000000000         6.1169508255049139E-002
   207.000000000000000000000000000000000         6.5606038777285616E-002
   208.000000000000000000000000000000000         7.0156665053343226E-002
   209.000000000000000000000000000000000         7.4815698068805891E-002
   210.000000000000000000000000000000000         7.9577394542406185E-002
   211.000000000000000000000000000000000         8.4436249685653941E-002
   212.000000000000000000000000000000000         8.9386026866143845E-002
   213.000000000000000000000000000000000         9.4420823264655590E-002
   214.000000000000000000000000000000000         9.9534395265410761E-002
   215.000000000000000000000000000000000        0.10472077496448375     
   216.000000000000000000000000000000000        0.10997314885214017     
   217.000000000000000000000000000000000        0.11528592445274748     
   218.000000000000000000000000000000000        0.12065192129856335     
   219.000000000000000000000000000000000        0.12606479938055859     
   220.000000000000000000000000000000000        0.13151790888350839     
   221.000000000000000000000000000000000        0.13700488614964285     
   222.000000000000000000000000000000000        0.14251875678874160     
   223.000000000000000000000000000000000        0.14805288575417416     
   224.000000000000000000000000000000000        0.15360042911706323     
   225.000000000000000000000000000000000        0.15915497344739543     
   226.000000000000000000000000000000000        0.16470939537186341     
   227.000000000000000000000000000000000        0.17025706097129126     
   228.000000000000000000000000000000000        0.17579133089644008     
   229.000000000000000000000000000000000        0.18130506006812191     
   230.000000000000000000000000000000000        0.18679226987989497     
   231.000000000000000000000000000000000        0.19224514599412551     
   232.000000000000000000000000000000000        0.19765828089220625     
   233.000000000000000000000000000000000        0.20302401974703768     
   234.000000000000000000000000000000000        0.20833685315908021     
   235.000000000000000000000000000000000        0.21358916773497283     
   236.000000000000000000000000000000000        0.21877576824683670     
   237.000000000000000000000000000000000        0.22388911761565589     
   238.000000000000000000000000000000000        0.22892416139129487     
   239.000000000000000000000000000000000        0.23387368906604700     
   240.000000000000000000000000000000000        0.23873263428665120     
   241.000000000000000000000000000000000        0.24349423825494360     
   242.000000000000000000000000000000000        0.24815335044459280     
   243.000000000000000000000000000000000        0.25270389483107786     
   244.000000000000000000000000000000000        0.25714074535339482     
   245.000000000000000000000000000000000        0.26145779027089394     
   246.000000000000000000000000000000000        0.26565048937402291     
   247.000000000000000000000000000000000        0.26971327647357579     
   248.000000000000000000000000000000000        0.27364121915651357     
   249.000000000000000000000000000000000        0.27743013353765267     
   250.000000000000000000000000000000000        0.28107461290916619     
   251.000000000000000000000000000000000        0.28457076570916617     
   252.000000000000000000000000000000000        0.28791376806139884     
   253.000000000000000000000000000000000        0.29110038454417919     
   254.000000000000000000000000000000000        0.29412588330839079     
   255.000000000000000000000000000000000        0.29698717839418459     
   256.000000000000000000000000000000000        0.29968023589642423     
   257.000000000000000000000000000000000        0.30220246738957851     
   258.000000000000000000000000000000000        0.30455041301756491     
   259.000000000000000000000000000000000        0.30672084316540438     
   260.000000000000000000000000000000000        0.30871122482906649     
   261.000000000000000000000000000000000        0.31052029264786940     
   262.000000000000000000000000000000000        0.31214387830563678     
   263.000000000000000000000000000000000        0.31358230529974007     
   264.000000000000000000000000000000000        0.31483168865330491     
   265.000000000000000000000000000000000        0.31589196330249758     
   266.000000000000000000000000000000000        0.31676085100796014     
   267.000000000000000000000000000000000        0.31743801423401624     
   268.000000000000000000000000000000000        0.31792189912149071     
   269.000000000000000000000000000000000        0.31821292588898720     
   270.000000000000000000000000000000000        0.31830972397508178     
   271.000000000000000000000000000000000        0.31821292297546150     
   272.000000000000000000000000000000000        0.31792188796589554     
   273.000000000000000000000000000000000        0.31743800550774504     
   274.000000000000000000000000000000000        0.31676115410149441     
   275.000000000000000000000000000000000        0.31589194880610527     
   276.000000000000000000000000000000000        0.31483224083601785     
   277.000000000000000000000000000000000        0.31358228510351921     
   278.000000000000000000000000000000000        0.31214464253693741     
   279.000000000000000000000000000000000        0.31052026685027656     
   280.000000000000000000000000000000000        0.30871193462289581     
   281.000000000000000000000000000000000        0.30672081189233080     
   282.000000000000000000000000000000000        0.30455064922578756     
   283.000000000000000000000000000000000        0.30220243079320097     
   284.000000000000000000000000000000000        0.29968061670632112     
   285.000000000000000000000000000000000        0.29698713665282195     
   286.000000000000000000000000000000000        0.29412612520439330     
   287.000000000000000000000000000000000        0.29110033786123957     
   288.000000000000000000000000000000000        0.28791423121782594     
   289.000000000000000000000000000000000        0.28457071431202507     
   290.000000000000000000000000000000000        0.28107458139452690     
   291.000000000000000000000000000000000        0.27743007767685174     
   292.000000000000000000000000000000000        0.27364151725035196     
   293.000000000000000000000000000000000        0.26971321642121543     
   294.000000000000000000000000000000000        0.26565071268049262     
   295.000000000000000000000000000000000        0.26145772631950848     
   296.000000000000000000000000000000000        0.25714053205757947     
   297.000000000000000000000000000000000        0.25270382729228719     
   298.000000000000000000000000000000000        0.24815353331074219     
   299.000000000000000000000000000000000        0.24349416745779029     
   300.000000000000000000000000000000000        0.23873285182127055     
   301.000000000000000000000000000000000        0.23387361535523760     
   302.000000000000000000000000000000000        0.22892411126453635     
   303.000000000000000000000000000000000        0.22388904135048840     
   304.000000000000000000000000000000000        0.21877587403714646     
   305.000000000000000000000000000000000        0.21358908928686174     
   306.000000000000000000000000000000000        0.20833671713293631     
   307.000000000000000000000000000000000        0.20302393949854897     
   308.000000000000000000000000000000000        0.19765783070703585     
   309.000000000000000000000000000000000        0.19224506433567021     
   310.000000000000000000000000000000000        0.18679181986763987     
   311.000000000000000000000000000000000        0.18130497739799070     
   312.000000000000000000000000000000000        0.17579119103475105     
   313.000000000000000000000000000000000        0.17025697769198633     
   314.000000000000000000000000000000000        0.16470927005553337     
   315.000000000000000000000000000000000        0.15915488996488192     
   316.000000000000000000000000000000000        0.15360001621758979     
   317.000000000000000000000000000000000        0.14805280247489500     
   318.000000000000000000000000000000000        0.14251852620226488     
   319.000000000000000000000000000000000        0.13700480347955013     
   320.000000000000000000000000000000000        0.13151750250824684     
   321.000000000000000000000000000000000        0.12606471772224970     
   322.000000000000000000000000000000000        0.12065173338389680     
   323.000000000000000000000000000000000        0.11528584420415165     
   324.000000000000000000000000000000000        0.10997318824767684     
   325.000000000000000000000000000000000        0.10472069651642632     
   326.000000000000000000000000000000000         9.9534390575248169E-002
   327.000000000000000000000000000000000         9.4420746999546765E-002
   328.000000000000000000000000000000000         8.9385814445137227E-002
   329.000000000000000000000000000000000         8.4436175974824099E-002
   330.000000000000000000000000000000000         7.9577391754763707E-002
   331.000000000000000000000000000000000         7.4815627271547364E-002
   332.000000000000000000000000000000000         7.0156875341727529E-002
   333.000000000000000000000000000000000         6.5605971238405961E-002
   334.000000000000000000000000000000000         6.1169320722508060E-002
   335.000000000000000000000000000000000         5.6852076396507911E-002
   336.000000000000000000000000000000000         5.2659346505378513E-002
   337.000000000000000000000000000000000         4.8596590843721803E-002
   338.000000000000000000000000000000000         4.4668364768918736E-002
   339.000000000000000000000000000000000         4.0879734478296084E-002
   340.000000000000000000000000000000000         3.7235117815761290E-002
   341.000000000000000000000000000000000         3.3739103050656666E-002
   342.000000000000000000000000000000000         3.0395818856422244E-002
   343.000000000000000000000000000000000         2.7209485001435781E-002
   344.000000000000000000000000000000000         2.4183594407691123E-002
   345.000000000000000000000000000000000         2.1322691975040973E-002
   346.000000000000000000000000000000000         1.8629417056212051E-002
   347.000000000000000000000000000000000         1.6107403837051538E-002
   348.000000000000000000000000000000000         1.3759636307911792E-002
   349.000000000000000000000000000000000         1.1589028948399605E-002
   350.000000000000000000000000000000000         9.5981980346295671E-003
   351.000000000000000000000000000000000         7.7895803786066139E-003
   352.000000000000000000000000000000000         6.1654666285243537E-003
   353.000000000000000000000000000000000         4.7275686602051862E-003
   354.000000000000000000000000000000000         3.4779043459459967E-003
   355.000000000000000000000000000000000         2.4179116073326594E-003
   356.000000000000000000000000000000000         1.5488753249847909E-003
   357.000000000000000000000000000000000         8.7186163760088315E-004
   358.000000000000000000000000000000000         3.8769072688328934E-004
   359.000000000000000000000000000000000         9.6950951482374062E-005
   360.000000000000000000000000000000000         4.2385461818430135E-013
