   1.00000000000000000000000000000000000         9.6952893807099801E-005
   2.00000000000000000000000000000000000         3.8769345305370121E-004
   3.00000000000000000000000000000000000         8.7186745512945411E-004
   4.00000000000000000000000000000000000         1.5488778801965651E-003
   5.00000000000000000000000000000000000         2.4179212717237502E-003
   6.00000000000000000000000000000000000         3.4779173000759780E-003
   7.00000000000000000000000000000000000         4.7275821243764216E-003
   8.00000000000000000000000000000000000         6.1654287913956649E-003
   9.00000000000000000000000000000000000         7.7895975769630187E-003
   10.0000000000000000000000000000000000         9.5982171354398738E-003
   11.0000000000000000000000000000000000         1.1589049797139156E-002
   12.0000000000000000000000000000000000         1.3759615202536310E-002
   13.0000000000000000000000000000000000         1.6107428234620906E-002
   14.0000000000000000000000000000000000         1.8629468970100056E-002
   15.0000000000000000000000000000000000         2.1322719802568443E-002
   16.0000000000000000000000000000000000         2.4183825377299947E-002
   17.0000000000000000000000000000000000         2.7209516123326147E-002
   18.0000000000000000000000000000000000         3.0395877003166497E-002
   19.0000000000000000000000000000000000         3.3739137315353829E-002
   20.0000000000000000000000000000000000         3.7235275291358297E-002
   21.0000000000000000000000000000000000         4.0879771718792521E-002
   22.0000000000000000000000000000000000         4.4668462771964602E-002
   23.0000000000000000000000000000000000         4.8596630878638448E-002
   24.0000000000000000000000000000000000         5.2659454445067290E-002
   25.0000000000000000000000000000000000         5.6852119030710989E-002
   26.0000000000000000000000000000000000         6.1169404648434809E-002
   27.0000000000000000000000000000000000         6.5606016264327910E-002
   28.0000000000000000000000000000000000         7.0156617432730717E-002
   29.0000000000000000000000000000000000         7.4815674469706661E-002
   30.0000000000000000000000000000000000         7.9577512791957267E-002
   31.0000000000000000000000000000000000         8.4436225115318120E-002
   32.0000000000000000000000000000000000         8.9385803113969084E-002
   33.0000000000000000000000000000000000         9.4420797842928506E-002
   34.0000000000000000000000000000000000         9.9534456595973653E-002
   35.0000000000000000000000000000000000        0.10472074881508339     
   36.0000000000000000000000000000000000        0.10997362269174417     
   37.0000000000000000000000000000000000        0.11528589770322947     
   38.0000000000000000000000000000000000        0.12065188544482140     
   39.0000000000000000000000000000000000        0.12606477216111620     
   40.0000000000000000000000000000000000        0.13151785095453891     
   41.0000000000000000000000000000000000        0.13700485859298317     
   42.0000000000000000000000000000000000        0.14251865311985018     
   43.0000000000000000000000000000000000        0.14805285799439274     
   44.0000000000000000000000000000000000        0.15360066972489908     
   45.0000000000000000000000000000000000        0.15915494561988791     
   46.0000000000000000000000000000000000        0.16470940986788937     
   47.0000000000000000000000000000000000        0.17025703321148702     
   48.0000000000000000000000000000000000        0.17579108719483996     
   49.0000000000000000000000000000000000        0.18130503251142788     
   50.0000000000000000000000000000000000        0.18679196293675696     
   51.0000000000000000000000000000000000        0.19224511877459499     
   52.0000000000000000000000000000000000        0.19765819017445502     
   53.0000000000000000000000000000000000        0.20302399299753571     
   54.0000000000000000000000000000000000        0.20833641910859468     
   55.0000000000000000000000000000000000        0.21358914158559333     
   56.0000000000000000000000000000000000        0.21877552402002332     
   57.0000000000000000000000000000000000        0.22388909219393599     
   58.0000000000000000000000000000000000        0.22892390746613986     
   59.0000000000000000000000000000000000        0.23387366449577818     
   60.0000000000000000000000000000000000        0.23873214524300052     
   61.0000000000000000000000000000000000        0.24349421465588239     
   62.0000000000000000000000000000000000        0.24815321710105123     
   63.0000000000000000000000000000000000        0.25270387231813329     
   64.0000000000000000000000000000000000        0.25714048227998215     
   65.0000000000000000000000000000000000        0.26145776895387246     
   66.0000000000000000000000000000000000        0.26565032855771337     
   67.0000000000000000000000000000000000        0.26971325645610572     
   68.0000000000000000000000000000000000        0.27364151477388021     
   69.0000000000000000000000000000000000        0.27743011491736408     
   70.0000000000000000000000000000000000        0.28107486730084191     
   71.0000000000000000000000000000000000        0.28457074857679482     
   72.0000000000000000000000000000000000        0.28791394371103823     
   73.0000000000000000000000000000000000        0.29110036898315400     
   74.0000000000000000000000000000000000        0.29412580964079910     
   75.0000000000000000000000000000000000        0.29698716448036999     
   76.0000000000000000000000000000000000        0.29968026303911821     
   77.0000000000000000000000000000000000        0.30220245519078437     
   78.0000000000000000000000000000000000        0.30455008183815707     
   79.0000000000000000000000000000000000        0.30672083274108036     
   80.0000000000000000000000000000000000        0.30871192779768181     
   81.0000000000000000000000000000000000        0.31052028404865889     
   82.0000000000000000000000000000000000        0.31214451597653636     
   83.0000000000000000000000000000000000        0.31358229856772019     
   84.0000000000000000000000000000000000        0.31483169671981004     
   85.0000000000000000000000000000000000        0.31589195847037788     
   86.0000000000000000000000000000000000        0.31676109563311039     
   87.0000000000000000000000000000000000        0.31743801132528965     
   88.0000000000000000000000000000000000        0.31792218290497176     
   89.0000000000000000000000000000000000        0.31821292491782388     
   90.0000000000000000000000000000000000        0.31830978073750515     
   91.0000000000000000000000000000000000        0.31821292394662609     
   92.0000000000000000000000000000000000        0.31792219490649037     
   93.0000000000000000000000000000000000        0.31743800841646375     
   94.0000000000000000000000000000000000        0.31676103140867740     
   95.0000000000000000000000000000000000        0.31589195363822825     
   96.0000000000000000000000000000000000        0.31483193893656042     
   97.0000000000000000000000000000000000        0.31358229183561481     
   98.0000000000000000000000000000000000        0.31214442023904310     
   99.0000000000000000000000000000000000        0.31052027544939648     
   100.000000000000000000000000000000000        0.30871142780921107     
   101.000000000000000000000000000000000        0.30672082231670217     
   102.000000000000000000000000000000000        0.30455029376440351     
   103.000000000000000000000000000000000        0.30220244299202093     
   104.000000000000000000000000000000000        0.29968031115022137     
   105.000000000000000000000000000000000        0.29698715056658759     
   106.000000000000000000000000000000000        0.29412582636043560     
   107.000000000000000000000000000000000        0.29110035342218399     
   108.000000000000000000000000000000000        0.28791402742133565     
   109.000000000000000000000000000000000        0.28457073144450201     
   110.000000000000000000000000000000000        0.28107477459221741     
   111.000000000000000000000000000000000        0.27743009629707999     
   112.000000000000000000000000000000000        0.27364158399270133     
   113.000000000000000000000000000000000        0.26971323643864747     
   114.000000000000000000000000000000000        0.26565042573582437     
   115.000000000000000000000000000000000        0.26145774763672069     
   116.000000000000000000000000000000000        0.25714032034890694     
   117.000000000000000000000000000000000        0.25270384980524407     
   118.000000000000000000000000000000000        0.24815311338611953     
   119.000000000000000000000000000000000        0.24349419105672626     
   120.000000000000000000000000000000000        0.23873255002573801     
   121.000000000000000000000000000000000        0.23387363992555038     
   122.000000000000000000000000000000000        0.22892396630239417     
   123.000000000000000000000000000000000        0.22388906677218934     
   124.000000000000000000000000000000000        0.21877526543263837     
   125.000000000000000000000000000000000        0.21358911543626077     
   126.000000000000000000000000000000000        0.20833654153724701     
   127.000000000000000000000000000000000        0.20302396624799388     
   128.000000000000000000000000000000000        0.19765791641255839     
   129.000000000000000000000000000000000        0.19224509155520336     
   130.000000000000000000000000000000000        0.18679177577208986     
   131.000000000000000000000000000000000        0.18130500495469090     
   132.000000000000000000000000000000000        0.17579106634693670     
   133.000000000000000000000000000000000        0.17025700545176597     
   134.000000000000000000000000000000000        0.16470923414259298     
   135.000000000000000000000000000000000        0.15915491779234933     
   136.000000000000000000000000000000000        0.15360045569480191     
   137.000000000000000000000000000000000        0.14805283023468579     
   138.000000000000000000000000000000000        0.14251846556148301     
   139.000000000000000000000000000000000        0.13700483103623889     
   140.000000000000000000000000000000000        0.13151790759464102     
   141.000000000000000000000000000000000        0.12606474494169712     
   142.000000000000000000000000000000000        0.12065164863350909     
   143.000000000000000000000000000000000        0.11528587095366798     
   144.000000000000000000000000000000000        0.10997325752716315     
   145.000000000000000000000000000000000        0.10472072266576447     
   146.000000000000000000000000000000000         9.9534605345712054E-002
   147.000000000000000000000000000000000         9.4420772421212454E-002
   148.000000000000000000000000000000000         8.9385991152172134E-002
   149.000000000000000000000000000000000         8.4436200545080622E-002
   150.000000000000000000000000000000000         7.9577425508027821E-002
   151.000000000000000000000000000000000         7.4815650870607167E-002
   152.000000000000000000000000000000000         7.0156601653899059E-002
   153.000000000000000000000000000000000         6.5605993751393851E-002
   154.000000000000000000000000000000000         6.1169383029366156E-002
   155.000000000000000000000000000000000         5.6852097713589615E-002
   156.000000000000000000000000000000000         5.2659508531459585E-002
   157.000000000000000000000000000000000         4.8596610861212149E-002
   158.000000000000000000000000000000000         4.4668410341042471E-002
   159.000000000000000000000000000000000         4.0879753098528933E-002
   160.000000000000000000000000000000000         3.7235144961953563E-002
   161.000000000000000000000000000000000         3.3739120183014781E-002
   162.000000000000000000000000000000000         3.0395923944139890E-002
   163.000000000000000000000000000000000         2.7209500562367005E-002
   164.000000000000000000000000000000000         2.4183880620201343E-002
   165.000000000000000000000000000000000         2.1322705888799250E-002
   166.000000000000000000000000000000000         1.8629490010581545E-002
   167.000000000000000000000000000000000         1.6107416035818511E-002
   168.000000000000000000000000000000000         1.3759655780538584E-002
   169.000000000000000000000000000000000         1.1589039372764424E-002
   170.000000000000000000000000000000000         9.5981556779012739E-003
   171.000000000000000000000000000000000         7.7895889777790089E-003
   172.000000000000000000000000000000000         6.1653820877797198E-003
   173.000000000000000000000000000000000         4.7275753922909483E-003
   174.000000000000000000000000000000000         3.4778840168825948E-003
   175.000000000000000000000000000000000         2.4179164395247712E-003
   176.000000000000000000000000000000000         1.5488885933297094E-003
   177.000000000000000000000000000000000         8.7186454636554165E-004
   178.000000000000000000000000000000000         3.8769035035963876E-004
   179.000000000000000000000000000000000         9.6951922642237649E-005
   180.000000000000000000000000000000000         2.4108688494245838E-015
   181.000000000000000000000000000000000         9.6953864975566899E-005
   182.000000000000000000000000000000000         3.8769580853059954E-004
   183.000000000000000000000000000000000         8.7187036390288315E-004
   184.000000000000000000000000000000000         1.5488893032485818E-003
   185.000000000000000000000000000000000         2.4179261039244042E-003
   186.000000000000000000000000000000000         3.4779232433843005E-003
   187.000000000000000000000000000000000         4.7275888564729208E-003
   188.000000000000000000000000000000000         6.1653977736730340E-003
   189.000000000000000000000000000000000         7.7896061761429545E-003
   190.000000000000000000000000000000000         9.5982480774195345E-003
   191.000000000000000000000000000000000         1.1589060221533177E-002
   192.000000000000000000000000000000000         1.3759679594582691E-002
   193.000000000000000000000000000000000         1.6107440433403276E-002
   194.000000000000000000000000000000000         1.8629497992239209E-002
   195.000000000000000000000000000000000         2.1322733716337305E-002
   196.000000000000000000000000000000000         2.4183905780189280E-002
   197.000000000000000000000000000000000         2.7209531684294411E-002
   198.000000000000000000000000000000000         3.0395891135899189E-002
   199.000000000000000000000000000000000         3.3739154447694791E-002
   200.000000000000000000000000000000000         3.7235210112454301E-002
   201.000000000000000000000000000000000         4.0879790339022712E-002
   202.000000000000000000000000000000000         4.4668398493145960E-002
   203.000000000000000000000000000000000         4.8596650896105466E-002
   204.000000000000000000000000000000000         5.2659545121785764E-002
   205.000000000000000000000000000000000         5.6852140347853200E-002
   206.000000000000000000000000000000000         6.1169444490868002E-002
   207.000000000000000000000000000000000         6.5606038777275971E-002
   208.000000000000000000000000000000000         7.0156658032260802E-002
   209.000000000000000000000000000000000         7.4815698068796815E-002
   210.000000000000000000000000000000000         7.9577454830180930E-002
   211.000000000000000000000000000000000         8.4436249685616846E-002
   212.000000000000000000000000000000000         8.9386031714520794E-002
   213.000000000000000000000000000000000         9.4420823264651302E-002
   214.000000000000000000000000000000000         9.9534444872711167E-002
   215.000000000000000000000000000000000        0.10472077496444455     
   216.000000000000000000000000000000000        0.10997328991746140     
   217.000000000000000000000000000000000        0.11528592445276674     
   218.000000000000000000000000000000000        0.12065191286816110     
   219.000000000000000000000000000000000        0.12606479938056137     
   220.000000000000000000000000000000000        0.13151796641991156     
   221.000000000000000000000000000000000        0.13700488614967335     
   222.000000000000000000000000000000000        0.14251875376979858     
   223.000000000000000000000000000000000        0.14805288575416234     
   224.000000000000000000000000000000000        0.15360049760252706     
   225.000000000000000000000000000000000        0.15915497344741278     
   226.000000000000000000000000000000000        0.16470939857412537     
   227.000000000000000000000000000000000        0.17025706097125207     
   228.000000000000000000000000000000000        0.17579125120887665     
   229.000000000000000000000000000000000        0.18130506006811847     
   230.000000000000000000000000000000000        0.18679207588206936     
   231.000000000000000000000000000000000        0.19224514599407261     
   232.000000000000000000000000000000000        0.19765813854461026     
   233.000000000000000000000000000000000        0.20302401974706880     
   234.000000000000000000000000000000000        0.20833667780848641     
   235.000000000000000000000000000000000        0.21358916773493800     
   236.000000000000000000000000000000000        0.21877558876453798     
   237.000000000000000000000000000000000        0.22388911761565800     
   238.000000000000000000000000000000000        0.22892401101365209     
   239.000000000000000000000000000000000        0.23387368906605108     
   240.000000000000000000000000000000000        0.23873252053652846     
   241.000000000000000000000000000000000        0.24349423825494257     
   242.000000000000000000000000000000000        0.24815331030596391     
   243.000000000000000000000000000000000        0.25270389483109729     
   244.000000000000000000000000000000000        0.25714062078660566     
   245.000000000000000000000000000000000        0.26145779027094662     
   246.000000000000000000000000000000000        0.26565044142974353     
   247.000000000000000000000000000000000        0.26971327647355570     
   248.000000000000000000000000000000000        0.27364135269743478     
   249.000000000000000000000000000000000        0.27743013353762558     
   250.000000000000000000000000000000000        0.28107467556960936     
   251.000000000000000000000000000000000        0.28457076570916617     
   252.000000000000000000000000000000000        0.28791391078704642     
   253.000000000000000000000000000000000        0.29110038454414444     
   254.000000000000000000000000000000000        0.29412595296134886     
   255.000000000000000000000000000000000        0.29698717839412841     
   256.000000000000000000000000000000000        0.29968034798928783     
   257.000000000000000000000000000000000        0.30220246738957851     
   258.000000000000000000000000000000000        0.30455030354728202     
   259.000000000000000000000000000000000        0.30672084316541864     
   260.000000000000000000000000000000000        0.30871148788234781     
   261.000000000000000000000000000000000        0.31052029264784070     
   262.000000000000000000000000000000000        0.31214424023615689     
   263.000000000000000000000000000000000        0.31358230529975450     
   264.000000000000000000000000000000000        0.31483185263129965     
   265.000000000000000000000000000000000        0.31589196330254821     
   266.000000000000000000000000000000000        0.31676093719873366     
   267.000000000000000000000000000000000        0.31743801423402351     
   268.000000000000000000000000000000000        0.31792206765142411     
   269.000000000000000000000000000000000        0.31821292588896544     
   270.000000000000000000000000000000000        0.31830981381703283     
   271.000000000000000000000000000000000        0.31821292297545428     
   272.000000000000000000000000000000000        0.31792205961971010     
   273.000000000000000000000000000000000        0.31743800550773055     
   274.000000000000000000000000000000000        0.31676105591549997     
   275.000000000000000000000000000000000        0.31589194880603289     
   276.000000000000000000000000000000000        0.31483207114427508     
   277.000000000000000000000000000000000        0.31358228510350478     
   278.000000000000000000000000000000000        0.31214454325490931     
   279.000000000000000000000000000000000        0.31052026685027656     
   280.000000000000000000000000000000000        0.30871176510952758     
   281.000000000000000000000000000000000        0.30672081189230943     
   282.000000000000000000000000000000000        0.30455038147777180     
   283.000000000000000000000000000000000        0.30220243079320802     
   284.000000000000000000000000000000000        0.29968048273704867     
   285.000000000000000000000000000000000        0.29698713665280091     
   286.000000000000000000000000000000000        0.29412602722267672     
   287.000000000000000000000000000000000        0.29110033786123957     
   288.000000000000000000000000000000000        0.28791407385131190     
   289.000000000000000000000000000000000        0.28457071431209380     
   290.000000000000000000000000000000000        0.28107463107999320     
   291.000000000000000000000000000000000        0.27743007767684497     
   292.000000000000000000000000000000000        0.27364144217539954     
   293.000000000000000000000000000000000        0.26971321642119533     
   294.000000000000000000000000000000000        0.26565049756370052     
   295.000000000000000000000000000000000        0.26145772631956116     
   296.000000000000000000000000000000000        0.25714049391116794     
   297.000000000000000000000000000000000        0.25270382729227425     
   298.000000000000000000000000000000000        0.24815334549098644     
   299.000000000000000000000000000000000        0.24349416745772356     
   300.000000000000000000000000000000000        0.23873256827013636     
   301.000000000000000000000000000000000        0.23387361535526874     
   302.000000000000000000000000000000000        0.22892394629496335     
   303.000000000000000000000000000000000        0.22388904135049753     
   304.000000000000000000000000000000000        0.21877558722901044     
   305.000000000000000000000000000000000        0.21358908928690043     
   306.000000000000000000000000000000000        0.20833657495921223     
   307.000000000000000000000000000000000        0.20302393949849673     
   308.000000000000000000000000000000000        0.19765790464810645     
   309.000000000000000000000000000000000        0.19224506433570410     
   310.000000000000000000000000000000000        0.18679184134743029     
   311.000000000000000000000000000000000        0.18130497739797150     
   312.000000000000000000000000000000000        0.17579114464529177     
   313.000000000000000000000000000000000        0.17025697769198367     
   314.000000000000000000000000000000000        0.16470929779623658     
   315.000000000000000000000000000000000        0.15915488996484595     
   316.000000000000000000000000000000000        0.15360027772447626     
   317.000000000000000000000000000000000        0.14805280247490490     
   318.000000000000000000000000000000000        0.14251860963330945     
   319.000000000000000000000000000000000        0.13700480347954300     
   320.000000000000000000000000000000000        0.13151774995704643     
   321.000000000000000000000000000000000        0.12606471772225428     
   322.000000000000000000000000000000000        0.12065178758871827     
   323.000000000000000000000000000000000        0.11528584420415165     
   324.000000000000000000000000000000000        0.10997325971758626     
   325.000000000000000000000000000000000        0.10472069651643050     
   326.000000000000000000000000000000000         9.9534397582690906E-002
   327.000000000000000000000000000000000         9.4420746999517080E-002
   328.000000000000000000000000000000000         8.9385899783053724E-002
   329.000000000000000000000000000000000         8.4436175974827832E-002
   330.000000000000000000000000000000000         7.9577411319275079E-002
   331.000000000000000000000000000000000         7.4815627271536789E-002
   332.000000000000000000000000000000000         7.0156704573919509E-002
   333.000000000000000000000000000000000         6.5605971238419158E-002
   334.000000000000000000000000000000000         6.1169328285071892E-002
   335.000000000000000000000000000000000         5.6852076396483341E-002
   336.000000000000000000000000000000000         5.2659412673750482E-002
   337.000000000000000000000000000000000         4.8596590843735993E-002
   338.000000000000000000000000000000000         4.4668397456724324E-002
   339.000000000000000000000000000000000         4.0879734478286966E-002
   340.000000000000000000000000000000000         3.7235135803136400E-002
   341.000000000000000000000000000000000         3.3739103050669079E-002
   342.000000000000000000000000000000000         3.0395841477561324E-002
   343.000000000000000000000000000000000         2.7209485001423565E-002
   344.000000000000000000000000000000000         2.4183754549816014E-002
   345.000000000000000000000000000000000         2.1322691975041913E-002
   346.000000000000000000000000000000000         1.8629432587511680E-002
   347.000000000000000000000000000000000         1.6107403837046227E-002
   348.000000000000000000000000000000000         1.3759641695312281E-002
   349.000000000000000000000000000000000         1.1589028948398391E-002
   350.000000000000000000000000000000000         9.5981984439831598E-003
   351.000000000000000000000000000000000         7.7895803786053345E-003
   352.000000000000000000000000000000000         6.1654143573327061E-003
   353.000000000000000000000000000000000         4.7275686602055184E-003
   354.000000000000000000000000000000000         3.4779052484201502E-003
   355.000000000000000000000000000000000         2.4179116073317491E-003
   356.000000000000000000000000000000000         1.5488764603242629E-003
   357.000000000000000000000000000000000         8.7186163760164372E-004
   358.000000000000000000000000000000000         3.8769004955858011E-004
   359.000000000000000000000000000000000         9.6950951482233387E-005
   360.000000000000000000000000000000000         4.4872154006791473E-014
