   1.00000000000000000000000000000000000         9.6952893807349534E-005
   2.00000000000000000000000000000000000         3.8769345305418433E-004
   3.00000000000000000000000000000000000         8.7186745512877572E-004
   4.00000000000000000000000000000000000         1.5488756199836516E-003
   5.00000000000000000000000000000000000         2.4179212717240313E-003
   6.00000000000000000000000000000000000         3.4779172500956218E-003
   7.00000000000000000000000000000000000         4.7275821243763375E-003
   8.00000000000000000000000000000000000         6.1654402198912158E-003
   9.00000000000000000000000000000000000         7.7895975769648150E-003
   10.0000000000000000000000000000000000         9.5982169347135979E-003
   11.0000000000000000000000000000000000         1.1589049797137237E-002
   12.0000000000000000000000000000000000         1.3759598417319363E-002
   13.0000000000000000000000000000000000         1.6107428234624303E-002
   14.0000000000000000000000000000000000         1.8629468740253129E-002
   15.0000000000000000000000000000000000         2.1322719802568016E-002
   16.0000000000000000000000000000000000         2.4183802589451853E-002
   17.0000000000000000000000000000000000         2.7209516123326030E-002
   18.0000000000000000000000000000000000         3.0395872824641564E-002
   19.0000000000000000000000000000000000         3.3739137315353961E-002
   20.0000000000000000000000000000000000         3.7235304144603715E-002
   21.0000000000000000000000000000000000         4.0879771718795435E-002
   22.0000000000000000000000000000000000         4.4668463896649538E-002
   23.0000000000000000000000000000000000         4.8596630878635742E-002
   24.0000000000000000000000000000000000         5.2659439744711822E-002
   25.0000000000000000000000000000000000         5.6852119030709442E-002
   26.0000000000000000000000000000000000         6.1169413260341490E-002
   27.0000000000000000000000000000000000         6.5606016264330116E-002
   28.0000000000000000000000000000000000         7.0156613448301333E-002
   29.0000000000000000000000000000000000         7.4815674469709020E-002
   30.0000000000000000000000000000000000         7.9577525298560395E-002
   31.0000000000000000000000000000000000         8.4436225115312250E-002
   32.0000000000000000000000000000000000         8.9385737474600171E-002
   33.0000000000000000000000000000000000         9.4420797842928950E-002
   34.0000000000000000000000000000000000         9.9534457375107188E-002
   35.0000000000000000000000000000000000        0.10472074881508152     
   36.0000000000000000000000000000000000        0.10997370497901723     
   37.0000000000000000000000000000000000        0.11528589770322800     
   38.0000000000000000000000000000000000        0.12065188720046220     
   39.0000000000000000000000000000000000        0.12606477216111209     
   40.0000000000000000000000000000000000        0.13151781013680547     
   41.0000000000000000000000000000000000        0.13700485859298636     
   42.0000000000000000000000000000000000        0.14251863065814457     
   43.0000000000000000000000000000000000        0.14805285799438775     
   44.0000000000000000000000000000000000        0.15360071776809747     
   45.0000000000000000000000000000000000        0.15915494561988791     
   46.0000000000000000000000000000000000        0.16470942154908097     
   47.0000000000000000000000000000000000        0.17025703321148941     
   48.0000000000000000000000000000000000        0.17579106182642437     
   49.0000000000000000000000000000000000        0.18130503251143831     
   50.0000000000000000000000000000000000        0.18679197929639971     
   51.0000000000000000000000000000000000        0.19224511877459244     
   52.0000000000000000000000000000000000        0.19765824701166904     
   53.0000000000000000000000000000000000        0.20302399299753246     
   54.0000000000000000000000000000000000        0.20833638477602881     
   55.0000000000000000000000000000000000        0.21358914158559467     
   56.0000000000000000000000000000000000        0.21877555190093614     
   57.0000000000000000000000000000000000        0.22388909219393463     
   58.0000000000000000000000000000000000        0.22892391626971345     
   59.0000000000000000000000000000000000        0.23387366449576980     
   60.0000000000000000000000000000000000        0.23873205938449293     
   61.0000000000000000000000000000000000        0.24349421465589163     
   62.0000000000000000000000000000000000        0.24815320385976342     
   63.0000000000000000000000000000000000        0.25270387231812280     
   64.0000000000000000000000000000000000        0.25714047323628925     
   65.0000000000000000000000000000000000        0.26145776895387723     
   66.0000000000000000000000000000000000        0.26565031007218975     
   67.0000000000000000000000000000000000        0.26971325645610988     
   68.0000000000000000000000000000000000        0.27364154236160665     
   69.0000000000000000000000000000000000        0.27743011491736747     
   70.0000000000000000000000000000000000        0.28107491972064685     
   71.0000000000000000000000000000000000        0.28457074857678377     
   72.0000000000000000000000000000000000        0.28791392734635801     
   73.0000000000000000000000000000000000        0.29110036898315117     
   74.0000000000000000000000000000000000        0.29412575326150736     
   75.0000000000000000000000000000000000        0.29698716448038393     
   76.0000000000000000000000000000000000        0.29968021512175752     
   77.0000000000000000000000000000000000        0.30220245519078132     
   78.0000000000000000000000000000000000        0.30455003966537120     
   79.0000000000000000000000000000000000        0.30672083274108825     
   80.0000000000000000000000000000000000        0.30871201134058252     
   81.0000000000000000000000000000000000        0.31052028404866389     
   82.0000000000000000000000000000000000        0.31214452471606235     
   83.0000000000000000000000000000000000        0.31358229856773301     
   84.0000000000000000000000000000000000        0.31483161236526563     
   85.0000000000000000000000000000000000        0.31589195847037460     
   86.0000000000000000000000000000000000        0.31676112777775356     
   87.0000000000000000000000000000000000        0.31743801132529781     
   88.0000000000000000000000000000000000        0.31792218229030567     
   89.0000000000000000000000000000000000        0.31821292491783526     
   90.0000000000000000000000000000000000        0.31830975011188445     
   91.0000000000000000000000000000000000        0.31821292394662776     
   92.0000000000000000000000000000000000        0.31792219871267069     
   93.0000000000000000000000000000000000        0.31743800841645398     
   94.0000000000000000000000000000000000        0.31676104441744818     
   95.0000000000000000000000000000000000        0.31589195363824124     
   96.0000000000000000000000000000000000        0.31483193321690645     
   97.0000000000000000000000000000000000        0.31358229183562292     
   98.0000000000000000000000000000000000        0.31214440105482849     
   99.0000000000000000000000000000000000        0.31052027544937555     
   100.000000000000000000000000000000000        0.30871135583694448     
   101.000000000000000000000000000000000        0.30672082231671016     
   102.000000000000000000000000000000000        0.30455032237652713     
   103.000000000000000000000000000000000        0.30220244299202570     
   104.000000000000000000000000000000000        0.29968028262991442     
   105.000000000000000000000000000000000        0.29698715056659702     
   106.000000000000000000000000000000000        0.29412577995815936     
   107.000000000000000000000000000000000        0.29110035342217777     
   108.000000000000000000000000000000000        0.28791404278518845     
   109.000000000000000000000000000000000        0.28457073144450662     
   110.000000000000000000000000000000000        0.28107480328814727     
   111.000000000000000000000000000000000        0.27743009629707394     
   112.000000000000000000000000000000000        0.27364163965709193     
   113.000000000000000000000000000000000        0.26971323643865047     
   114.000000000000000000000000000000000        0.26565044461991050     
   115.000000000000000000000000000000000        0.26145774763671770     
   116.000000000000000000000000000000000        0.25714026691413200     
   117.000000000000000000000000000000000        0.25270384980525273     
   118.000000000000000000000000000000000        0.24815307457451588     
   119.000000000000000000000000000000000        0.24349419105671272     
   120.000000000000000000000000000000000        0.23873260015421330     
   121.000000000000000000000000000000000        0.23387363992555180     
   122.000000000000000000000000000000000        0.22892400169175847     
   123.000000000000000000000000000000000        0.22388906677217774     
   124.000000000000000000000000000000000        0.21877521950331677     
   125.000000000000000000000000000000000        0.21358911543626211     
   126.000000000000000000000000000000000        0.20833655441503551     
   127.000000000000000000000000000000000        0.20302396624798996     
   128.000000000000000000000000000000000        0.19765789500847825     
   129.000000000000000000000000000000000        0.19224509155521602     
   130.000000000000000000000000000000000        0.18679174147616112     
   131.000000000000000000000000000000000        0.18130500495469459     
   132.000000000000000000000000000000000        0.17579104314323898     
   133.000000000000000000000000000000000        0.17025700545177788     
   134.000000000000000000000000000000000        0.16470919892400426     
   135.000000000000000000000000000000000        0.15915491779234703     
   136.000000000000000000000000000000000        0.15360044469277356     
   137.000000000000000000000000000000000        0.14805283023469468     
   138.000000000000000000000000000000000        0.14251839240511577     
   139.000000000000000000000000000000000        0.13700483103623301     
   140.000000000000000000000000000000000        0.13151789342527057     
   141.000000000000000000000000000000000        0.12606474494169914     
   142.000000000000000000000000000000000        0.12065158386394513     
   143.000000000000000000000000000000000        0.11528587095365965     
   144.000000000000000000000000000000000        0.10997323242200489     
   145.000000000000000000000000000000000        0.10472072266576633     
   146.000000000000000000000000000000000         9.9534661470310620E-002
   147.000000000000000000000000000000000         9.4420772421212454E-002
   148.000000000000000000000000000000000         8.9385993065009786E-002
   149.000000000000000000000000000000000         8.4436200545080622E-002
   150.000000000000000000000000000000000         7.9577417980494988E-002
   151.000000000000000000000000000000000         7.4815650870604808E-002
   152.000000000000000000000000000000000         7.0156599981325729E-002
   153.000000000000000000000000000000000         6.5605993751400873E-002
   154.000000000000000000000000000000000         6.1169391739352041E-002
   155.000000000000000000000000000000000         5.6852097713589442E-002
   156.000000000000000000000000000000000         5.2659517537482693E-002
   157.000000000000000000000000000000000         4.8596610861217873E-002
   158.000000000000000000000000000000000         4.4668400970514319E-002
   159.000000000000000000000000000000000         4.0879753098528350E-002
   160.000000000000000000000000000000000         3.7235138162768404E-002
   161.000000000000000000000000000000000         3.3739120183015316E-002
   162.000000000000000000000000000000000         3.0395939835589324E-002
   163.000000000000000000000000000000000         2.7209500562366290E-002
   164.000000000000000000000000000000000         2.4183880024043192E-002
   165.000000000000000000000000000000000         2.1322705888797880E-002
   166.000000000000000000000000000000000         1.8629500594431209E-002
   167.000000000000000000000000000000000         1.6107416035816589E-002
   168.000000000000000000000000000000000         1.3759655450281294E-002
   169.000000000000000000000000000000000         1.1589039372763076E-002
   170.000000000000000000000000000000000         9.5981390084361965E-003
   171.000000000000000000000000000000000         7.7895889777790306E-003
   172.000000000000000000000000000000000         6.1653811398380319E-003
   173.000000000000000000000000000000000         4.7275753922917003E-003
   174.000000000000000000000000000000000         3.4778752481974787E-003
   175.000000000000000000000000000000000         2.4179164395247664E-003
   176.000000000000000000000000000000000         1.5488909579384907E-003
   177.000000000000000000000000000000000         8.7186454636591982E-004
   178.000000000000000000000000000000000         3.8768998206548680E-004
   179.000000000000000000000000000000000         9.6951922642366547E-005
   180.000000000000000000000000000000000         2.4039482809582939E-015
   181.000000000000000000000000000000000         9.6953864975501304E-005
   182.000000000000000000000000000000000         3.8769593990207286E-004
   183.000000000000000000000000000000000         8.7187036390274362E-004
   184.000000000000000000000000000000000         1.5488894369997731E-003
   185.000000000000000000000000000000000         2.4179261039237974E-003
   186.000000000000000000000000000000000         3.4779232433861094E-003
   187.000000000000000000000000000000000         4.7275888564742626E-003
   188.000000000000000000000000000000000         6.1653969352093571E-003
   189.000000000000000000000000000000000         7.7896061761434324E-003
   190.000000000000000000000000000000000         9.5982546698003424E-003
   191.000000000000000000000000000000000         1.1589060221535779E-002
   192.000000000000000000000000000000000         1.3759679637548315E-002
   193.000000000000000000000000000000000         1.6107440433403824E-002
   194.000000000000000000000000000000000         1.8629502822215725E-002
   195.000000000000000000000000000000000         2.1322733716336886E-002
   196.000000000000000000000000000000000         2.4183903810246484E-002
   197.000000000000000000000000000000000         2.7209531684295959E-002
   198.000000000000000000000000000000000         3.0395886252240528E-002
   199.000000000000000000000000000000000         3.3739154447694528E-002
   200.000000000000000000000000000000000         3.7235212627644780E-002
   201.000000000000000000000000000000000         4.0879790339016731E-002
   202.000000000000000000000000000000000         4.4668373107532265E-002
   203.000000000000000000000000000000000         4.8596650896106902E-002
   204.000000000000000000000000000000000         5.2659552615543420E-002
   205.000000000000000000000000000000000         5.6852140347855094E-002
   206.000000000000000000000000000000000         6.1169458782836743E-002
   207.000000000000000000000000000000000         6.5606038777277928E-002
   208.000000000000000000000000000000000         7.0156659605951660E-002
   209.000000000000000000000000000000000         7.4815698068799050E-002
   210.000000000000000000000000000000000         7.9577441317401854E-002
   211.000000000000000000000000000000000         8.4436249685624909E-002
   212.000000000000000000000000000000000         8.9386030627815596E-002
   213.000000000000000000000000000000000         9.4420823264652523E-002
   214.000000000000000000000000000000000         9.9534433753832419E-002
   215.000000000000000000000000000000000        0.10472077496445303     
   216.000000000000000000000000000000000        0.10997325829936430     
   217.000000000000000000000000000000000        0.11528592445276274     
   218.000000000000000000000000000000000        0.12065191475773400     
   219.000000000000000000000000000000000        0.12606479938056037     
   220.000000000000000000000000000000000        0.13151795352382009     
   221.000000000000000000000000000000000        0.13700488614966688     
   222.000000000000000000000000000000000        0.14251875444645820     
   223.000000000000000000000000000000000        0.14805288575416456     
   224.000000000000000000000000000000000        0.15360048225233558     
   225.000000000000000000000000000000000        0.15915497344740934     
   226.000000000000000000000000000000000        0.16470939785637700     
   227.000000000000000000000000000000000        0.17025706097126039     
   228.000000000000000000000000000000000        0.17579126906988068     
   229.000000000000000000000000000000000        0.18130506006811969     
   230.000000000000000000000000000000000        0.18679211936433185     
   231.000000000000000000000000000000000        0.19224514599408399     
   232.000000000000000000000000000000000        0.19765817045010145     
   233.000000000000000000000000000000000        0.20302401974706230     
   234.000000000000000000000000000000000        0.20833671711119930     
   235.000000000000000000000000000000000        0.21358916773494532     
   236.000000000000000000000000000000000        0.21877562899332267     
   237.000000000000000000000000000000000        0.22388911761565800     
   238.000000000000000000000000000000000        0.22892404471898153     
   239.000000000000000000000000000000000        0.23387368906604966     
   240.000000000000000000000000000000000        0.23873254603224328     
   241.000000000000000000000000000000000        0.24349423825494329     
   242.000000000000000000000000000000000        0.24815331930255285     
   243.000000000000000000000000000000000        0.25270389483109290     
   244.000000000000000000000000000000000        0.25714064870674541     
   245.000000000000000000000000000000000        0.26145779027093480     
   246.000000000000000000000000000000000        0.26565045217587474     
   247.000000000000000000000000000000000        0.26971327647356019     
   248.000000000000000000000000000000000        0.27364132276584613     
   249.000000000000000000000000000000000        0.27743013353763163     
   250.000000000000000000000000000000000        0.28107466152502664     
   251.000000000000000000000000000000000        0.28457076570916617     
   252.000000000000000000000000000000000        0.28791387879681196     
   253.000000000000000000000000000000000        0.29110038454415227     
   254.000000000000000000000000000000000        0.29412593734947823     
   255.000000000000000000000000000000000        0.29698717839414102     
   256.000000000000000000000000000000000        0.29968032286502350     
   257.000000000000000000000000000000000        0.30220246738957851     
   258.000000000000000000000000000000000        0.30455032808372301     
   259.000000000000000000000000000000000        0.30672084316541542     
   260.000000000000000000000000000000000        0.30871142892211983     
   261.000000000000000000000000000000000        0.31052029264784708     
   262.000000000000000000000000000000000        0.31214415911378068     
   263.000000000000000000000000000000000        0.31358230529975128     
   264.000000000000000000000000000000000        0.31483181587760745     
   265.000000000000000000000000000000000        0.31589196330253688     
   266.000000000000000000000000000000000        0.31676091788011101     
   267.000000000000000000000000000000000        0.31743801423402190     
   268.000000000000000000000000000000000        0.31792202987746965     
   269.000000000000000000000000000000000        0.31821292588897032     
   270.000000000000000000000000000000000        0.31830979368004270     
   271.000000000000000000000000000000000        0.31821292297545589     
   272.000000000000000000000000000000000        0.31792202114557522     
   273.000000000000000000000000000000000        0.31743800550773377     
   274.000000000000000000000000000000000        0.31676107792270430     
   275.000000000000000000000000000000000        0.31589194880604915     
   276.000000000000000000000000000000000        0.31483210917862725     
   277.000000000000000000000000000000000        0.31358228510350800     
   278.000000000000000000000000000000000        0.31214456550777631     
   279.000000000000000000000000000000000        0.31052026685027656     
   280.000000000000000000000000000000000        0.30871180310389917     
   281.000000000000000000000000000000000        0.30672081189231420     
   282.000000000000000000000000000000000        0.30455044149024785     
   283.000000000000000000000000000000000        0.30220243079320641     
   284.000000000000000000000000000000000        0.29968051276464164     
   285.000000000000000000000000000000000        0.29698713665280563     
   286.000000000000000000000000000000000        0.29412604918409452     
   287.000000000000000000000000000000000        0.29110033786123957     
   288.000000000000000000000000000000000        0.28791410912311305     
   289.000000000000000000000000000000000        0.28457071431207837     
   290.000000000000000000000000000000000        0.28107461994359517     
   291.000000000000000000000000000000000        0.27743007767684646     
   292.000000000000000000000000000000000        0.27364145900254316     
   293.000000000000000000000000000000000        0.26971321642119983     
   294.000000000000000000000000000000000        0.26565054577952568     
   295.000000000000000000000000000000000        0.26145772631954933     
   296.000000000000000000000000000000000        0.25714050246122544     
   297.000000000000000000000000000000000        0.25270382729227714     
   298.000000000000000000000000000000000        0.24815338758851171     
   299.000000000000000000000000000000000        0.24349416745773853     
   300.000000000000000000000000000000000        0.23873263182468629     
   301.000000000000000000000000000000000        0.23387361535526177     
   302.000000000000000000000000000000000        0.22892398327089694     
   303.000000000000000000000000000000000        0.22388904135049548     
   304.000000000000000000000000000000000        0.21877565151357631     
   305.000000000000000000000000000000000        0.21358908928689174     
   306.000000000000000000000000000000000        0.20833660682573238     
   307.000000000000000000000000000000000        0.20302393949850844     
   308.000000000000000000000000000000000        0.19765788807510667     
   309.000000000000000000000000000000000        0.19224506433569649     
   310.000000000000000000000000000000000        0.18679183653299442     
   311.000000000000000000000000000000000        0.18130497739797580     
   312.000000000000000000000000000000000        0.17579115504292867     
   313.000000000000000000000000000000000        0.17025697769198428     
   314.000000000000000000000000000000000        0.16470929157849257     
   315.000000000000000000000000000000000        0.15915488996485400     
   316.000000000000000000000000000000000        0.15360021911084443     
   317.000000000000000000000000000000000        0.14805280247490268     
   318.000000000000000000000000000000000        0.14251859093324562     
   319.000000000000000000000000000000000        0.13700480347954458     
   320.000000000000000000000000000000000        0.13151769449436421     
   321.000000000000000000000000000000000        0.12606471772225325     
   322.000000000000000000000000000000000        0.12065177543936066     
   323.000000000000000000000000000000000        0.11528584420415165     
   324.000000000000000000000000000000000        0.10997324369846660     
   325.000000000000000000000000000000000        0.10472069651642955     
   326.000000000000000000000000000000000         9.9534396012057158E-002
   327.000000000000000000000000000000000         9.4420746999523741E-002
   328.000000000000000000000000000000000         8.9385880655586142E-002
   329.000000000000000000000000000000000         8.4436175974826999E-002
   330.000000000000000000000000000000000         7.9577406934125766E-002
   331.000000000000000000000000000000000         7.4815627271539162E-002
   332.000000000000000000000000000000000         7.0156742849444620E-002
   333.000000000000000000000000000000000         6.5605971238416202E-002
   334.000000000000000000000000000000000         6.1169326590014443E-002
   335.000000000000000000000000000000000         5.6852076396488850E-002
   336.000000000000000000000000000000000         5.2659397842904875E-002
   337.000000000000000000000000000000000         4.8596590843732815E-002
   338.000000000000000000000000000000000         4.4668390130146167E-002
   339.000000000000000000000000000000000         4.0879734478289007E-002
   340.000000000000000000000000000000000         3.7235131771482979E-002
   341.000000000000000000000000000000000         3.3739103050666297E-002
   342.000000000000000000000000000000000         3.0395836407305282E-002
   343.000000000000000000000000000000000         2.7209485001426302E-002
   344.000000000000000000000000000000000         2.4183718655845364E-002
   345.000000000000000000000000000000000         2.1322691975041705E-002
   346.000000000000000000000000000000000         1.8629429106357752E-002
   347.000000000000000000000000000000000         1.6107403837047417E-002
   348.000000000000000000000000000000000         1.3759640487791391E-002
   349.000000000000000000000000000000000         1.1589028948398663E-002
   350.000000000000000000000000000000000         9.5981983522315170E-003
   351.000000000000000000000000000000000         7.7895803786056216E-003
   352.000000000000000000000000000000000         6.1654260732701884E-003
   353.000000000000000000000000000000000         4.7275686602054438E-003
   354.000000000000000000000000000000000         3.4779050461414504E-003
   355.000000000000000000000000000000000         2.4179116073319530E-003
   356.000000000000000000000000000000000         1.5488762058515823E-003
   357.000000000000000000000000000000000         8.7186163760147328E-004
   358.000000000000000000000000000000000         3.8769020137268800E-004
   359.000000000000000000000000000000000         9.6950951482264924E-005
   360.000000000000000000000000000000000         9.6270116920932712E-014
