   1.00000000000000000000000000000000000         9.6952893807585456E-005
   2.00000000000000000000000000000000000         3.8769345305463031E-004
   3.00000000000000000000000000000000000         8.7186745512813409E-004
   4.00000000000000000000000000000000000         1.5488735336347337E-003
   5.00000000000000000000000000000000000         2.4179212717243179E-003
   6.00000000000000000000000000000000000         3.4779172039599089E-003
   7.00000000000000000000000000000000000         4.7275821243762230E-003
   8.00000000000000000000000000000000000         6.1654507692811261E-003
   9.00000000000000000000000000000000000         7.7895975769665150E-003
   10.0000000000000000000000000000000000         9.5982167494278077E-003
   11.0000000000000000000000000000000000         1.1589049797135414E-002
   12.0000000000000000000000000000000000         1.3759582923282035E-002
   13.0000000000000000000000000000000000         1.6107428234627515E-002
   14.0000000000000000000000000000000000         1.8629468528086737E-002
   15.0000000000000000000000000000000000         2.1322719802567527E-002
   16.0000000000000000000000000000000000         2.4183781554524678E-002
   17.0000000000000000000000000000000000         2.7209516123326030E-002
   18.0000000000000000000000000000000000         3.0395868967541883E-002
   19.0000000000000000000000000000000000         3.3739137315353961E-002
   20.0000000000000000000000000000000000         3.7235330778378636E-002
   21.0000000000000000000000000000000000         4.0879771718798266E-002
   22.0000000000000000000000000000000000         4.4668464934820261E-002
   23.0000000000000000000000000000000000         4.8596630878633099E-002
   24.0000000000000000000000000000000000         5.2659426175154754E-002
   25.0000000000000000000000000000000000         5.6852119030708158E-002
   26.0000000000000000000000000000000000         6.1169421209794350E-002
   27.0000000000000000000000000000000000         6.5606016264332087E-002
   28.0000000000000000000000000000000000         7.0156609770366626E-002
   29.0000000000000000000000000000000000         7.4815674469711269E-002
   30.0000000000000000000000000000000000         7.9577536843118010E-002
   31.0000000000000000000000000000000000         8.4436225115306768E-002
   32.0000000000000000000000000000000000         8.9385676884434870E-002
   33.0000000000000000000000000000000000         9.4420797842929435E-002
   34.0000000000000000000000000000000000         9.9534458094307360E-002
   35.0000000000000000000000000000000000        0.10472074881507973     
   36.0000000000000000000000000000000000        0.10997378093652738     
   37.0000000000000000000000000000000000        0.11528589770322668     
   38.0000000000000000000000000000000000        0.12065188882105372     
   39.0000000000000000000000000000000000        0.12606477216110826     
   40.0000000000000000000000000000000000        0.13151777245890331     
   41.0000000000000000000000000000000000        0.13700485859298936     
   42.0000000000000000000000000000000000        0.14251860992426407     
   43.0000000000000000000000000000000000        0.14805285799438314     
   44.0000000000000000000000000000000000        0.15360076211567192     
   45.0000000000000000000000000000000000        0.15915494561988791     
   46.0000000000000000000000000000000000        0.16470943233171975     
   47.0000000000000000000000000000000000        0.17025703321149163     
   48.0000000000000000000000000000000000        0.17579103840942700     
   49.0000000000000000000000000000000000        0.18130503251144794     
   50.0000000000000000000000000000000000        0.18679199439760907     
   51.0000000000000000000000000000000000        0.19224511877459011     
   52.0000000000000000000000000000000000        0.19765829947679692     
   53.0000000000000000000000000000000000        0.20302399299752946     
   54.0000000000000000000000000000000000        0.20833635308443202     
   55.0000000000000000000000000000000000        0.21358914158559589     
   56.0000000000000000000000000000000000        0.21877557763716496     
   57.0000000000000000000000000000000000        0.22388909219393338     
   58.0000000000000000000000000000000000        0.22892392439608922     
   59.0000000000000000000000000000000000        0.23387366449576208     
   60.0000000000000000000000000000000000        0.23873198013049962     
   61.0000000000000000000000000000000000        0.24349421465590018     
   62.0000000000000000000000000000000000        0.24815319163703647     
   63.0000000000000000000000000000000000        0.25270387231811209     
   64.0000000000000000000000000000000000        0.25714046488826520     
   65.0000000000000000000000000000000000        0.26145776895388267     
   66.0000000000000000000000000000000000        0.26565029300863013     
   67.0000000000000000000000000000000000        0.26971325645611260     
   68.0000000000000000000000000000000000        0.27364156782720145     
   69.0000000000000000000000000000000000        0.27743011491737168     
   70.0000000000000000000000000000000000        0.28107496810816346     
   71.0000000000000000000000000000000000        0.28457074857677245     
   72.0000000000000000000000000000000000        0.28791391224049973     
   73.0000000000000000000000000000000000        0.29110036898314973     
   74.0000000000000000000000000000000000        0.29412570121908899     
   75.0000000000000000000000000000000000        0.29698716448039553     
   76.0000000000000000000000000000000000        0.29968017089035104     
   77.0000000000000000000000000000000000        0.30220245519077987     
   78.0000000000000000000000000000000000        0.30455000073664840     
   79.0000000000000000000000000000000000        0.30672083274109413     
   80.0000000000000000000000000000000000        0.30871208845711623     
   81.0000000000000000000000000000000000        0.31052028404866983     
   82.0000000000000000000000000000000000        0.31214453278331722     
   83.0000000000000000000000000000000000        0.31358229856774344     
   84.0000000000000000000000000000000000        0.31483153449954243     
   85.0000000000000000000000000000000000        0.31589195847037310     
   86.0000000000000000000000000000000000        0.31676115744973332     
   87.0000000000000000000000000000000000        0.31743801132530380     
   88.0000000000000000000000000000000000        0.31792218172292164     
   89.0000000000000000000000000000000000        0.31821292491784731     
   90.0000000000000000000000000000000000        0.31830972184208206     
   91.0000000000000000000000000000000000        0.31821292394662787     
   92.0000000000000000000000000000000000        0.31792220222606798     
   93.0000000000000000000000000000000000        0.31743800841644632     
   94.0000000000000000000000000000000000        0.31676105642554453     
   95.0000000000000000000000000000000000        0.31589195363825184     
   96.0000000000000000000000000000000000        0.31483192793722586     
   97.0000000000000000000000000000000000        0.31358229183563174     
   98.0000000000000000000000000000000000        0.31214438334632322     
   99.0000000000000000000000000000000000        0.31052027544935501     
   100.000000000000000000000000000000000        0.30871128940101344     
   101.000000000000000000000000000000000        0.30672082231671877     
   102.000000000000000000000000000000000        0.30455034878771930     
   103.000000000000000000000000000000000        0.30220244299202886     
   104.000000000000000000000000000000000        0.29968025630347839     
   105.000000000000000000000000000000000        0.29698715056660685     
   106.000000000000000000000000000000000        0.29412573712529222     
   107.000000000000000000000000000000000        0.29110035342217094     
   108.000000000000000000000000000000000        0.28791405696720673     
   109.000000000000000000000000000000000        0.28457073144451184     
   110.000000000000000000000000000000000        0.28107482977669912     
   111.000000000000000000000000000000000        0.27743009629706739     
   112.000000000000000000000000000000000        0.27364169103961128     
   113.000000000000000000000000000000000        0.26971323643865414     
   114.000000000000000000000000000000000        0.26565046205137521     
   115.000000000000000000000000000000000        0.26145774763671420     
   116.000000000000000000000000000000000        0.25714021758972927     
   117.000000000000000000000000000000000        0.25270384980526156     
   118.000000000000000000000000000000000        0.24815303874842290     
   119.000000000000000000000000000000000        0.24349419105670023     
   120.000000000000000000000000000000000        0.23873264642665670     
   121.000000000000000000000000000000000        0.23387363992555307     
   122.000000000000000000000000000000000        0.22892403435886641     
   123.000000000000000000000000000000000        0.22388906677216699     
   124.000000000000000000000000000000000        0.21877517710702418     
   125.000000000000000000000000000000000        0.21358911543626333     
   126.000000000000000000000000000000000        0.20833656630222527     
   127.000000000000000000000000000000000        0.20302396624798638     
   128.000000000000000000000000000000000        0.19765787525086687     
   129.000000000000000000000000000000000        0.19224509155522770     
   130.000000000000000000000000000000000        0.18679170981838353     
   131.000000000000000000000000000000000        0.18130500495469801     
   132.000000000000000000000000000000000        0.17579102172444244     
   133.000000000000000000000000000000000        0.17025700545178887     
   134.000000000000000000000000000000000        0.16470916641454111     
   135.000000000000000000000000000000000        0.15915491779234492     
   136.000000000000000000000000000000000        0.15360043453705546     
   137.000000000000000000000000000000000        0.14805283023470289     
   138.000000000000000000000000000000000        0.14251832487617805     
   139.000000000000000000000000000000000        0.13700483103622757     
   140.000000000000000000000000000000000        0.13151788034585235     
   141.000000000000000000000000000000000        0.12606474494170106     
   142.000000000000000000000000000000000        0.12065152407667075     
   143.000000000000000000000000000000000        0.11528587095365196     
   144.000000000000000000000000000000000        0.10997320924801521     
   145.000000000000000000000000000000000        0.10472072266576807     
   146.000000000000000000000000000000000         9.9534713277646431E-002
   147.000000000000000000000000000000000         9.4420772421212454E-002
   148.000000000000000000000000000000000         8.9385994830706084E-002
   149.000000000000000000000000000000000         8.4436200545080622E-002
   150.000000000000000000000000000000000         7.9577411032003456E-002
   151.000000000000000000000000000000000         7.4815650870602615E-002
   152.000000000000000000000000000000000         7.0156598437411899E-002
   153.000000000000000000000000000000000         6.5605993751407354E-002
   154.000000000000000000000000000000000         6.1169399779339557E-002
   155.000000000000000000000000000000000         5.6852097713589130E-002
   156.000000000000000000000000000000000         5.2659525850735488E-002
   157.000000000000000000000000000000000         4.8596610861223306E-002
   158.000000000000000000000000000000000         4.4668392320796897E-002
   159.000000000000000000000000000000000         4.0879753098527691E-002
   160.000000000000000000000000000000000         3.7235131886598036E-002
   161.000000000000000000000000000000000         3.3739120183015912E-002
   162.000000000000000000000000000000000         3.0395954504623259E-002
   163.000000000000000000000000000000000         2.7209500562365541E-002
   164.000000000000000000000000000000000         2.4183879473743366E-002
   165.000000000000000000000000000000000         2.1322705888796697E-002
   166.000000000000000000000000000000000         1.8629510364141264E-002
   167.000000000000000000000000000000000         1.6107416035814743E-002
   168.000000000000000000000000000000000         1.3759655145428415E-002
   169.000000000000000000000000000000000         1.1589039372761864E-002
   170.000000000000000000000000000000000         9.5981236212505112E-003
   171.000000000000000000000000000000000         7.7895889777790280E-003
   172.000000000000000000000000000000000         6.1653802648150005E-003
   173.000000000000000000000000000000000         4.7275753922924116E-003
   174.000000000000000000000000000000000         3.4778671540364133E-003
   175.000000000000000000000000000000000         2.4179164395247482E-003
   176.000000000000000000000000000000000         1.5488931406558910E-003
   177.000000000000000000000000000000000         8.7186454636627695E-004
   178.000000000000000000000000000000000         3.8768964210180947E-004
   179.000000000000000000000000000000000         9.6951922642482801E-005
   180.000000000000000000000000000000000         2.3975688930057571E-015
   181.000000000000000000000000000000000         9.6953864975438177E-005
   182.000000000000000000000000000000000         3.8769606116806783E-004
   183.000000000000000000000000000000000         8.7187036390262295E-004
   184.000000000000000000000000000000000         1.5488895604624166E-003
   185.000000000000000000000000000000000         2.4179261039232254E-003
   186.000000000000000000000000000000000         3.4779232433877791E-003
   187.000000000000000000000000000000000         4.7275888564755220E-003
   188.000000000000000000000000000000000         6.1653961612429375E-003
   189.000000000000000000000000000000000         7.7896061761438436E-003
   190.000000000000000000000000000000000         9.5982607550769410E-003
   191.000000000000000000000000000000000         1.1589060221538218E-002
   192.000000000000000000000000000000000         1.3759679677208892E-002
   193.000000000000000000000000000000000         1.6107440433404310E-002
   194.000000000000000000000000000000000         1.8629507280656144E-002
   195.000000000000000000000000000000000         2.1322733716336511E-002
   196.000000000000000000000000000000000         2.4183901991837821E-002
   197.000000000000000000000000000000000         2.7209531684297367E-002
   198.000000000000000000000000000000000         3.0395881744248267E-002
   199.000000000000000000000000000000000         3.3739154447694292E-002
   200.000000000000000000000000000000000         3.7235214949359143E-002
   201.000000000000000000000000000000000         4.0879790339011207E-002
   202.000000000000000000000000000000000         4.4668349674664487E-002
   203.000000000000000000000000000000000         4.8596650896108221E-002
   204.000000000000000000000000000000000         5.2659559532858655E-002
   205.000000000000000000000000000000000         5.6852140347856843E-002
   206.000000000000000000000000000000000         6.1169471975424765E-002
   207.000000000000000000000000000000000         6.5606038777279982E-002
   208.000000000000000000000000000000000         7.0156661058589392E-002
   209.000000000000000000000000000000000         7.4815698068800882E-002
   210.000000000000000000000000000000000         7.9577428844068335E-002
   211.000000000000000000000000000000000         8.4436249685632653E-002
   212.000000000000000000000000000000000         8.9386029624703128E-002
   213.000000000000000000000000000000000         9.4420823264653342E-002
   214.000000000000000000000000000000000         9.9534423490252572E-002
   215.000000000000000000000000000000000        0.10472077496446122     
   216.000000000000000000000000000000000        0.10997322911343253     
   217.000000000000000000000000000000000        0.11528592445275868     
   218.000000000000000000000000000000000        0.12065191650195514     
   219.000000000000000000000000000000000        0.12606479938055989     
   220.000000000000000000000000000000000        0.13151794161973623     
   221.000000000000000000000000000000000        0.13700488614966047     
   222.000000000000000000000000000000000        0.14251875507106712     
   223.000000000000000000000000000000000        0.14805288575416711     
   224.000000000000000000000000000000000        0.15360046808292871     
   225.000000000000000000000000000000000        0.15915497344740565     
   226.000000000000000000000000000000000        0.16470939719384003     
   227.000000000000000000000000000000000        0.17025706097126858     
   228.000000000000000000000000000000000        0.17579128555696211     
   229.000000000000000000000000000000000        0.18130506006812036     
   230.000000000000000000000000000000000        0.18679215950180941     
   231.000000000000000000000000000000000        0.19224514599409498     
   232.000000000000000000000000000000000        0.19765819990132638     
   233.000000000000000000000000000000000        0.20302401974705583     
   234.000000000000000000000000000000000        0.20833675339062988     
   235.000000000000000000000000000000000        0.21358916773495251     
   236.000000000000000000000000000000000        0.21877566612758875     
   237.000000000000000000000000000000000        0.22388911761565763     
   238.000000000000000000000000000000000        0.22892407583159552     
   239.000000000000000000000000000000000        0.23387368906604875     
   240.000000000000000000000000000000000        0.23873256956675046     
   241.000000000000000000000000000000000        0.24349423825494360     
   242.000000000000000000000000000000000        0.24815332760709666     
   243.000000000000000000000000000000000        0.25270389483108890     
   244.000000000000000000000000000000000        0.25714067447918348     
   245.000000000000000000000000000000000        0.26145779027092392     
   246.000000000000000000000000000000000        0.26565046209538068     
   247.000000000000000000000000000000000        0.26971327647356436     
   248.000000000000000000000000000000000        0.27364129513668889     
   249.000000000000000000000000000000000        0.27743013353763724     
   250.000000000000000000000000000000000        0.28107464856079678     
   251.000000000000000000000000000000000        0.28457076570916617     
   252.000000000000000000000000000000000        0.28791384926736641     
   253.000000000000000000000000000000000        0.29110038454415943     
   254.000000000000000000000000000000000        0.29412592293852108     
   255.000000000000000000000000000000000        0.29698717839415262     
   256.000000000000000000000000000000000        0.29968029967339577     
   257.000000000000000000000000000000000        0.30220246738957851     
   258.000000000000000000000000000000000        0.30455035073274639     
   259.000000000000000000000000000000000        0.30672084316541248     
   260.000000000000000000000000000000000        0.30871137449729902     
   261.000000000000000000000000000000000        0.31052029264785302     
   262.000000000000000000000000000000000        0.31214408423159662     
   263.000000000000000000000000000000000        0.31358230529974829     
   264.000000000000000000000000000000000        0.31483178195112427     
   265.000000000000000000000000000000000        0.31589196330252639     
   266.000000000000000000000000000000000        0.31676090004753676     
   267.000000000000000000000000000000000        0.31743801423402040     
   268.000000000000000000000000000000000        0.31792199500920598     
   269.000000000000000000000000000000000        0.31821292588897482     
   270.000000000000000000000000000000000        0.31830977509205238     
   271.000000000000000000000000000000000        0.31821292297545739     
   272.000000000000000000000000000000000        0.31792198563099128     
   273.000000000000000000000000000000000        0.31743800550773676     
   274.000000000000000000000000000000000        0.31676109823704746     
   275.000000000000000000000000000000000        0.31589194880606408     
   276.000000000000000000000000000000000        0.31483214428726203     
   277.000000000000000000000000000000000        0.31358228510351099     
   278.000000000000000000000000000000000        0.31214458604888501     
   279.000000000000000000000000000000000        0.31052026685027656     
   280.000000000000000000000000000000000        0.30871183817562886     
   281.000000000000000000000000000000000        0.30672081189231865     
   282.000000000000000000000000000000000        0.30455049688638486     
   283.000000000000000000000000000000000        0.30220243079320497     
   284.000000000000000000000000000000000        0.29968054048242104     
   285.000000000000000000000000000000000        0.29698713665280996     
   286.000000000000000000000000000000000        0.29412606945617326     
   287.000000000000000000000000000000000        0.29110033786123957     
   288.000000000000000000000000000000000        0.28791414168170060     
   289.000000000000000000000000000000000        0.28457071431206415     
   290.000000000000000000000000000000000        0.28107460966384340     
   291.000000000000000000000000000000000        0.27743007767684785     
   292.000000000000000000000000000000000        0.27364147453529158     
   293.000000000000000000000000000000000        0.26971321642120399     
   294.000000000000000000000000000000000        0.26565059028644505     
   295.000000000000000000000000000000000        0.26145772631953845     
   296.000000000000000000000000000000000        0.25714051035358637     
   297.000000000000000000000000000000000        0.25270382729227980     
   298.000000000000000000000000000000000        0.24815342644776900     
   299.000000000000000000000000000000000        0.24349416745775235     
   300.000000000000000000000000000000000        0.23873269049043219     
   301.000000000000000000000000000000000        0.23387361535525533     
   302.000000000000000000000000000000000        0.22892401740253063     
   303.000000000000000000000000000000000        0.22388904135049359     
   304.000000000000000000000000000000000        0.21877571085318395     
   305.000000000000000000000000000000000        0.21358908928688375     
   306.000000000000000000000000000000000        0.20833663624098392     
   307.000000000000000000000000000000000        0.20302393949851924     
   308.000000000000000000000000000000000        0.19765787277695362     
   309.000000000000000000000000000000000        0.19224506433568950     
   310.000000000000000000000000000000000        0.18679183208889980     
   311.000000000000000000000000000000000        0.18130497739797977     
   312.000000000000000000000000000000000        0.17579116464074759     
   313.000000000000000000000000000000000        0.17025697769198481     
   314.000000000000000000000000000000000        0.16470928583903663     
   315.000000000000000000000000000000000        0.15915488996486143     
   316.000000000000000000000000000000000        0.15360016500596341     
   317.000000000000000000000000000000000        0.14805280247490063     
   318.000000000000000000000000000000000        0.14251857367164933     
   319.000000000000000000000000000000000        0.13700480347954608     
   320.000000000000000000000000000000000        0.13151764329805254     
   321.000000000000000000000000000000000        0.12606471772225231     
   322.000000000000000000000000000000000        0.12065176422456959     
   323.000000000000000000000000000000000        0.11528584420415165     
   324.000000000000000000000000000000000        0.10997322891158796     
   325.000000000000000000000000000000000        0.10472069651642869     
   326.000000000000000000000000000000000         9.9534394562241418E-002
   327.000000000000000000000000000000000         9.4420746999529875E-002
   328.000000000000000000000000000000000         8.9385862999464036E-002
   329.000000000000000000000000000000000         8.4436175974826222E-002
   330.000000000000000000000000000000000         7.9577402886295737E-002
   331.000000000000000000000000000000000         7.4815627271541355E-002
   332.000000000000000000000000000000000         7.0156778180707827E-002
   333.000000000000000000000000000000000         6.5605971238413469E-002
   334.000000000000000000000000000000000         6.1169325025346048E-002
   335.000000000000000000000000000000000         5.6852076396493929E-002
   336.000000000000000000000000000000000         5.2659384152895401E-002
   337.000000000000000000000000000000000         4.8596590843729880E-002
   338.000000000000000000000000000000000         4.4668383367151482E-002
   339.000000000000000000000000000000000         4.0879734478290894E-002
   340.000000000000000000000000000000000         3.7235128049956941E-002
   341.000000000000000000000000000000000         3.3739103050663730E-002
   342.000000000000000000000000000000000         3.0395831727069309E-002
   343.000000000000000000000000000000000         2.7209485001428831E-002
   344.000000000000000000000000000000000         2.4183685522973026E-002
   345.000000000000000000000000000000000         2.1322691975041511E-002
   346.000000000000000000000000000000000         1.8629425892985184E-002
   347.000000000000000000000000000000000         1.6107403837048517E-002
   348.000000000000000000000000000000000         1.3759639373156768E-002
   349.000000000000000000000000000000000         1.1589028948398914E-002
   350.000000000000000000000000000000000         9.5981982675376627E-003
   351.000000000000000000000000000000000         7.7895803786058862E-003
   352.000000000000000000000000000000000         6.1654368879915907E-003
   353.000000000000000000000000000000000         4.7275686602053753E-003
   354.000000000000000000000000000000000         3.4779048594226558E-003
   355.000000000000000000000000000000000         2.4179116073321416E-003
   356.000000000000000000000000000000000         1.5488759709537468E-003
   357.000000000000000000000000000000000         8.7186163760131585E-004
   358.000000000000000000000000000000000         3.8769034150881390E-004
   359.000000000000000000000000000000000         9.6950951482294021E-005
   360.000000000000000000000000000000000         1.6091766345863935E-013
