   1.00000000000000000000000000000000000         9.6952893806654506E-005
   2.00000000000000000000000000000000000         3.8769345305280934E-004
   3.00000000000000000000000000000000000         8.7186745513065887E-004
   4.00000000000000000000000000000000000         1.5488820529016610E-003
   5.00000000000000000000000000000000000         2.4179212717233079E-003
   6.00000000000000000000000000000000000         3.4779173923474055E-003
   7.00000000000000000000000000000000000         4.7275821243764676E-003
   8.00000000000000000000000000000000000         6.1654076926624746E-003
   9.00000000000000000000000000000000000         7.7895975769598442E-003
   10.0000000000000000000000000000000000         9.5982175060114628E-003
   11.0000000000000000000000000000000000         1.1589049797142526E-002
   12.0000000000000000000000000000000000         1.3759646190656035E-002
   13.0000000000000000000000000000000000         1.6107428234614821E-002
   14.0000000000000000000000000000000000         1.8629469394432847E-002
   15.0000000000000000000000000000000000         2.1322719802569012E-002
   16.0000000000000000000000000000000000         2.4183867447201558E-002
   17.0000000000000000000000000000000000         2.7209516123326605E-002
   18.0000000000000000000000000000000000         3.0395884717367126E-002
   19.0000000000000000000000000000000000         3.3739137315353322E-002
   20.0000000000000000000000000000000000         3.7235222023857671E-002
   21.0000000000000000000000000000000000         4.0879771718787421E-002
   22.0000000000000000000000000000000000         4.4668460695623226E-002
   23.0000000000000000000000000000000000         4.8596630878643118E-002
   24.0000000000000000000000000000000000         5.2659481584190454E-002
   25.0000000000000000000000000000000000         5.6852119030714195E-002
   26.0000000000000000000000000000000000         6.1169388749531754E-002
   27.0000000000000000000000000000000000         6.5606016264323441E-002
   28.0000000000000000000000000000000000         7.0156624788600644E-002
   29.0000000000000000000000000000000000         7.4815674469702678E-002
   30.0000000000000000000000000000000000         7.9577489702846366E-002
   31.0000000000000000000000000000000000         8.4436225115328542E-002
   32.0000000000000000000000000000000000         8.9385924294405769E-002
   33.0000000000000000000000000000000000         9.4420797842928131E-002
   34.0000000000000000000000000000000000         9.9534455157573309E-002
   35.0000000000000000000000000000000000        0.10472074881508638     
   36.0000000000000000000000000000000000        0.10997347077685940     
   37.0000000000000000000000000000000000        0.11528589770323272     
   38.0000000000000000000000000000000000        0.12065188220363841     
   39.0000000000000000000000000000000000        0.12606477216112322     
   40.0000000000000000000000000000000000        0.13151792631037110     
   41.0000000000000000000000000000000000        0.13700485859297781     
   42.0000000000000000000000000000000000        0.14251869458761901     
   43.0000000000000000000000000000000000        0.14805285799440138     
   44.0000000000000000000000000000000000        0.15360058102978330     
   45.0000000000000000000000000000000000        0.15915494561988852     
   46.0000000000000000000000000000000000        0.16470938830261364     
   47.0000000000000000000000000000000000        0.17025703321148200     
   48.0000000000000000000000000000000000        0.17579113402884280     
   49.0000000000000000000000000000000000        0.18130503251140923     
   50.0000000000000000000000000000000000        0.18679193273434141     
   51.0000000000000000000000000000000000        0.19224511877459896     
   52.0000000000000000000000000000000000        0.19765808524423523     
   53.0000000000000000000000000000000000        0.20302399299754242     
   54.0000000000000000000000000000000000        0.20833648249180070     
   55.0000000000000000000000000000000000        0.21358914158559009     
   56.0000000000000000000000000000000000        0.21877547254757349     
   57.0000000000000000000000000000000000        0.22388909219393929     
   58.0000000000000000000000000000000000        0.22892389121338905     
   59.0000000000000000000000000000000000        0.23387366449579283     
   60.0000000000000000000000000000000000        0.23873230375105514     
   61.0000000000000000000000000000000000        0.24349421465586610     
   62.0000000000000000000000000000000000        0.24815324154650664     
   63.0000000000000000000000000000000000        0.25270387231815200     
   64.0000000000000000000000000000000000        0.25714049897603103     
   65.0000000000000000000000000000000000        0.26145776895386424     
   66.0000000000000000000000000000000000        0.26565036268483549     
   67.0000000000000000000000000000000000        0.26971325645609739     
   68.0000000000000000000000000000000000        0.27364146384269666     
   69.0000000000000000000000000000000000        0.27743011491735847     
   70.0000000000000000000000000000000000        0.28107477052583030     
   71.0000000000000000000000000000000000        0.28457074857681469     
   72.0000000000000000000000000000000000        0.28791397392275681     
   73.0000000000000000000000000000000000        0.29110036898315977     
   74.0000000000000000000000000000000000        0.29412591372565960     
   75.0000000000000000000000000000000000        0.29698716448034390     
   76.0000000000000000000000000000000000        0.29968035150194805     
   77.0000000000000000000000000000000000        0.30220245519079025     
   78.0000000000000000000000000000000000        0.30455015969561555     
   79.0000000000000000000000000000000000        0.30672083274106560     
   80.0000000000000000000000000000000000        0.30871177356466412     
   81.0000000000000000000000000000000000        0.31052028404865001     
   82.0000000000000000000000000000000000        0.31214449984202708     
   83.0000000000000000000000000000000000        0.31358229856769632     
   84.0000000000000000000000000000000000        0.31483185245130624     
   85.0000000000000000000000000000000000        0.31589195847038387     
   86.0000000000000000000000000000000000        0.31676103628915803     
   87.0000000000000000000000000000000000        0.31743801132527466     
   88.0000000000000000000000000000000000        0.31792218403973987     
   89.0000000000000000000000000000000000        0.31821292491780284     
   90.0000000000000000000000000000000000        0.31830983727711643     
   91.0000000000000000000000000000000000        0.31821292394662309     
   92.0000000000000000000000000000000000        0.31792218787969595     
   93.0000000000000000000000000000000000        0.31743800841648173     
   94.0000000000000000000000000000000000        0.31676100739248592     
   95.0000000000000000000000000000000000        0.31589195363820433     
   96.0000000000000000000000000000000000        0.31483194949592180     
   97.0000000000000000000000000000000000        0.31358229183559988     
   98.0000000000000000000000000000000000        0.31214445565605625     
   99.0000000000000000000000000000000000        0.31052027544943506     
   100.000000000000000000000000000000000        0.30871156068111000     
   101.000000000000000000000000000000000        0.30672082231668740     
   102.000000000000000000000000000000000        0.30455024094202504     
   103.000000000000000000000000000000000        0.30220244299201215     
   104.000000000000000000000000000000000        0.29968036380309937     
   105.000000000000000000000000000000000        0.29698715056657016     
   106.000000000000000000000000000000000        0.29412591202618599     
   107.000000000000000000000000000000000        0.29110035342219553     
   108.000000000000000000000000000000000        0.28791399905730086     
   109.000000000000000000000000000000000        0.28457073144449346     
   110.000000000000000000000000000000000        0.28107472161512004     
   111.000000000000000000000000000000000        0.27743009629709120     
   112.000000000000000000000000000000000        0.27364148122768750     
   113.000000000000000000000000000000000        0.26971323643864192     
   114.000000000000000000000000000000000        0.26565039087289788     
   115.000000000000000000000000000000000        0.26145774763672613     
   116.000000000000000000000000000000000        0.25714041899773676     
   117.000000000000000000000000000000000        0.25270384980522798     
   118.000000000000000000000000000000000        0.24815318503831885     
   119.000000000000000000000000000000000        0.24349419105675019     
   120.000000000000000000000000000000000        0.23873245748087440     
   121.000000000000000000000000000000000        0.23387363992554888     
   122.000000000000000000000000000000000        0.22892390096819037     
   123.000000000000000000000000000000000        0.22388906677220971     
   124.000000000000000000000000000000000        0.21877535022524477     
   125.000000000000000000000000000000000        0.21358911543625933     
   126.000000000000000000000000000000000        0.20833651776286929     
   127.000000000000000000000000000000000        0.20302396624800007     
   128.000000000000000000000000000000000        0.19765795592778629     
   129.000000000000000000000000000000000        0.19224509155518096     
   130.000000000000000000000000000000000        0.18679183908765890     
   131.000000000000000000000000000000000        0.18130500495468310     
   132.000000000000000000000000000000000        0.17579110918453650     
   133.000000000000000000000000000000000        0.17025700545174494     
   134.000000000000000000000000000000000        0.16470929916153590     
   135.000000000000000000000000000000000        0.15915491779235266     
   136.000000000000000000000000000000000        0.15360047600623986     
   137.000000000000000000000000000000000        0.14805283023467031     
   138.000000000000000000000000000000000        0.14251860061944110     
   139.000000000000000000000000000000000        0.13700483103624883     
   140.000000000000000000000000000000000        0.13151793375348081     
   141.000000000000000000000000000000000        0.12606474494169417     
   142.000000000000000000000000000000000        0.12065176820813438     
   143.000000000000000000000000000000000        0.11528587095368252     
   144.000000000000000000000000000000000        0.10997330387515515     
   145.000000000000000000000000000000000        0.10472072266576181     
   146.000000000000000000000000000000000         9.9534501731110128E-002
   147.000000000000000000000000000000000         9.4420772421211704E-002
   148.000000000000000000000000000000000         8.9385987620779608E-002
   149.000000000000000000000000000000000         8.4436200545081372E-002
   150.000000000000000000000000000000000         7.9577439405012440E-002
   151.000000000000000000000000000000000         7.4815650870610845E-002
   152.000000000000000000000000000000000         7.0156604741726789E-002
   153.000000000000000000000000000000000         6.5605993751381542E-002
   154.000000000000000000000000000000000         6.1169366949393851E-002
   155.000000000000000000000000000000000         5.6852097713589803E-002
   156.000000000000000000000000000000000         5.2659491904957396E-002
   157.000000000000000000000000000000000         4.8596610861201699E-002
   158.000000000000000000000000000000000         4.4668427640481650E-002
   159.000000000000000000000000000000000         4.0879753098529904E-002
   160.000000000000000000000000000000000         3.7235157514297020E-002
   161.000000000000000000000000000000000         3.3739120183013907E-002
   162.000000000000000000000000000000000         3.0395894606090310E-002
   163.000000000000000000000000000000000         2.7209500562368222E-002
   164.000000000000000000000000000000000         2.4183881720801027E-002
   165.000000000000000000000000000000000         2.1322705888801866E-002
   166.000000000000000000000000000000000         1.8629470471174671E-002
   167.000000000000000000000000000000000         1.6107416035821987E-002
   168.000000000000000000000000000000000         1.3759656390244360E-002
   169.000000000000000000000000000000000         1.1589039372767000E-002
   170.000000000000000000000000000000000         9.5981864523363696E-003
   171.000000000000000000000000000000000         7.7895889777788961E-003
   172.000000000000000000000000000000000         6.1653838378261045E-003
   173.000000000000000000000000000000000         4.7275753922896178E-003
   174.000000000000000000000000000000000         3.4779002052533902E-003
   175.000000000000000000000000000000000         2.4179164395247399E-003
   176.000000000000000000000000000000000         1.5488842279028547E-003
   177.000000000000000000000000000000000         8.7186454636486749E-004
   178.000000000000000000000000000000000         3.8769103028776352E-004
   179.000000000000000000000000000000000         9.6951922641991793E-005
   180.000000000000000000000000000000000         2.4236714175245836E-015
   181.000000000000000000000000000000000         9.6953864975680035E-005
   182.000000000000000000000000000000000         3.8769556599870729E-004
   183.000000000000000000000000000000000         8.7187036390316342E-004
   184.000000000000000000000000000000000         1.5488890563233203E-003
   185.000000000000000000000000000000000         2.4179261039254849E-003
   186.000000000000000000000000000000000         3.4779232433809616E-003
   187.000000000000000000000000000000000         4.7275888564704974E-003
   188.000000000000000000000000000000000         6.1653993216061256E-003
   189.000000000000000000000000000000000         7.7896061761420091E-003
   190.000000000000000000000000000000000         9.5982359068763016E-003
   191.000000000000000000000000000000000         1.1589060221528450E-002
   192.000000000000000000000000000000000         1.3759679515261539E-002
   193.000000000000000000000000000000000         1.6107440433402169E-002
   194.000000000000000000000000000000000         1.8629489075361130E-002
   195.000000000000000000000000000000000         2.1322733716338190E-002
   196.000000000000000000000000000000000         2.4183909417006957E-002
   197.000000000000000000000000000000000         2.7209531684291435E-002
   198.000000000000000000000000000000000         3.0395900151885435E-002
   199.000000000000000000000000000000000         3.3739154447695423E-002
   200.000000000000000000000000000000000         3.7235205469025943E-002
   201.000000000000000000000000000000000         4.0879790339033599E-002
   202.000000000000000000000000000000000         4.4668445358913261E-002
   203.000000000000000000000000000000000         4.8596650896102996E-002
   204.000000000000000000000000000000000         5.2659531287157647E-002
   205.000000000000000000000000000000000         5.6852140347849522E-002
   206.000000000000000000000000000000000         6.1169418105699321E-002
   207.000000000000000000000000000000000         6.5606038777272557E-002
   208.000000000000000000000000000000000         7.0156655126985421E-002
   209.000000000000000000000000000000000         7.4815698068792430E-002
   210.000000000000000000000000000000000         7.9577479776853033E-002
   211.000000000000000000000000000000000         8.4436249685602136E-002
   212.000000000000000000000000000000000         8.9386033720745772E-002
   213.000000000000000000000000000000000         9.4420823264648845E-002
   214.000000000000000000000000000000000         9.9534465399873581E-002
   215.000000000000000000000000000000000        0.10472077496442904     
   216.000000000000000000000000000000000        0.10997334828934494     
   217.000000000000000000000000000000000        0.11528592445277398     
   218.000000000000000000000000000000000        0.12065190937971888     
   219.000000000000000000000000000000000        0.12606479938056325     
   220.000000000000000000000000000000000        0.13151799022808205     
   221.000000000000000000000000000000000        0.13700488614968517     
   222.000000000000000000000000000000000        0.14251875252058077     
   223.000000000000000000000000000000000        0.14805288575415823     
   224.000000000000000000000000000000000        0.15360052594134416     
   225.000000000000000000000000000000000        0.15915497344741916     
   226.000000000000000000000000000000000        0.16470939989919930     
   227.000000000000000000000000000000000        0.17025706097123666     
   228.000000000000000000000000000000000        0.17579121823471774     
   229.000000000000000000000000000000000        0.18130506006811620     
   230.000000000000000000000000000000000        0.18679199560713650     
   231.000000000000000000000000000000000        0.19224514599405157     
   232.000000000000000000000000000000000        0.19765807964217175     
   233.000000000000000000000000000000000        0.20302401974708081     
   234.000000000000000000000000000000000        0.20833660524964159     
   235.000000000000000000000000000000000        0.21358916773492445     
   236.000000000000000000000000000000000        0.21877551449602212     
   237.000000000000000000000000000000000        0.22388911761565800     
   238.000000000000000000000000000000000        0.22892394878843503     
   239.000000000000000000000000000000000        0.23387368906605363     
   240.000000000000000000000000000000000        0.23873247346752008     
   241.000000000000000000000000000000000        0.24349423825494126     
   242.000000000000000000000000000000000        0.24815329369687705     
   243.000000000000000000000000000000000        0.25270389483110534     
   244.000000000000000000000000000000000        0.25714056924173734     
   245.000000000000000000000000000000000        0.26145779027096844     
   246.000000000000000000000000000000000        0.26565042159073265     
   247.000000000000000000000000000000000        0.26971327647354743     
   248.000000000000000000000000000000000        0.27364140795575648     
   249.000000000000000000000000000000000        0.27743013353761431     
   250.000000000000000000000000000000000        0.28107470149807062     
   251.000000000000000000000000000000000        0.28457076570916617     
   252.000000000000000000000000000000000        0.28791396984594542     
   253.000000000000000000000000000000000        0.29110038454413006     
   254.000000000000000000000000000000000        0.29412598178326493     
   255.000000000000000000000000000000000        0.29698717839410521     
   256.000000000000000000000000000000000        0.29968039437254790     
   257.000000000000000000000000000000000        0.30220246738957851     
   258.000000000000000000000000000000000        0.30455025824923970     
   259.000000000000000000000000000000000        0.30672084316542453     
   260.000000000000000000000000000000000        0.30871159673201426     
   261.000000000000000000000000000000000        0.31052029264782882     
   262.000000000000000000000000000000000        0.31214439000057143     
   263.000000000000000000000000000000000        0.31358230529976044     
   264.000000000000000000000000000000000        0.31483192048427550     
   265.000000000000000000000000000000000        0.31589196330256919     
   266.000000000000000000000000000000000        0.31676097286388477     
   267.000000000000000000000000000000000        0.31743801423402651     
   268.000000000000000000000000000000000        0.31792213738796132     
   269.000000000000000000000000000000000        0.31821292588895639     
   270.000000000000000000000000000000000        0.31830985099301629     
   271.000000000000000000000000000000000        0.31821292297545123     
   272.000000000000000000000000000000000        0.31792213064888830     
   273.000000000000000000000000000000000        0.31743800550772450     
   274.000000000000000000000000000000000        0.31676101528681705     
   275.000000000000000000000000000000000        0.31589194880600296     
   276.000000000000000000000000000000000        0.31483200092701558     
   277.000000000000000000000000000000000        0.31358228510349884     
   278.000000000000000000000000000000000        0.31214450217269540     
   279.000000000000000000000000000000000        0.31052026685027656     
   280.000000000000000000000000000000000        0.30871169496607848     
   281.000000000000000000000000000000000        0.30672081189230055     
   282.000000000000000000000000000000000        0.30455027068552387     
   283.000000000000000000000000000000000        0.30220243079321096     
   284.000000000000000000000000000000000        0.29968042730149641     
   285.000000000000000000000000000000000        0.29698713665279219     
   286.000000000000000000000000000000000        0.29412598667852291     
   287.000000000000000000000000000000000        0.29110033786123957     
   288.000000000000000000000000000000000        0.28791400873414624     
   289.000000000000000000000000000000000        0.28457071431212222     
   290.000000000000000000000000000000000        0.28107465163949780     
   291.000000000000000000000000000000000        0.27743007767684214     
   292.000000000000000000000000000000000        0.27364141110990503     
   293.000000000000000000000000000000000        0.26971321642118706     
   294.000000000000000000000000000000000        0.26565040854988098     
   295.000000000000000000000000000000000        0.26145772631958297     
   296.000000000000000000000000000000000        0.25714047812644675     
   297.000000000000000000000000000000000        0.25270382729226887     
   298.000000000000000000000000000000000        0.24815326777248761     
   299.000000000000000000000000000000000        0.24349416745769598     
   300.000000000000000000000000000000000        0.23873245093868184     
   301.000000000000000000000000000000000        0.23387361535528164     
   302.000000000000000000000000000000000        0.22892387803170913     
   303.000000000000000000000000000000000        0.22388904135050133     
   304.000000000000000000000000000000000        0.21877546854983676     
   305.000000000000000000000000000000000        0.21358908928691642     
   306.000000000000000000000000000000000        0.20833651612871990     
   307.000000000000000000000000000000000        0.20302393949847511     
   308.000000000000000000000000000000000        0.19765793524441558     
   309.000000000000000000000000000000000        0.19224506433571811     
   310.000000000000000000000000000000000        0.18679185023561978     
   311.000000000000000000000000000000000        0.18130497739796356     
   312.000000000000000000000000000000000        0.17579112544965525     
   313.000000000000000000000000000000000        0.17025697769198256     
   314.000000000000000000000000000000000        0.16470930927514896     
   315.000000000000000000000000000000000        0.15915488996483107     
   316.000000000000000000000000000000000        0.15360038593428749     
   317.000000000000000000000000000000000        0.14805280247490901     
   318.000000000000000000000000000000000        0.14251864415650745     
   319.000000000000000000000000000000000        0.13700480347954003     
   320.000000000000000000000000000000000        0.13151785234972127     
   321.000000000000000000000000000000000        0.12606471772225616     
   322.000000000000000000000000000000000        0.12065181001830311     
   323.000000000000000000000000000000000        0.11528584420415165     
   324.000000000000000000000000000000000        0.10997328929134867     
   325.000000000000000000000000000000000        0.10472069651643222     
   326.000000000000000000000000000000000         9.9534400482322455E-002
   327.000000000000000000000000000000000         9.4420746999504798E-002
   328.000000000000000000000000000000000         8.9385935095306956E-002
   329.000000000000000000000000000000000         8.4436175974829386E-002
   330.000000000000000000000000000000000         7.9577419414935652E-002
   331.000000000000000000000000000000000         7.4815627271532417E-002
   332.000000000000000000000000000000000         7.0156633911439045E-002
   333.000000000000000000000000000000000         6.5605971238424612E-002
   334.000000000000000000000000000000000         6.1169331414408785E-002
   335.000000000000000000000000000000000         5.6852076396473175E-002
   336.000000000000000000000000000000000         5.2659440053778629E-002
   337.000000000000000000000000000000000         4.8596590843741870E-002
   338.000000000000000000000000000000000         4.4668410982716171E-002
   339.000000000000000000000000000000000         4.0879734478283199E-002
   340.000000000000000000000000000000000         3.7235143246189442E-002
   341.000000000000000000000000000000000         3.3739103050674221E-002
   342.000000000000000000000000000000000         3.0395850838035129E-002
   343.000000000000000000000000000000000         2.7209485001418510E-002
   344.000000000000000000000000000000000         2.4183820815677957E-002
   345.000000000000000000000000000000000         2.1322691975042305E-002
   346.000000000000000000000000000000000         1.8629439014258245E-002
   347.000000000000000000000000000000000         1.6107403837044031E-002
   348.000000000000000000000000000000000         1.3759643924581757E-002
   349.000000000000000000000000000000000         1.1589028948397889E-002
   350.000000000000000000000000000000000         9.5981986133708043E-003
   351.000000000000000000000000000000000         7.7895803786048054E-003
   352.000000000000000000000000000000000         6.1653927279389075E-003
   353.000000000000000000000000000000000         4.7275686602056555E-003
   354.000000000000000000000000000000000         3.4779056218577648E-003
   355.000000000000000000000000000000000         2.4179116073313723E-003
   356.000000000000000000000000000000000         1.5488769301200392E-003
   357.000000000000000000000000000000000         8.7186163760195846E-004
   358.000000000000000000000000000000000         3.8768976928645911E-004
   359.000000000000000000000000000000000         9.6950951482175179E-005
   360.000000000000000000000000000000000         9.0529539759934182E-016
