   1.00000000000000000000000000000000000         9.6952893806874545E-005
   2.00000000000000000000000000000000000         3.8769345305325527E-004
   3.00000000000000000000000000000000000         8.7186745513006386E-004
   4.00000000000000000000000000000000000         1.5488799665484105E-003
   5.00000000000000000000000000000000000         2.4179212717235169E-003
   6.00000000000000000000000000000000000         3.4779173462116918E-003
   7.00000000000000000000000000000000000         4.7275821243764598E-003
   8.00000000000000000000000000000000000         6.1654182420245573E-003
   9.00000000000000000000000000000000000         7.7895975769614123E-003
   10.0000000000000000000000000000000000         9.5982173207256674E-003
   11.0000000000000000000000000000000000         1.1589049797140864E-002
   12.0000000000000000000000000000000000         1.3759630696591810E-002
   13.0000000000000000000000000000000000         1.6107428234617836E-002
   14.0000000000000000000000000000000000         1.8629469182266451E-002
   15.0000000000000000000000000000000000         2.1322719802568762E-002
   16.0000000000000000000000000000000000         2.4183846412246180E-002
   17.0000000000000000000000000000000000         2.7209516123326342E-002
   18.0000000000000000000000000000000000         3.0395880860266688E-002
   19.0000000000000000000000000000000000         3.3739137315353614E-002
   20.0000000000000000000000000000000000         3.7235248657603220E-002
   21.0000000000000000000000000000000000         4.0879771718789926E-002
   22.0000000000000000000000000000000000         4.4668461733793907E-002
   23.0000000000000000000000000000000000         4.8596630878640835E-002
   24.0000000000000000000000000000000000         5.2659468014627994E-002
   25.0000000000000000000000000000000000         5.6852119030712543E-002
   26.0000000000000000000000000000000000         6.1169396698983025E-002
   27.0000000000000000000000000000000000         6.5606016264325828E-002
   28.0000000000000000000000000000000000         7.0156621110665632E-002
   29.0000000000000000000000000000000000         7.4815674469704496E-002
   30.0000000000000000000000000000000000         7.9577501247401400E-002
   31.0000000000000000000000000000000000         8.4436225115323504E-002
   32.0000000000000000000000000000000000         8.9385863704177157E-002
   33.0000000000000000000000000000000000         9.4420797842928131E-002
   34.0000000000000000000000000000000000         9.9534455876773481E-002
   35.0000000000000000000000000000000000        0.10472074881508509     
   36.0000000000000000000000000000000000        0.10997354673428868     
   37.0000000000000000000000000000000000        0.11528589770323090     
   38.0000000000000000000000000000000000        0.12065188382422989     
   39.0000000000000000000000000000000000        0.12606477216111989     
   40.0000000000000000000000000000000000        0.13151788863245228     
   41.0000000000000000000000000000000000        0.13700485859298028     
   42.0000000000000000000000000000000000        0.14251867385373385     
   43.0000000000000000000000000000000000        0.14805285799439727     
   44.0000000000000000000000000000000000        0.15360062537733798     
   45.0000000000000000000000000000000000        0.15915494561988799     
   46.0000000000000000000000000000000000        0.16470939908525134     
   47.0000000000000000000000000000000000        0.17025703321148475     
   48.0000000000000000000000000000000000        0.17579111061184061     
   49.0000000000000000000000000000000000        0.18130503251141830     
   50.0000000000000000000000000000000000        0.18679194783554887     
   51.0000000000000000000000000000000000        0.19224511877459721     
   52.0000000000000000000000000000000000        0.19765813770934162     
   53.0000000000000000000000000000000000        0.20302399299753882     
   54.0000000000000000000000000000000000        0.20833645080019650     
   55.0000000000000000000000000000000000        0.21358914158559195     
   56.0000000000000000000000000000000000        0.21877549828379764     
   57.0000000000000000000000000000000000        0.22388909219393741     
   58.0000000000000000000000000000000000        0.22892389933976437     
   59.0000000000000000000000000000000000        0.23387366449578575     
   60.0000000000000000000000000000000000        0.23873222449702125     
   61.0000000000000000000000000000000000        0.24349421465587401     
   62.0000000000000000000000000000000000        0.24815322932377878     
   63.0000000000000000000000000000000000        0.25270387231814267     
   64.0000000000000000000000000000000000        0.25714049062800654     
   65.0000000000000000000000000000000000        0.26145776895386835     
   66.0000000000000000000000000000000000        0.26565034562127415     
   67.0000000000000000000000000000000000        0.26971325645610156     
   68.0000000000000000000000000000000000        0.27364148930828786     
   69.0000000000000000000000000000000000        0.27743011491736130     
   70.0000000000000000000000000000000000        0.28107481891333402     
   71.0000000000000000000000000000000000        0.28457074857680476     
   72.0000000000000000000000000000000000        0.28791395881689730     
   73.0000000000000000000000000000000000        0.29110036898315689     
   74.0000000000000000000000000000000000        0.29412586168322702     
   75.0000000000000000000000000000000000        0.29698716448035695     
   76.0000000000000000000000000000000000        0.29968030727053152     
   77.0000000000000000000000000000000000        0.30220245519078731     
   78.0000000000000000000000000000000000        0.30455012076688509     
   79.0000000000000000000000000000000000        0.30672083274107298     
   80.0000000000000000000000000000000000        0.30871185068116813     
   81.0000000000000000000000000000000000        0.31052028404865445     
   82.0000000000000000000000000000000000        0.31214450790928167     
   83.0000000000000000000000000000000000        0.31358229856770825     
   84.0000000000000000000000000000000000        0.31483177458555334     
   85.0000000000000000000000000000000000        0.31589195847038087     
   86.0000000000000000000000000000000000        0.31676106596113351     
   87.0000000000000000000000000000000000        0.31743801132528215     
   88.0000000000000000000000000000000000        0.31792218347235579     
   89.0000000000000000000000000000000000        0.31821292491781333     
   90.0000000000000000000000000000000000        0.31830980900731015     
   91.0000000000000000000000000000000000        0.31821292394662459     
   92.0000000000000000000000000000000000        0.31792219139309313     
   93.0000000000000000000000000000000000        0.31743800841647274     
   94.0000000000000000000000000000000000        0.31676101940058154     
   95.0000000000000000000000000000000000        0.31589195363821632     
   96.0000000000000000000000000000000000        0.31483194421624111     
   97.0000000000000000000000000000000000        0.31358229183560737     
   98.0000000000000000000000000000000000        0.31214443794754942     
   99.0000000000000000000000000000000000        0.31052027544941579     
   100.000000000000000000000000000000000        0.30871149424515698     
   101.000000000000000000000000000000000        0.30672082231669479     
   102.000000000000000000000000000000000        0.30455026735321372     
   103.000000000000000000000000000000000        0.30220244299201654     
   104.000000000000000000000000000000000        0.29968033747665979     
   105.000000000000000000000000000000000        0.29698715056657887     
   106.000000000000000000000000000000000        0.29412586919330924     
   107.000000000000000000000000000000000        0.29110035342218976     
   108.000000000000000000000000000000000        0.28791401323931809     
   109.000000000000000000000000000000000        0.28457073144449774     
   110.000000000000000000000000000000000        0.28107474810366812     
   111.000000000000000000000000000000000        0.27743009629708559     
   112.000000000000000000000000000000000        0.27364153261019203     
   113.000000000000000000000000000000000        0.26971323643864470     
   114.000000000000000000000000000000000        0.26565040830436087     
   115.000000000000000000000000000000000        0.26145774763672341     
   116.000000000000000000000000000000000        0.25714036967331944     
   117.000000000000000000000000000000000        0.25270384980523602     
   118.000000000000000000000000000000000        0.24815314921221790     
   119.000000000000000000000000000000000        0.24349419105673836     
   120.000000000000000000000000000000000        0.23873250375330396     
   121.000000000000000000000000000000000        0.23387363992554952     
   122.000000000000000000000000000000000        0.22892393363529112     
   123.000000000000000000000000000000000        0.22388906677219964     
   124.000000000000000000000000000000000        0.21877530782893953     
   125.000000000000000000000000000000000        0.21358911543625994     
   126.000000000000000000000000000000000        0.20833652965005800     
   127.000000000000000000000000000000000        0.20302396624799707     
   128.000000000000000000000000000000000        0.19765793617017183     
   129.000000000000000000000000000000000        0.19224509155519207     
   130.000000000000000000000000000000000        0.18679180742987303     
   131.000000000000000000000000000000000        0.18130500495468707     
   132.000000000000000000000000000000000        0.17579108776573596     
   133.000000000000000000000000000000000        0.17025700545175540     
   134.000000000000000000000000000000000        0.16470926665206284     
   135.000000000000000000000000000000000        0.15915491779235108     
   136.000000000000000000000000000000000        0.15360046585052070     
   137.000000000000000000000000000000000        0.14805283023467800     
   138.000000000000000000000000000000000        0.14251853309045406     
   139.000000000000000000000000000000000        0.13700483103624389     
   140.000000000000000000000000000000000        0.13151792067406060     
   141.000000000000000000000000000000000        0.12606474494169562     
   142.000000000000000000000000000000000        0.12065170842081432     
   143.000000000000000000000000000000000        0.11528587095367529     
   144.000000000000000000000000000000000        0.10997328070115793     
   145.000000000000000000000000000000000        0.10472072266576310     
   146.000000000000000000000000000000000         9.9534553538404347E-002
   147.000000000000000000000000000000000         9.4420772421212121E-002
   148.000000000000000000000000000000000         8.9385989386475864E-002
   149.000000000000000000000000000000000         8.4436200545080983E-002
   150.000000000000000000000000000000000         7.9577432456519978E-002
   151.000000000000000000000000000000000         7.4815650870609027E-002
   152.000000000000000000000000000000000         7.0156603197812903E-002
   153.000000000000000000000000000000000         6.5605993751387676E-002
   154.000000000000000000000000000000000         6.1169374989379736E-002
   155.000000000000000000000000000000000         5.6852097713589775E-002
   156.000000000000000000000000000000000         5.2659500218208165E-002
   157.000000000000000000000000000000000         4.8596610861206861E-002
   158.000000000000000000000000000000000         4.4668418990761641E-002
   159.000000000000000000000000000000000         4.0879753098529474E-002
   160.000000000000000000000000000000000         3.7235151238125028E-002
   161.000000000000000000000000000000000         3.3739120183014296E-002
   162.000000000000000000000000000000000         3.0395909275113330E-002
   163.000000000000000000000000000000000         2.7209500562367664E-002
   164.000000000000000000000000000000000         2.4183881170501183E-002
   165.000000000000000000000000000000000         2.1322705888800513E-002
   166.000000000000000000000000000000000         1.8629480240876826E-002
   167.000000000000000000000000000000000         1.6107416035820287E-002
   168.000000000000000000000000000000000         1.3759656085391470E-002
   169.000000000000000000000000000000000         1.1589039372765697E-002
   170.000000000000000000000000000000000         9.5981710651126539E-003
   171.000000000000000000000000000000000         7.7895889777789646E-003
   172.000000000000000000000000000000000         6.1653829628028813E-003
   173.000000000000000000000000000000000         4.7275753922902744E-003
   174.000000000000000000000000000000000         3.4778921110632829E-003
   175.000000000000000000000000000000000         2.4179164395247616E-003
   176.000000000000000000000000000000000         1.5488864106155131E-003
   177.000000000000000000000000000000000         8.7186454636520067E-004
   178.000000000000000000000000000000000         3.8769069032362665E-004
   179.000000000000000000000000000000000         9.6951922642116002E-005
   180.000000000000000000000000000000000         2.4172658955359050E-015
   181.000000000000000000000000000000000         9.6953864975624700E-005
   182.000000000000000000000000000000000         3.8769568726464392E-004
   183.000000000000000000000000000000000         8.7187036390301955E-004
   184.000000000000000000000000000000000         1.5488891797859484E-003
   185.000000000000000000000000000000000         2.4179261039249502E-003
   186.000000000000000000000000000000000         3.4779232433826313E-003
   187.000000000000000000000000000000000         4.7275888564717013E-003
   188.000000000000000000000000000000000         6.1653985476395551E-003
   189.000000000000000000000000000000000         7.7896061761424914E-003
   190.000000000000000000000000000000000         9.5982419921469535E-003
   191.000000000000000000000000000000000         1.1589060221530802E-002
   192.000000000000000000000000000000000         1.3759679554922116E-002
   193.000000000000000000000000000000000         1.6107440433402762E-002
   194.000000000000000000000000000000000         1.8629493533799904E-002
   195.000000000000000000000000000000000         2.1322733716337704E-002
   196.000000000000000000000000000000000         2.4183907598598082E-002
   197.000000000000000000000000000000000         2.7209531684292972E-002
   198.000000000000000000000000000000000         3.0395895643892144E-002
   199.000000000000000000000000000000000         3.3739154447695055E-002
   200.000000000000000000000000000000000         3.7235207790740084E-002
   201.000000000000000000000000000000000         4.0879790339028207E-002
   202.000000000000000000000000000000000         4.4668421926026540E-002
   203.000000000000000000000000000000000         4.8596650896104168E-002
   204.000000000000000000000000000000000         5.2659538204471480E-002
   205.000000000000000000000000000000000         5.6852140347851424E-002
   206.000000000000000000000000000000000         6.1169431298282950E-002
   207.000000000000000000000000000000000         6.5606038777274264E-002
   208.000000000000000000000000000000000         7.0156656579623111E-002
   209.000000000000000000000000000000000         7.4815698068794623E-002
   210.000000000000000000000000000000000         7.9577467303516489E-002
   211.000000000000000000000000000000000         8.4436249685609491E-002
   212.000000000000000000000000000000000         8.9386032717633276E-002
   213.000000000000000000000000000000000         9.4420823264650067E-002
   214.000000000000000000000000000000000         9.9534455136292110E-002
   215.000000000000000000000000000000000        0.10472077496443680     
   216.000000000000000000000000000000000        0.10997331910340123     
   217.000000000000000000000000000000000        0.11528592445277036     
   218.000000000000000000000000000000000        0.12065191112393998     
   219.000000000000000000000000000000000        0.12606479938056231     
   220.000000000000000000000000000000000        0.13151797832399653     
   221.000000000000000000000000000000000        0.13700488614967926     
   222.000000000000000000000000000000000        0.14251875314518969     
   223.000000000000000000000000000000000        0.14805288575416028     
   224.000000000000000000000000000000000        0.15360051177193529     
   225.000000000000000000000000000000000        0.15915497344741597     
   226.000000000000000000000000000000000        0.16470939923666233     
   227.000000000000000000000000000000000        0.17025706097124435     
   228.000000000000000000000000000000000        0.17579123472179681     
   229.000000000000000000000000000000000        0.18130506006811734     
   230.000000000000000000000000000000000        0.18679203574460077     
   231.000000000000000000000000000000000        0.19224514599406209     
   232.000000000000000000000000000000000        0.19765810909338991     
   233.000000000000000000000000000000000        0.20302401974707479     
   234.000000000000000000000000000000000        0.20833664152906242     
   235.000000000000000000000000000000000        0.21358916773493122     
   236.000000000000000000000000000000000        0.21877555163027845     
   237.000000000000000000000000000000000        0.22388911761565800     
   238.000000000000000000000000000000000        0.22892397990104252     
   239.000000000000000000000000000000000        0.23387368906605235     
   240.000000000000000000000000000000000        0.23873249700202370     
   241.000000000000000000000000000000000        0.24349423825494190     
   242.000000000000000000000000000000000        0.24815330200142041     
   243.000000000000000000000000000000000        0.25270389483110128     
   244.000000000000000000000000000000000        0.25714059501417030     
   245.000000000000000000000000000000000        0.26145779027095750     
   246.000000000000000000000000000000000        0.26565043151023804     
   247.000000000000000000000000000000000        0.26971327647355159     
   248.000000000000000000000000000000000        0.27364138032659491     
   249.000000000000000000000000000000000        0.27743013353761992     
   250.000000000000000000000000000000000        0.28107468853383982     
   251.000000000000000000000000000000000        0.28457076570916617     
   252.000000000000000000000000000000000        0.28791394031649514     
   253.000000000000000000000000000000000        0.29110038454413728     
   254.000000000000000000000000000000000        0.29412596737230673     
   255.000000000000000000000000000000000        0.29698717839411681     
   256.000000000000000000000000000000000        0.29968037118091745     
   257.000000000000000000000000000000000        0.30220246738957851     
   258.000000000000000000000000000000000        0.30455028089826047     
   259.000000000000000000000000000000000        0.30672084316542159     
   260.000000000000000000000000000000000        0.30871154230717862     
   261.000000000000000000000000000000000        0.31052029264783476     
   262.000000000000000000000000000000000        0.31214431511835966     
   263.000000000000000000000000000000000        0.31358230529975750     
   264.000000000000000000000000000000000        0.31483188655778666     
   265.000000000000000000000000000000000        0.31589196330255870     
   266.000000000000000000000000000000000        0.31676095503130897     
   267.000000000000000000000000000000000        0.31743801423402501     
   268.000000000000000000000000000000000        0.31792210251969177     
   269.000000000000000000000000000000000        0.31821292588896088     
   270.000000000000000000000000000000000        0.31830983240502431     
   271.000000000000000000000000000000000        0.31821292297545273     
   272.000000000000000000000000000000000        0.31792209513429825     
   273.000000000000000000000000000000000        0.31743800550772749     
   274.000000000000000000000000000000000        0.31676103560115820     
   275.000000000000000000000000000000000        0.31589194880601795     
   276.000000000000000000000000000000000        0.31483203603564436     
   277.000000000000000000000000000000000        0.31358228510350178     
   278.000000000000000000000000000000000        0.31214452271380205     
   279.000000000000000000000000000000000        0.31052026685027656     
   280.000000000000000000000000000000000        0.30871173003780200     
   281.000000000000000000000000000000000        0.30672081189230499     
   282.000000000000000000000000000000000        0.30455032608164534     
   283.000000000000000000000000000000000        0.30220243079320946     
   284.000000000000000000000000000000000        0.29968045501927193     
   285.000000000000000000000000000000000        0.29698713665279658     
   286.000000000000000000000000000000000        0.29412600695059948     
   287.000000000000000000000000000000000        0.29110033786123957     
   288.000000000000000000000000000000000        0.28791404129272818     
   289.000000000000000000000000000000000        0.28457071431210801     
   290.000000000000000000000000000000000        0.28107464135974541     
   291.000000000000000000000000000000000        0.27743007767684352     
   292.000000000000000000000000000000000        0.27364142664265206     
   293.000000000000000000000000000000000        0.26971321642119123     
   294.000000000000000000000000000000000        0.26565045305678892     
   295.000000000000000000000000000000000        0.26145772631957204     
   296.000000000000000000000000000000000        0.25714048601880729     
   297.000000000000000000000000000000000        0.25270382729227153     
   298.000000000000000000000000000000000        0.24815330663173549     
   299.000000000000000000000000000000000        0.24349416745770977     
   300.000000000000000000000000000000000        0.23873250960440551     
   301.000000000000000000000000000000000        0.23387361535527521     
   302.000000000000000000000000000000000        0.22892391216333496     
   303.000000000000000000000000000000000        0.22388904135049942     
   304.000000000000000000000000000000000        0.21877552788941956     
   305.000000000000000000000000000000000        0.21358908928690842     
   306.000000000000000000000000000000000        0.20833654554396502     
   307.000000000000000000000000000000000        0.20302393949848593     
   308.000000000000000000000000000000000        0.19765791994626072     
   309.000000000000000000000000000000000        0.19224506433571109     
   310.000000000000000000000000000000000        0.18679184579152502     
   311.000000000000000000000000000000000        0.18130497739796753     
   312.000000000000000000000000000000000        0.17579113504747337     
   313.000000000000000000000000000000000        0.17025697769198311     
   314.000000000000000000000000000000000        0.16470930353569271     
   315.000000000000000000000000000000000        0.15915488996483851     
   316.000000000000000000000000000000000        0.15360033182937710     
   317.000000000000000000000000000000000        0.14805280247490696     
   318.000000000000000000000000000000000        0.14251862689490793     
   319.000000000000000000000000000000000        0.13700480347954150     
   320.000000000000000000000000000000000        0.13151780115337885     
   321.000000000000000000000000000000000        0.12606471772225522     
   322.000000000000000000000000000000000        0.12065179880351043     
   323.000000000000000000000000000000000        0.11528584420415165     
   324.000000000000000000000000000000000        0.10997327450446696     
   325.000000000000000000000000000000000        0.10472069651643136     
   326.000000000000000000000000000000000         9.9534399032506674E-002
   327.000000000000000000000000000000000         9.4420746999510946E-002
   328.000000000000000000000000000000000         8.9385917439179466E-002
   329.000000000000000000000000000000000         8.4436175974828609E-002
   330.000000000000000000000000000000000         7.9577415367105317E-002
   331.000000000000000000000000000000000         7.4815627271534610E-002
   332.000000000000000000000000000000000         7.0156669242674830E-002
   333.000000000000000000000000000000000         6.5605971238421892E-002
   334.000000000000000000000000000000000         6.1169329849740328E-002
   335.000000000000000000000000000000000         5.6852076396478261E-002
   336.000000000000000000000000000000000         5.2659426363763667E-002
   337.000000000000000000000000000000000         4.8596590843738935E-002
   338.000000000000000000000000000000000         4.4668404219720050E-002
   339.000000000000000000000000000000000         4.0879734478285079E-002
   340.000000000000000000000000000000000         3.7235139524662828E-002
   341.000000000000000000000000000000000         3.3739103050671654E-002
   342.000000000000000000000000000000000         3.0395846157798046E-002
   343.000000000000000000000000000000000         2.7209485001421039E-002
   344.000000000000000000000000000000000         2.4183787682735637E-002
   345.000000000000000000000000000000000         2.1322691975042111E-002
   346.000000000000000000000000000000000         1.8629435800884823E-002
   347.000000000000000000000000000000000         1.6107403837045127E-002
   348.000000000000000000000000000000000         1.3759642809946997E-002
   349.000000000000000000000000000000000         1.1589028948398141E-002
   350.000000000000000000000000000000000         9.5981985286769812E-003
   351.000000000000000000000000000000000         7.7895803786050700E-003
   352.000000000000000000000000000000000         6.1654035426310641E-003
   353.000000000000000000000000000000000         4.7275686602055869E-003
   354.000000000000000000000000000000000         3.4779054351389551E-003
   355.000000000000000000000000000000000         2.4179116073315609E-003
   356.000000000000000000000000000000000         1.5488766952221423E-003
   357.000000000000000000000000000000000         8.7186163760180103E-004
   358.000000000000000000000000000000000         3.8768990942250695E-004
   359.000000000000000000000000000000000         9.6950951482204290E-005
   360.000000000000000000000000000000000         1.4631153625242322E-014
