   1.00000000000000000000000000000000000         9.6952893806893125E-005
   2.00000000000000000000000000000000000         3.8769345305329246E-004
   3.00000000000000000000000000000000000         8.7186745513001367E-004
   4.00000000000000000000000000000000000         1.5488797926857029E-003
   5.00000000000000000000000000000000000         2.4179212717235351E-003
   6.00000000000000000000000000000000000         3.4779173423670488E-003
   7.00000000000000000000000000000000000         4.7275821243764581E-003
   8.00000000000000000000000000000000000         6.1654191211384709E-003
   9.00000000000000000000000000000000000         7.7895975769615442E-003
   10.0000000000000000000000000000000000         9.5982173052851852E-003
   11.0000000000000000000000000000000000         1.1589049797140724E-002
   12.0000000000000000000000000000000000         1.3759629405420186E-002
   13.0000000000000000000000000000000000         1.6107428234618089E-002
   14.0000000000000000000000000000000000         1.8629469164585917E-002
   15.0000000000000000000000000000000000         2.1322719802568738E-002
   16.0000000000000000000000000000000000         2.4183844659333643E-002
   17.0000000000000000000000000000000000         2.7209516123326321E-002
   18.0000000000000000000000000000000000         3.0395880538841662E-002
   19.0000000000000000000000000000000000         3.3739137315353634E-002
   20.0000000000000000000000000000000000         3.7235250877082446E-002
   21.0000000000000000000000000000000000         4.0879771718790141E-002
   22.0000000000000000000000000000000000         4.4668461820308134E-002
   23.0000000000000000000000000000000000         4.8596630878640634E-002
   24.0000000000000000000000000000000000         5.2659466883831205E-002
   25.0000000000000000000000000000000000         5.6852119030712411E-002
   26.0000000000000000000000000000000000         6.1169397361437318E-002
   27.0000000000000000000000000000000000         6.5606016264326023E-002
   28.0000000000000000000000000000000000         7.0156620804171052E-002
   29.0000000000000000000000000000000000         7.4815674469704649E-002
   30.0000000000000000000000000000000000         7.9577502209447690E-002
   31.0000000000000000000000000000000000         8.4436225115323088E-002
   32.0000000000000000000000000000000000         8.9385858654992364E-002
   33.0000000000000000000000000000000000         9.4420797842928131E-002
   34.0000000000000000000000000000000000         9.9534455936706831E-002
   35.0000000000000000000000000000000000        0.10472074881508497     
   36.0000000000000000000000000000000000        0.10997355306407564     
   37.0000000000000000000000000000000000        0.11528589770323075     
   38.0000000000000000000000000000000000        0.12065188395927919     
   39.0000000000000000000000000000000000        0.12606477216111961     
   40.0000000000000000000000000000000000        0.13151788549262597     
   41.0000000000000000000000000000000000        0.13700485859298051     
   42.0000000000000000000000000000000000        0.14251867212591016     
   43.0000000000000000000000000000000000        0.14805285799439694     
   44.0000000000000000000000000000000000        0.15360062907296784     
   45.0000000000000000000000000000000000        0.15915494561988794     
   46.0000000000000000000000000000000000        0.16470939998380449     
   47.0000000000000000000000000000000000        0.17025703321148497     
   48.0000000000000000000000000000000000        0.17579110866042383     
   49.0000000000000000000000000000000000        0.18130503251141908     
   50.0000000000000000000000000000000000        0.18679194909398286     
   51.0000000000000000000000000000000000        0.19224511877459707     
   52.0000000000000000000000000000000000        0.19765814208143415     
   53.0000000000000000000000000000000000        0.20302399299753851     
   54.0000000000000000000000000000000000        0.20833644815922958     
   55.0000000000000000000000000000000000        0.21358914158559208     
   56.0000000000000000000000000000000000        0.21877550042848304     
   57.0000000000000000000000000000000000        0.22388909219393727     
   58.0000000000000000000000000000000000        0.22892390001696233     
   59.0000000000000000000000000000000000        0.23387366449578514     
   60.0000000000000000000000000000000000        0.23873221789251903     
   61.0000000000000000000000000000000000        0.24349421465587465     
   62.0000000000000000000000000000000000        0.24815322830521816     
   63.0000000000000000000000000000000000        0.25270387231814184     
   64.0000000000000000000000000000000000        0.25714048993233785     
   65.0000000000000000000000000000000000        0.26145776895386869     
   66.0000000000000000000000000000000000        0.26565034419931072     
   67.0000000000000000000000000000000000        0.26971325645610189     
   68.0000000000000000000000000000000000        0.27364149143042049     
   69.0000000000000000000000000000000000        0.27743011491736153     
   70.0000000000000000000000000000000000        0.28107482294562619     
   71.0000000000000000000000000000000000        0.28457074857680392     
   72.0000000000000000000000000000000000        0.28791395755807569     
   73.0000000000000000000000000000000000        0.29110036898315667     
   74.0000000000000000000000000000000000        0.29412585734635788     
   75.0000000000000000000000000000000000        0.29698716448035806     
   76.0000000000000000000000000000000000        0.29968030358458025     
   77.0000000000000000000000000000000000        0.30220245519078709     
   78.0000000000000000000000000000000000        0.30455011752282429     
   79.0000000000000000000000000000000000        0.30672083274107359     
   80.0000000000000000000000000000000000        0.30871185710754390     
   81.0000000000000000000000000000000000        0.31052028404865484     
   82.0000000000000000000000000000000000        0.31214450858155290     
   83.0000000000000000000000000000000000        0.31358229856770925     
   84.0000000000000000000000000000000000        0.31483176809674102     
   85.0000000000000000000000000000000000        0.31589195847038060     
   86.0000000000000000000000000000000000        0.31676106843379820     
   87.0000000000000000000000000000000000        0.31743801132528277     
   88.0000000000000000000000000000000000        0.31792218342507378     
   89.0000000000000000000000000000000000        0.31821292491781422     
   90.0000000000000000000000000000000000        0.31830980665149300     
   91.0000000000000000000000000000000000        0.31821292394662470     
   92.0000000000000000000000000000000000        0.31792219168587627     
   93.0000000000000000000000000000000000        0.31743800841647196     
   94.0000000000000000000000000000000000        0.31676102040125620     
   95.0000000000000000000000000000000000        0.31589195363821732     
   96.0000000000000000000000000000000000        0.31483194377626772     
   97.0000000000000000000000000000000000        0.31358229183560798     
   98.0000000000000000000000000000000000        0.31214443647184054     
   99.0000000000000000000000000000000000        0.31052027544941418     
   100.000000000000000000000000000000000        0.30871148870882786     
   101.000000000000000000000000000000000        0.30672082231669540     
   102.000000000000000000000000000000000        0.30455026955414616     
   103.000000000000000000000000000000000        0.30220244299201687     
   104.000000000000000000000000000000000        0.29968033528278987     
   105.000000000000000000000000000000000        0.29698715056657959     
   106.000000000000000000000000000000000        0.29412586562390297     
   107.000000000000000000000000000000000        0.29110035342218926     
   108.000000000000000000000000000000000        0.28791401442115289     
   109.000000000000000000000000000000000        0.28457073144449813     
   110.000000000000000000000000000000000        0.28107475031104717     
   111.000000000000000000000000000000000        0.27743009629708515     
   112.000000000000000000000000000000000        0.27364153689206761     
   113.000000000000000000000000000000000        0.26971323643864492     
   114.000000000000000000000000000000000        0.26565040975698279     
   115.000000000000000000000000000000000        0.26145774763672319     
   116.000000000000000000000000000000000        0.25714036556295156     
   117.000000000000000000000000000000000        0.25270384980523669     
   118.000000000000000000000000000000000        0.24815314622670961     
   119.000000000000000000000000000000000        0.24349419105673736     
   120.000000000000000000000000000000000        0.23873250760933998     
   121.000000000000000000000000000000000        0.23387363992554958     
   122.000000000000000000000000000000000        0.22892393635754962     
   123.000000000000000000000000000000000        0.22388906677219877     
   124.000000000000000000000000000000000        0.21877530429591427     
   125.000000000000000000000000000000000        0.21358911543626000     
   126.000000000000000000000000000000000        0.20833653064065707     
   127.000000000000000000000000000000000        0.20302396624799682     
   128.000000000000000000000000000000000        0.19765793452370400     
   129.000000000000000000000000000000000        0.19224509155519298     
   130.000000000000000000000000000000000        0.18679180479172433     
   131.000000000000000000000000000000000        0.18130500495468740     
   132.000000000000000000000000000000000        0.17579108598083595     
   133.000000000000000000000000000000000        0.17025700545175626     
   134.000000000000000000000000000000000        0.16470926394294022     
   135.000000000000000000000000000000000        0.15915491779235094     
   136.000000000000000000000000000000000        0.15360046500421079     
   137.000000000000000000000000000000000        0.14805283023467863     
   138.000000000000000000000000000000000        0.14251852746303920     
   139.000000000000000000000000000000000        0.13700483103624347     
   140.000000000000000000000000000000000        0.13151791958410894     
   141.000000000000000000000000000000000        0.12606474494169573     
   142.000000000000000000000000000000000        0.12065170343853833     
   143.000000000000000000000000000000000        0.11528587095367468     
   144.000000000000000000000000000000000        0.10997327876999161     
   145.000000000000000000000000000000000        0.10472072266576321     
   146.000000000000000000000000000000000         9.9534557855679481E-002
   147.000000000000000000000000000000000         9.4420772421212149E-002
   148.000000000000000000000000000000000         8.9385989533617219E-002
   149.000000000000000000000000000000000         8.4436200545080956E-002
   150.000000000000000000000000000000000         7.9577431877478955E-002
   151.000000000000000000000000000000000         7.4815650870608874E-002
   152.000000000000000000000000000000000         7.0156603069153417E-002
   153.000000000000000000000000000000000         6.5605993751388189E-002
   154.000000000000000000000000000000000         6.1169375659378585E-002
   155.000000000000000000000000000000000         5.6852097713589761E-002
   156.000000000000000000000000000000000         5.2659500910979089E-002
   157.000000000000000000000000000000000         4.8596610861207305E-002
   158.000000000000000000000000000000000         4.4668418269951680E-002
   159.000000000000000000000000000000000         4.0879753098529432E-002
   160.000000000000000000000000000000000         3.7235150715110715E-002
   161.000000000000000000000000000000000         3.3739120183014330E-002
   162.000000000000000000000000000000000         3.0395910497532076E-002
   163.000000000000000000000000000000000         2.7209500562367608E-002
   164.000000000000000000000000000000000         2.4183881124642863E-002
   165.000000000000000000000000000000000         2.1322705888800409E-002
   166.000000000000000000000000000000000         1.8629481055018788E-002
   167.000000000000000000000000000000000         1.6107416035820141E-002
   168.000000000000000000000000000000000         1.3759656059987063E-002
   169.000000000000000000000000000000000         1.1589039372765590E-002
   170.000000000000000000000000000000000         9.5981697828445688E-003
   171.000000000000000000000000000000000         7.7895889777789698E-003
   172.000000000000000000000000000000000         6.1653828898842822E-003
   173.000000000000000000000000000000000         4.7275753922903299E-003
   174.000000000000000000000000000000000         3.4778914365478659E-003
   175.000000000000000000000000000000000         2.4179164395247629E-003
   176.000000000000000000000000000000000         1.5488865925083041E-003
   177.000000000000000000000000000000000         8.7186454636522875E-004
   178.000000000000000000000000000000000         3.8769066199328863E-004
   179.000000000000000000000000000000000         9.6951922642126248E-005
   180.000000000000000000000000000000000         2.4167324846281969E-015
   181.000000000000000000000000000000000         9.6953864975619984E-005
   182.000000000000000000000000000000000         3.8769569737013952E-004
   183.000000000000000000000000000000000         8.7187036390300784E-004
   184.000000000000000000000000000000000         1.5488891900745010E-003
   185.000000000000000000000000000000000         2.4179261039249051E-003
   186.000000000000000000000000000000000         3.4779232433827701E-003
   187.000000000000000000000000000000000         4.7275888564718028E-003
   188.000000000000000000000000000000000         6.1653984831423437E-003
   189.000000000000000000000000000000000         7.7896061761425313E-003
   190.000000000000000000000000000000000         9.5982424992529288E-003
   191.000000000000000000000000000000000         1.1589060221530998E-002
   192.000000000000000000000000000000000         1.3759679558227163E-002
   193.000000000000000000000000000000000         1.6107440433402811E-002
   194.000000000000000000000000000000000         1.8629493905336494E-002
   195.000000000000000000000000000000000         2.1322733716337663E-002
   196.000000000000000000000000000000000         2.4183907447064015E-002
   197.000000000000000000000000000000000         2.7209531684293100E-002
   198.000000000000000000000000000000000         3.0395895268226052E-002
   199.000000000000000000000000000000000         3.3739154447695027E-002
   200.000000000000000000000000000000000         3.7235207984216270E-002
   201.000000000000000000000000000000000         4.0879790339027763E-002
   202.000000000000000000000000000000000         4.4668419973286251E-002
   203.000000000000000000000000000000000         4.8596650896104272E-002
   204.000000000000000000000000000000000         5.2659538780914318E-002
   205.000000000000000000000000000000000         5.6852140347851583E-002
   206.000000000000000000000000000000000         6.1169432397664980E-002
   207.000000000000000000000000000000000         6.5606038777274403E-002
   208.000000000000000000000000000000000         7.0156656700676251E-002
   209.000000000000000000000000000000000         7.4815698068794803E-002
   210.000000000000000000000000000000000         7.9577466264071833E-002
   211.000000000000000000000000000000000         8.4436249685610101E-002
   212.000000000000000000000000000000000         8.9386032634040574E-002
   213.000000000000000000000000000000000         9.4420823264650178E-002
   214.000000000000000000000000000000000         9.9534454280993681E-002
   215.000000000000000000000000000000000        0.10472077496443744     
   216.000000000000000000000000000000000        0.10997331667123943     
   217.000000000000000000000000000000000        0.11528592445277006     
   218.000000000000000000000000000000000        0.12065191126929174     
   219.000000000000000000000000000000000        0.12606479938056223     
   220.000000000000000000000000000000000        0.13151797733198944     
   221.000000000000000000000000000000000        0.13700488614967876     
   222.000000000000000000000000000000000        0.14251875319724042     
   223.000000000000000000000000000000000        0.14805288575416045     
   224.000000000000000000000000000000000        0.15360051059115123     
   225.000000000000000000000000000000000        0.15915497344741569     
   226.000000000000000000000000000000000        0.16470939918145092     
   227.000000000000000000000000000000000        0.17025706097124499     
   228.000000000000000000000000000000000        0.17579123609572009     
   229.000000000000000000000000000000000        0.18130506006811742     
   230.000000000000000000000000000000000        0.18679203908938966     
   231.000000000000000000000000000000000        0.19224514599406295     
   232.000000000000000000000000000000000        0.19765811154765819     
   233.000000000000000000000000000000000        0.20302401974707429     
   234.000000000000000000000000000000000        0.20833664455234766     
   235.000000000000000000000000000000000        0.21358916773493178     
   236.000000000000000000000000000000000        0.21877555472479998     
   237.000000000000000000000000000000000        0.22388911761565800     
   238.000000000000000000000000000000000        0.22892398249375989     
   239.000000000000000000000000000000000        0.23387368906605224     
   240.000000000000000000000000000000000        0.23873249896323240     
   241.000000000000000000000000000000000        0.24349423825494196     
   242.000000000000000000000000000000000        0.24815330269346569     
   243.000000000000000000000000000000000        0.25270389483110095     
   244.000000000000000000000000000000000        0.25714059716187321     
   245.000000000000000000000000000000000        0.26145779027095661     
   246.000000000000000000000000000000000        0.26565043233686347     
   247.000000000000000000000000000000000        0.26971327647355192     
   248.000000000000000000000000000000000        0.27364137802416488     
   249.000000000000000000000000000000000        0.27743013353762042     
   250.000000000000000000000000000000000        0.28107468745348729     
   251.000000000000000000000000000000000        0.28457076570916617     
   252.000000000000000000000000000000000        0.28791393785570768     
   253.000000000000000000000000000000000        0.29110038454413789     
   254.000000000000000000000000000000000        0.29412596617139358     
   255.000000000000000000000000000000000        0.29698717839411781     
   256.000000000000000000000000000000000        0.29968036924828156     
   257.000000000000000000000000000000000        0.30220246738957851     
   258.000000000000000000000000000000000        0.30455028278567886     
   259.000000000000000000000000000000000        0.30672084316542136     
   260.000000000000000000000000000000000        0.30871153777177590     
   261.000000000000000000000000000000000        0.31052029264783521     
   262.000000000000000000000000000000000        0.31214430887817574     
   263.000000000000000000000000000000000        0.31358230529975722     
   264.000000000000000000000000000000000        0.31483188373057935     
   265.000000000000000000000000000000000        0.31589196330255781     
   266.000000000000000000000000000000000        0.31676095354526101     
   267.000000000000000000000000000000000        0.31743801423402490     
   268.000000000000000000000000000000000        0.31792209961400275     
   269.000000000000000000000000000000000        0.31821292588896127     
   270.000000000000000000000000000000000        0.31830983085602499     
   271.000000000000000000000000000000000        0.31821292297545289     
   272.000000000000000000000000000000000        0.31792209217474915     
   273.000000000000000000000000000000000        0.31743800550772777     
   274.000000000000000000000000000000000        0.31676103729401994     
   275.000000000000000000000000000000000        0.31589194880601917     
   276.000000000000000000000000000000000        0.31483203896136347     
   277.000000000000000000000000000000000        0.31358228510350206     
   278.000000000000000000000000000000000        0.31214452442556095     
   279.000000000000000000000000000000000        0.31052026685027656     
   280.000000000000000000000000000000000        0.30871173296044574     
   281.000000000000000000000000000000000        0.30672081189230538     
   282.000000000000000000000000000000000        0.30455033069798898     
   283.000000000000000000000000000000000        0.30220243079320935     
   284.000000000000000000000000000000000        0.29968045732908660     
   285.000000000000000000000000000000000        0.29698713665279691     
   286.000000000000000000000000000000000        0.29412600863993921     
   287.000000000000000000000000000000000        0.29110033786123957     
   288.000000000000000000000000000000000        0.28791404400594339     
   289.000000000000000000000000000000000        0.28457071431210679     
   290.000000000000000000000000000000000        0.28107464050309938     
   291.000000000000000000000000000000000        0.27743007767684363     
   292.000000000000000000000000000000000        0.27364142793704771     
   293.000000000000000000000000000000000        0.26971321642119156     
   294.000000000000000000000000000000000        0.26565045676569804     
   295.000000000000000000000000000000000        0.26145772631957115     
   296.000000000000000000000000000000000        0.25714048667650402     
   297.000000000000000000000000000000000        0.25270382729227175     
   298.000000000000000000000000000000000        0.24815330987000631     
   299.000000000000000000000000000000000        0.24349416745771091     
   300.000000000000000000000000000000000        0.23873251449321614     
   301.000000000000000000000000000000000        0.23387361535527465     
   302.000000000000000000000000000000000        0.22892391500763723     
   303.000000000000000000000000000000000        0.22388904135049928     
   304.000000000000000000000000000000000        0.21877553283438517     
   305.000000000000000000000000000000000        0.21358908928690776     
   306.000000000000000000000000000000000        0.20833654799523554     
   307.000000000000000000000000000000000        0.20302393949848682     
   308.000000000000000000000000000000000        0.19765791867141452     
   309.000000000000000000000000000000000        0.19224506433571051     
   310.000000000000000000000000000000000        0.18679184542118379     
   311.000000000000000000000000000000000        0.18130497739796786     
   312.000000000000000000000000000000000        0.17579113584729156     
   313.000000000000000000000000000000000        0.17025697769198317     
   314.000000000000000000000000000000000        0.16470930305740469     
   315.000000000000000000000000000000000        0.15915488996483912     
   316.000000000000000000000000000000000        0.15360032732063500     
   317.000000000000000000000000000000000        0.14805280247490679     
   318.000000000000000000000000000000000        0.14251862545644134     
   319.000000000000000000000000000000000        0.13700480347954164     
   320.000000000000000000000000000000000        0.13151779688701745     
   321.000000000000000000000000000000000        0.12606471772225514     
   322.000000000000000000000000000000000        0.12065179786894439     
   323.000000000000000000000000000000000        0.11528584420415165     
   324.000000000000000000000000000000000        0.10997327327222686     
   325.000000000000000000000000000000000        0.10472069651643129     
   326.000000000000000000000000000000000         9.9534398911688693E-002
   327.000000000000000000000000000000000         9.4420746999511460E-002
   328.000000000000000000000000000000000         8.9385915967835600E-002
   329.000000000000000000000000000000000         8.4436175974828553E-002
   330.000000000000000000000000000000000         7.9577415029786117E-002
   331.000000000000000000000000000000000         7.4815627271534790E-002
   332.000000000000000000000000000000000         7.0156672186944879E-002
   333.000000000000000000000000000000000         6.5605971238421656E-002
   334.000000000000000000000000000000000         6.1169329719351295E-002
   335.000000000000000000000000000000000         5.6852076396478685E-002
   336.000000000000000000000000000000000         5.2659425222929164E-002
   337.000000000000000000000000000000000         4.8596590843738685E-002
   338.000000000000000000000000000000000         4.4668403656137064E-002
   339.000000000000000000000000000000000         4.0879734478285239E-002
   340.000000000000000000000000000000000         3.7235139214535619E-002
   341.000000000000000000000000000000000         3.3739103050671439E-002
   342.000000000000000000000000000000000         3.0395845767778307E-002
   343.000000000000000000000000000000000         2.7209485001421251E-002
   344.000000000000000000000000000000000         2.4183784921658135E-002
   345.000000000000000000000000000000000         2.1322691975042093E-002
   346.000000000000000000000000000000000         1.8629435533103717E-002
   347.000000000000000000000000000000000         1.6107403837045221E-002
   348.000000000000000000000000000000000         1.3759642717060769E-002
   349.000000000000000000000000000000000         1.1589028948398162E-002
   350.000000000000000000000000000000000         9.5981985216191633E-003
   351.000000000000000000000000000000000         7.7895803786050925E-003
   352.000000000000000000000000000000000         6.1654044438558386E-003
   353.000000000000000000000000000000000         4.7275686602055809E-003
   354.000000000000000000000000000000000         3.4779054195790545E-003
   355.000000000000000000000000000000000         2.4179116073315765E-003
   356.000000000000000000000000000000000         1.5488766756473183E-003
   357.000000000000000000000000000000000         8.7186163760178792E-004
   358.000000000000000000000000000000000         3.8768992110051209E-004
   359.000000000000000000000000000000000         9.6950951482206716E-005
   360.000000000000000000000000000000000         1.6520450310874349E-014
