   1.00000000000000000000000000000000000         9.6952893807745471E-005
   2.00000000000000000000000000000000000         3.8769345305492760E-004
   3.00000000000000000000000000000000000         8.7186745512769759E-004
   4.00000000000000000000000000000000000         1.5488721427362356E-003
   5.00000000000000000000000000000000000         2.4179212717245226E-003
   6.00000000000000000000000000000000000         3.4779171732027673E-003
   7.00000000000000000000000000000000000         4.7275821243761276E-003
   8.00000000000000000000000000000000000         6.1654578022127468E-003
   9.00000000000000000000000000000000000         7.7895975769676756E-003
   10.0000000000000000000000000000000000         9.5982166259039499E-003
   11.0000000000000000000000000000000000         1.1589049797134168E-002
   12.0000000000000000000000000000000000         1.3759572593928664E-002
   13.0000000000000000000000000000000000         1.6107428234629691E-002
   14.0000000000000000000000000000000000         1.8629468386642478E-002
   15.0000000000000000000000000000000000         2.1322719802567162E-002
   16.0000000000000000000000000000000000         2.4183767531244977E-002
   17.0000000000000000000000000000000000         2.7209516123326064E-002
   18.0000000000000000000000000000000000         3.0395866396142231E-002
   19.0000000000000000000000000000000000         3.3739137315353919E-002
   20.0000000000000000000000000000000000         3.7235348534233874E-002
   21.0000000000000000000000000000000000         4.0879771718800195E-002
   22.0000000000000000000000000000000000         4.4668465626934079E-002
   23.0000000000000000000000000000000000         4.8596630878631301E-002
   24.0000000000000000000000000000000000         5.2659417128784351E-002
   25.0000000000000000000000000000000000         5.6852119030707353E-002
   26.0000000000000000000000000000000000         6.1169426509429879E-002
   27.0000000000000000000000000000000000         6.5606016264333225E-002
   28.0000000000000000000000000000000000         7.0156607318410197E-002
   29.0000000000000000000000000000000000         7.4815674469712976E-002
   30.0000000000000000000000000000000000         7.9577544539490216E-002
   31.0000000000000000000000000000000000         8.4436225115302896E-002
   32.0000000000000000000000000000000000         8.9385636491002743E-002
   33.0000000000000000000000000000000000         9.4420797842929977E-002
   34.0000000000000000000000000000000000         9.9534458573774146E-002
   35.0000000000000000000000000000000000        0.10472074881507829     
   36.0000000000000000000000000000000000        0.10997383157488205     
   37.0000000000000000000000000000000000        0.11528589770322607     
   38.0000000000000000000000000000000000        0.12065188990144808     
   39.0000000000000000000000000000000000        0.12606477216110543     
   40.0000000000000000000000000000000000        0.13151774734030489     
   41.0000000000000000000000000000000000        0.13700485859299166     
   42.0000000000000000000000000000000000        0.14251859610167789     
   43.0000000000000000000000000000000000        0.14805285799437970     
   44.0000000000000000000000000000000000        0.15360079168072507     
   45.0000000000000000000000000000000000        0.15915494561988827     
   46.0000000000000000000000000000000000        0.16470943952014580     
   47.0000000000000000000000000000000000        0.17025703321149271     
   48.0000000000000000000000000000000000        0.17579102279809627     
   49.0000000000000000000000000000000000        0.18130503251145472     
   50.0000000000000000000000000000000000        0.18679200446508229     
   51.0000000000000000000000000000000000        0.19224511877458822     
   52.0000000000000000000000000000000000        0.19765833445355271     
   53.0000000000000000000000000000000000        0.20302399299752780     
   54.0000000000000000000000000000000000        0.20833633195670218     
   55.0000000000000000000000000000000000        0.21358914158559639     
   56.0000000000000000000000000000000000        0.21877559479465170     
   57.0000000000000000000000000000000000        0.22388909219393285     
   58.0000000000000000000000000000000000        0.22892392981367315     
   59.0000000000000000000000000000000000        0.23387366449575664     
   60.0000000000000000000000000000000000        0.23873192729451137     
   61.0000000000000000000000000000000000        0.24349421465590615     
   62.0000000000000000000000000000000000        0.24815318348855203     
   63.0000000000000000000000000000000000        0.25270387231810493     
   64.0000000000000000000000000000000000        0.25714045932291585     
   65.0000000000000000000000000000000000        0.26145776895388628     
   66.0000000000000000000000000000000000        0.26565028163292398     
   67.0000000000000000000000000000000000        0.26971325645611449     
   68.0000000000000000000000000000000000        0.27364158480426531     
   69.0000000000000000000000000000000000        0.27743011491737452     
   70.0000000000000000000000000000000000        0.28107500036651017     
   71.0000000000000000000000000000000000        0.28457074857676484     
   72.0000000000000000000000000000000000        0.28791390216992779     
   73.0000000000000000000000000000000000        0.29110036898314873     
   74.0000000000000000000000000000000000        0.29412566652414596     
   75.0000000000000000000000000000000000        0.29698716448040330     
   76.0000000000000000000000000000000000        0.29968014140274857     
   77.0000000000000000000000000000000000        0.30220245519077887     
   78.0000000000000000000000000000000000        0.30454997478416790     
   79.0000000000000000000000000000000000        0.30672083274109807     
   80.0000000000000000000000000000000000        0.30871213986814411     
   81.0000000000000000000000000000000000        0.31052028404867377     
   82.0000000000000000000000000000000000        0.31214453816148724     
   83.0000000000000000000000000000000000        0.31358229856775038     
   84.0000000000000000000000000000000000        0.31483148258906563     
   85.0000000000000000000000000000000000        0.31589195847037210     
   86.0000000000000000000000000000000000        0.31676117723105396     
   87.0000000000000000000000000000000000        0.31743801132530780     
   88.0000000000000000000000000000000000        0.31792218134466560     
   89.0000000000000000000000000000000000        0.31821292491785530     
   90.0000000000000000000000000000000000        0.31830970299554784     
   91.0000000000000000000000000000000000        0.31821292394662787     
   92.0000000000000000000000000000000000        0.31792220456833287     
   93.0000000000000000000000000000000000        0.31743800841644132     
   94.0000000000000000000000000000000000        0.31676106443094226     
   95.0000000000000000000000000000000000        0.31589195363825884     
   96.0000000000000000000000000000000000        0.31483192441743885     
   97.0000000000000000000000000000000000        0.31358229183563768     
   98.0000000000000000000000000000000000        0.31214437154065333     
   99.0000000000000000000000000000000000        0.31052027544934113     
   100.000000000000000000000000000000000        0.30871124511039677     
   101.000000000000000000000000000000000        0.30672082231672471     
   102.000000000000000000000000000000000        0.30455036639518140     
   103.000000000000000000000000000000000        0.30220244299203081     
   104.000000000000000000000000000000000        0.29968023875252170     
   105.000000000000000000000000000000000        0.29698715056661362     
   106.000000000000000000000000000000000        0.29412570857004922     
   107.000000000000000000000000000000000        0.29110035342216617     
   108.000000000000000000000000000000000        0.28791406642188577     
   109.000000000000000000000000000000000        0.28457073144451567     
   110.000000000000000000000000000000000        0.28107484743573447     
   111.000000000000000000000000000000000        0.27743009629706267     
   112.000000000000000000000000000000000        0.27364172529462688     
   113.000000000000000000000000000000000        0.26971323643865691     
   114.000000000000000000000000000000000        0.26565047367235201     
   115.000000000000000000000000000000000        0.26145774763671148     
   116.000000000000000000000000000000000        0.25714018470679678     
   117.000000000000000000000000000000000        0.25270384980526783     
   118.000000000000000000000000000000000        0.24815301486436236     
   119.000000000000000000000000000000000        0.24349419105669190     
   120.000000000000000000000000000000000        0.23873267727495479     
   121.000000000000000000000000000000000        0.23387363992555393     
   122.000000000000000000000000000000000        0.22892405613693964     
   123.000000000000000000000000000000000        0.22388906677215986     
   124.000000000000000000000000000000000        0.21877514884283139     
   125.000000000000000000000000000000000        0.21358911543626416     
   126.000000000000000000000000000000000        0.20833657422701862     
   127.000000000000000000000000000000000        0.20302396624798397     
   128.000000000000000000000000000000000        0.19765786207912647     
   129.000000000000000000000000000000000        0.19224509155523548     
   130.000000000000000000000000000000000        0.18679168871319998     
   131.000000000000000000000000000000000        0.18130500495470026     
   132.000000000000000000000000000000000        0.17579100744524548     
   133.000000000000000000000000000000000        0.17025700545179620     
   134.000000000000000000000000000000000        0.16470914474156745     
   135.000000000000000000000000000000000        0.15915491779234350     
   136.000000000000000000000000000000000        0.15360042776657690     
   137.000000000000000000000000000000000        0.14805283023470836     
   138.000000000000000000000000000000000        0.14251827985689511     
   139.000000000000000000000000000000000        0.13700483103622396     
   140.000000000000000000000000000000000        0.13151787162624057     
   141.000000000000000000000000000000000        0.12606474494170231     
   142.000000000000000000000000000000000        0.12065148421849607     
   143.000000000000000000000000000000000        0.11528587095364683     
   144.000000000000000000000000000000000        0.10997319379869010     
   145.000000000000000000000000000000000        0.10472072266576921     
   146.000000000000000000000000000000000         9.9534747815877775E-002
   147.000000000000000000000000000000000         9.4420772421212454E-002
   148.000000000000000000000000000000000         8.9385996007836976E-002
   149.000000000000000000000000000000000         8.4436200545080622E-002
   150.000000000000000000000000000000000         7.9577406399675948E-002
   151.000000000000000000000000000000000         7.4815650870601158E-002
   152.000000000000000000000000000000000         7.0156597408136040E-002
   153.000000000000000000000000000000000         6.5605993751411684E-002
   154.000000000000000000000000000000000         6.1169405139331536E-002
   155.000000000000000000000000000000000         5.6852097713588914E-002
   156.000000000000000000000000000000000         5.2659531392904371E-002
   157.000000000000000000000000000000000         4.8596610861226928E-002
   158.000000000000000000000000000000000         4.4668386554319081E-002
   159.000000000000000000000000000000000         4.0879753098527240E-002
   160.000000000000000000000000000000000         3.7235127702484758E-002
   161.000000000000000000000000000000000         3.3739120183016322E-002
   162.000000000000000000000000000000000         3.0395964283981180E-002
   163.000000000000000000000000000000000         2.7209500562365027E-002
   164.000000000000000000000000000000000         2.4183879106876818E-002
   165.000000000000000000000000000000000         2.1322705888795920E-002
   166.000000000000000000000000000000000         1.8629516877282721E-002
   167.000000000000000000000000000000000         1.6107416035813504E-002
   168.000000000000000000000000000000000         1.3759654942193165E-002
   169.000000000000000000000000000000000         1.1589039372761074E-002
   170.000000000000000000000000000000000         9.5981133631335720E-003
   171.000000000000000000000000000000000         7.7895889777790089E-003
   172.000000000000000000000000000000000         6.1653796814663472E-003
   173.000000000000000000000000000000000         4.7275753922929008E-003
   174.000000000000000000000000000000000         3.4778617579342688E-003
   175.000000000000000000000000000000000         2.4179164395247291E-003
   176.000000000000000000000000000000000         1.5488945958016789E-003
   177.000000000000000000000000000000000         8.7186454636651960E-004
   178.000000000000000000000000000000000         3.8768941545944076E-004
   179.000000000000000000000000000000000         9.6951922642558912E-005
   180.000000000000000000000000000000000         2.3933206765675123E-015
   181.000000000000000000000000000000000         9.6953864975394646E-005
   182.000000000000000000000000000000000         3.8769614201207401E-004
   183.000000000000000000000000000000000         8.7187036390254673E-004
   184.000000000000000000000000000000000         1.5488896427708482E-003
   185.000000000000000000000000000000000         2.4179261039228373E-003
   186.000000000000000000000000000000000         3.4779232433888919E-003
   187.000000000000000000000000000000000         4.7275888564763712E-003
   188.000000000000000000000000000000000         6.1653956452653513E-003
   189.000000000000000000000000000000000         7.7896061761441081E-003
   190.000000000000000000000000000000000         9.5982648119290800E-003
   191.000000000000000000000000000000000         1.1589060221539852E-002
   192.000000000000000000000000000000000         1.3759679703649276E-002
   193.000000000000000000000000000000000         1.6107440433404594E-002
   194.000000000000000000000000000000000         1.8629510252950052E-002
   195.000000000000000000000000000000000         2.1322733716336317E-002
   196.000000000000000000000000000000000         2.4183900779565417E-002
   197.000000000000000000000000000000000         2.7209531684298249E-002
   198.000000000000000000000000000000000         3.0395878738920280E-002
   199.000000000000000000000000000000000         3.3739154447694208E-002
   200.000000000000000000000000000000000         3.7235216497168759E-002
   201.000000000000000000000000000000000         4.0879790339007432E-002
   202.000000000000000000000000000000000         4.4668334052756054E-002
   203.000000000000000000000000000000000         4.8596650896109199E-002
   204.000000000000000000000000000000000         5.2659564144402392E-002
   205.000000000000000000000000000000000         5.6852140347857912E-002
   206.000000000000000000000000000000000         6.1169480770484230E-002
   207.000000000000000000000000000000000         6.5606038777281342E-002
   208.000000000000000000000000000000000         7.0156662027014552E-002
   209.000000000000000000000000000000000         7.4815698068802089E-002
   210.000000000000000000000000000000000         7.9577420528513187E-002
   211.000000000000000000000000000000000         8.4436249685637815E-002
   212.000000000000000000000000000000000         8.9386028955961483E-002
   213.000000000000000000000000000000000         9.4420823264653897E-002
   214.000000000000000000000000000000000         9.9534416647866317E-002
   215.000000000000000000000000000000000        0.10472077496446669     
   216.000000000000000000000000000000000        0.10997320965614685     
   217.000000000000000000000000000000000        0.11528592445275596     
   218.000000000000000000000000000000000        0.12065191766476925     
   219.000000000000000000000000000000000        0.12606479938055959     
   220.000000000000000000000000000000000        0.13151793368368062     
   221.000000000000000000000000000000000        0.13700488614965620     
   222.000000000000000000000000000000000        0.14251875548747306     
   223.000000000000000000000000000000000        0.14805288575416883     
   224.000000000000000000000000000000000        0.15360045863665783     
   225.000000000000000000000000000000000        0.15915497344740318     
   226.000000000000000000000000000000000        0.16470939675214874     
   227.000000000000000000000000000000000        0.17025706097127410     
   228.000000000000000000000000000000000        0.17579129654835018     
   229.000000000000000000000000000000000        0.18130506006812072     
   230.000000000000000000000000000000000        0.18679218626013019     
   231.000000000000000000000000000000000        0.19224514599410239     
   232.000000000000000000000000000000000        0.19765821953547755     
   233.000000000000000000000000000000000        0.20302401974705145     
   234.000000000000000000000000000000000        0.20833677757691868     
   235.000000000000000000000000000000000        0.21358916773495745     
   236.000000000000000000000000000000000        0.21877569088376789     
   237.000000000000000000000000000000000        0.22388911761565719     
   238.000000000000000000000000000000000        0.22892409657333934     
   239.000000000000000000000000000000000        0.23387368906604833     
   240.000000000000000000000000000000000        0.23873258525642257     
   241.000000000000000000000000000000000        0.24349423825494360     
   242.000000000000000000000000000000000        0.24815333314345928     
   243.000000000000000000000000000000000        0.25270389483108624     
   244.000000000000000000000000000000000        0.25714069166080955     
   245.000000000000000000000000000000000        0.26145779027091665     
   246.000000000000000000000000000000000        0.26565046870838471     
   247.000000000000000000000000000000000        0.26971327647356713     
   248.000000000000000000000000000000000        0.27364127671725147     
   249.000000000000000000000000000000000        0.27743013353764101     
   250.000000000000000000000000000000000        0.28107463991797704     
   251.000000000000000000000000000000000        0.28457076570916617     
   252.000000000000000000000000000000000        0.28791382958107020     
   253.000000000000000000000000000000000        0.29110038454416420     
   254.000000000000000000000000000000000        0.29412591333121652     
   255.000000000000000000000000000000000        0.29698717839416039     
   256.000000000000000000000000000000000        0.29968028421231113     
   257.000000000000000000000000000000000        0.30220246738957851     
   258.000000000000000000000000000000000        0.30455036583209572     
   259.000000000000000000000000000000000        0.30672084316541054     
   260.000000000000000000000000000000000        0.30871133821408780     
   261.000000000000000000000000000000000        0.31052029264785702     
   262.000000000000000000000000000000000        0.31214403431014559     
   263.000000000000000000000000000000000        0.31358230529974629     
   264.000000000000000000000000000000000        0.31483175933346980     
   265.000000000000000000000000000000000        0.31589196330251940     
   266.000000000000000000000000000000000        0.31676088815915415     
   267.000000000000000000000000000000000        0.31743801423401941     
   268.000000000000000000000000000000000        0.31792197176369791     
   269.000000000000000000000000000000000        0.31821292588897782     
   270.000000000000000000000000000000000        0.31830976270005912     
   271.000000000000000000000000000000000        0.31821292297545839     
   272.000000000000000000000000000000000        0.31792196195460304     
   273.000000000000000000000000000000000        0.31743800550773876     
   274.000000000000000000000000000000000        0.31676111177994321     
   275.000000000000000000000000000000000        0.31589194880607407     
   276.000000000000000000000000000000000        0.31483216769301969     
   277.000000000000000000000000000000000        0.31358228510351299     
   278.000000000000000000000000000000000        0.31214459974295783     
   279.000000000000000000000000000000000        0.31052026685027656     
   280.000000000000000000000000000000000        0.30871186155678310     
   281.000000000000000000000000000000000        0.30672081189232159     
   282.000000000000000000000000000000000        0.30455053381714564     
   283.000000000000000000000000000000000        0.30220243079320397     
   284.000000000000000000000000000000000        0.29968055896094142     
   285.000000000000000000000000000000000        0.29698713665281290     
   286.000000000000000000000000000000000        0.29412608297089277     
   287.000000000000000000000000000000000        0.29110033786123957     
   288.000000000000000000000000000000000        0.28791416338742670     
   289.000000000000000000000000000000000        0.28457071431205466     
   290.000000000000000000000000000000000        0.28107460281067564     
   291.000000000000000000000000000000000        0.27743007767684880     
   292.000000000000000000000000000000000        0.27364148489045742     
   293.000000000000000000000000000000000        0.26971321642120677     
   294.000000000000000000000000000000000        0.26565061995772671     
   295.000000000000000000000000000000000        0.26145772631953118     
   296.000000000000000000000000000000000        0.25714051561516038     
   297.000000000000000000000000000000000        0.25270382729228158     
   298.000000000000000000000000000000000        0.24815345235394221     
   299.000000000000000000000000000000000        0.24349416745776153     
   300.000000000000000000000000000000000        0.23873272960093345     
   301.000000000000000000000000000000000        0.23387361535525103     
   302.000000000000000000000000000000000        0.22892404015695450     
   303.000000000000000000000000000000000        0.22388904135049234     
   304.000000000000000000000000000000000        0.21877575041292685     
   305.000000000000000000000000000000000        0.21358908928687839     
   306.000000000000000000000000000000000        0.20833665585115274     
   307.000000000000000000000000000000000        0.20302393949852643     
   308.000000000000000000000000000000000        0.19765786257818527     
   309.000000000000000000000000000000000        0.19224506433568481     
   310.000000000000000000000000000000000        0.18679182912617007     
   311.000000000000000000000000000000000        0.18130497739798243     
   312.000000000000000000000000000000000        0.17579117103929370     
   313.000000000000000000000000000000000        0.17025697769198520     
   314.000000000000000000000000000000000        0.16470928201273274     
   315.000000000000000000000000000000000        0.15915488996486640     
   316.000000000000000000000000000000000        0.15360012893604805     
   317.000000000000000000000000000000000        0.14805280247489927     
   318.000000000000000000000000000000000        0.14251856216391903     
   319.000000000000000000000000000000000        0.13700480347954705     
   320.000000000000000000000000000000000        0.13151760916718364     
   321.000000000000000000000000000000000        0.12606471772225167     
   322.000000000000000000000000000000000        0.12065175674804249     
   323.000000000000000000000000000000000        0.11528584420415165     
   324.000000000000000000000000000000000        0.10997321905366943     
   325.000000000000000000000000000000000        0.10472069651642812     
   326.000000000000000000000000000000000         9.9534393595697587E-002
   327.000000000000000000000000000000000         9.4420746999533969E-002
   328.000000000000000000000000000000000         8.9385851228716937E-002
   329.000000000000000000000000000000000         8.4436175974825708E-002
   330.000000000000000000000000000000000         7.9577400187742453E-002
   331.000000000000000000000000000000000         7.4815627271542812E-002
   332.000000000000000000000000000000000         7.0156801734888238E-002
   333.000000000000000000000000000000000         6.5605971238411651E-002
   334.000000000000000000000000000000000         6.1169323982233792E-002
   335.000000000000000000000000000000000         5.6852076396497322E-002
   336.000000000000000000000000000000000         5.2659375026223400E-002
   337.000000000000000000000000000000000         4.8596590843727916E-002
   338.000000000000000000000000000000000         4.4668378858488643E-002
   339.000000000000000000000000000000000         4.0879734478292150E-002
   340.000000000000000000000000000000000         3.7235125568939688E-002
   341.000000000000000000000000000000000         3.3739103050662016E-002
   342.000000000000000000000000000000000         3.0395828606912194E-002
   343.000000000000000000000000000000000         2.7209485001430517E-002
   344.000000000000000000000000000000000         2.4183663434404076E-002
   345.000000000000000000000000000000000         2.1322691975041379E-002
   346.000000000000000000000000000000000         1.8629423750736958E-002
   347.000000000000000000000000000000000         1.6107403837049249E-002
   348.000000000000000000000000000000000         1.3759638630067047E-002
   349.000000000000000000000000000000000         1.1589028948399081E-002
   350.000000000000000000000000000000000         9.5981982110750937E-003
   351.000000000000000000000000000000000         7.7895803786060622E-003
   352.000000000000000000000000000000000         6.1654440978111281E-003
   353.000000000000000000000000000000000         4.7275686602053293E-003
   354.000000000000000000000000000000000         3.4779047349434624E-003
   355.000000000000000000000000000000000         2.4179116073322670E-003
   356.000000000000000000000000000000000         1.5488758143551997E-003
   357.000000000000000000000000000000000         8.7186163760121101E-004
   358.000000000000000000000000000000000         3.8769043493291195E-004
   359.000000000000000000000000000000000         9.6950951482313428E-005
   360.000000000000000000000000000000000         2.1319110679278397E-013
