   1.00000000000000000000000000000000000         9.6952893807486550E-005
   2.00000000000000000000000000000000000         3.8769345305444448E-004
   3.00000000000000000000000000000000000         8.7186745512840330E-004
   4.00000000000000000000000000000000000         1.5488744029466121E-003
   5.00000000000000000000000000000000000         2.4179212717241956E-003
   6.00000000000000000000000000000000000         3.4779172231831227E-003
   7.00000000000000000000000000000000000         4.7275821243762750E-003
   8.00000000000000000000000000000000000         6.1654463737008999E-003
   9.00000000000000000000000000000000000         7.7895975769658021E-003
   10.0000000000000000000000000000000000         9.5982168266302206E-003
   11.0000000000000000000000000000000000         1.1589049797136179E-002
   12.0000000000000000000000000000000000         1.3759589379129862E-002
   13.0000000000000000000000000000000000         1.6107428234626176E-002
   14.0000000000000000000000000000000000         1.8629468616489401E-002
   15.0000000000000000000000000000000000         2.1322719802567731E-002
   16.0000000000000000000000000000000000         2.4183790319076554E-002
   17.0000000000000000000000000000000000         2.7209516123326030E-002
   18.0000000000000000000000000000000000         3.0395870574666722E-002
   19.0000000000000000000000000000000000         3.3739137315353961E-002
   20.0000000000000000000000000000000000         3.7235319680971261E-002
   21.0000000000000000000000000000000000         4.0879771718797087E-002
   22.0000000000000000000000000000000000         4.4668464502249122E-002
   23.0000000000000000000000000000000000         4.8596630878634202E-002
   24.0000000000000000000000000000000000         5.2659431829136655E-002
   25.0000000000000000000000000000000000         5.6852119030708692E-002
   26.0000000000000000000000000000000000         6.1169417897522269E-002
   27.0000000000000000000000000000000000         6.5606016264331310E-002
   28.0000000000000000000000000000000000         7.0156611302839414E-002
   29.0000000000000000000000000000000000         7.4815674469710297E-002
   30.0000000000000000000000000000000000         7.9577532032885576E-002
   31.0000000000000000000000000000000000         8.4436225115309085E-002
   32.0000000000000000000000000000000000         8.9385702130334574E-002
   33.0000000000000000000000000000000000         9.4420797842929199E-002
   34.0000000000000000000000000000000000         9.9534457794640624E-002
   35.0000000000000000000000000000000000        0.10472074881508052     
   36.0000000000000000000000000000000000        0.10997374928756162     
   37.0000000000000000000000000000000000        0.11528589770322721     
   38.0000000000000000000000000000000000        0.12065188814580725     
   39.0000000000000000000000000000000000        0.12606477216110989     
   40.0000000000000000000000000000000000        0.13151778815802856     
   41.0000000000000000000000000000000000        0.13700485859298808     
   42.0000000000000000000000000000000000        0.14251861856338077     
   43.0000000000000000000000000000000000        0.14805285799438506     
   44.0000000000000000000000000000000000        0.15360074363751511     
   45.0000000000000000000000000000000000        0.15915494561988791     
   46.0000000000000000000000000000000000        0.16470942783895356     
   47.0000000000000000000000000000000000        0.17025703321149072     
   48.0000000000000000000000000000000000        0.17579104816650906     
   49.0000000000000000000000000000000000        0.18130503251144395     
   50.0000000000000000000000000000000000        0.18679198810543843     
   51.0000000000000000000000000000000000        0.19224511877459108     
   52.0000000000000000000000000000000000        0.19765827761632612     
   53.0000000000000000000000000000000000        0.20302399299753071     
   54.0000000000000000000000000000000000        0.20833636628926372     
   55.0000000000000000000000000000000000        0.21358914158559536     
   56.0000000000000000000000000000000000        0.21877556691373612     
   57.0000000000000000000000000000000000        0.22388909219393388     
   58.0000000000000000000000000000000000        0.22892392101009928     
   59.0000000000000000000000000000000000        0.23387366449576530     
   60.0000000000000000000000000000000000        0.23873201315299522     
   61.0000000000000000000000000000000000        0.24349421465589663     
   62.0000000000000000000000000000000000        0.24815319672983935     
   63.0000000000000000000000000000000000        0.25270387231811653     
   64.0000000000000000000000000000000000        0.25714046836660853     
   65.0000000000000000000000000000000000        0.26145776895388040     
   66.0000000000000000000000000000000000        0.26565030011844659     
   67.0000000000000000000000000000000000        0.26971325645611149     
   68.0000000000000000000000000000000000        0.27364155721653682     
   69.0000000000000000000000000000000000        0.27743011491736996     
   70.0000000000000000000000000000000000        0.28107494794669768     
   71.0000000000000000000000000000000000        0.28457074857677717     
   72.0000000000000000000000000000000000        0.28791391853460729     
   73.0000000000000000000000000000000000        0.29110036898315028     
   74.0000000000000000000000000000000000        0.29412572290342942     
   75.0000000000000000000000000000000000        0.29698716448039070     
   76.0000000000000000000000000000000000        0.29968018932010337     
   77.0000000000000000000000000000000000        0.30220245519078048     
   78.0000000000000000000000000000000000        0.30455001695694928     
   79.0000000000000000000000000000000000        0.30672083274109169     
   80.0000000000000000000000000000000000        0.30871205632522603     
   81.0000000000000000000000000000000000        0.31052028404866733     
   82.0000000000000000000000000000000000        0.31214452942196103     
   83.0000000000000000000000000000000000        0.31358229856773906     
   84.0000000000000000000000000000000000        0.31483156694359260     
   85.0000000000000000000000000000000000        0.31589195847037377     
   86.0000000000000000000000000000000000        0.31676114508640829     
   87.0000000000000000000000000000000000        0.31743801132530131     
   88.0000000000000000000000000000000000        0.31792218195933164     
   89.0000000000000000000000000000000000        0.31821292491784231     
   90.0000000000000000000000000000000000        0.31830973362116627     
   91.0000000000000000000000000000000000        0.31821292394662787     
   92.0000000000000000000000000000000000        0.31792220076215244     
   93.0000000000000000000000000000000000        0.31743800841644948     
   94.0000000000000000000000000000000000        0.31676105142217104     
   95.0000000000000000000000000000000000        0.31589195363824751     
   96.0000000000000000000000000000000000        0.31483193013709276     
   97.0000000000000000000000000000000000        0.31358229183562797     
   98.0000000000000000000000000000000000        0.31214439072486705     
   99.0000000000000000000000000000000000        0.31052027544936367     
   100.000000000000000000000000000000000        0.30871131708265054     
   101.000000000000000000000000000000000        0.30672082231671510     
   102.000000000000000000000000000000000        0.30455033778305579     
   103.000000000000000000000000000000000        0.30220244299202764     
   104.000000000000000000000000000000000        0.29968026727282659     
   105.000000000000000000000000000000000        0.29698715056660263     
   106.000000000000000000000000000000000        0.29412575497231980     
   107.000000000000000000000000000000000        0.29110035342217394     
   108.000000000000000000000000000000000        0.28791405105803242     
   109.000000000000000000000000000000000        0.28457073144450951     
   110.000000000000000000000000000000000        0.28107481873980239     
   111.000000000000000000000000000000000        0.27743009629707027     
   112.000000000000000000000000000000000        0.27364166963022762     
   113.000000000000000000000000000000000        0.26971323643865242     
   114.000000000000000000000000000000000        0.26565045478826488     
   115.000000000000000000000000000000000        0.26145774763671592     
   116.000000000000000000000000000000000        0.25714023814156317     
   117.000000000000000000000000000000000        0.25270384980525767     
   118.000000000000000000000000000000000        0.24815305367596133     
   119.000000000000000000000000000000000        0.24349419105670544     
   120.000000000000000000000000000000000        0.23873262714647142     
   121.000000000000000000000000000000000        0.23387363992555255     
   122.000000000000000000000000000000000        0.22892402074757115     
   123.000000000000000000000000000000000        0.22388906677217146     
   124.000000000000000000000000000000000        0.21877519477214558     
   125.000000000000000000000000000000000        0.21358911543626283     
   126.000000000000000000000000000000000        0.20833656134922951     
   127.000000000000000000000000000000000        0.20302396624798788     
   128.000000000000000000000000000000000        0.19765788348320482     
   129.000000000000000000000000000000000        0.19224509155522282     
   130.000000000000000000000000000000000        0.18679172300912386     
   131.000000000000000000000000000000000        0.18130500495469659     
   132.000000000000000000000000000000000        0.17579103064894083     
   133.000000000000000000000000000000000        0.17025700545178429     
   134.000000000000000000000000000000000        0.16470917996015036     
   135.000000000000000000000000000000000        0.15915491779234581     
   136.000000000000000000000000000000000        0.15360043876860463     
   137.000000000000000000000000000000000        0.14805283023469948     
   138.000000000000000000000000000000000        0.14251835301323348     
   139.000000000000000000000000000000000        0.13700483103622985     
   140.000000000000000000000000000000000        0.13151788579560986     
   141.000000000000000000000000000000000        0.12606474494170025     
   142.000000000000000000000000000000000        0.12065154898803328     
   143.000000000000000000000000000000000        0.11528587095365515     
   144.000000000000000000000000000000000        0.10997321890384394     
   145.000000000000000000000000000000000        0.10472072266576735     
   146.000000000000000000000000000000000         9.9534691691254867E-002
   147.000000000000000000000000000000000         9.4420772421212454E-002
   148.000000000000000000000000000000000         8.9385994094999296E-002
   149.000000000000000000000000000000000         8.4436200545080622E-002
   150.000000000000000000000000000000000         7.9577413927208226E-002
   151.000000000000000000000000000000000         7.4815650870603531E-002
   152.000000000000000000000000000000000         7.0156599080709328E-002
   153.000000000000000000000000000000000         6.5605993751404662E-002
   154.000000000000000000000000000000000         6.1169396429344693E-002
   155.000000000000000000000000000000000         5.6852097713589261E-002
   156.000000000000000000000000000000000         5.2659522386880077E-002
   157.000000000000000000000000000000000         4.8596610861221044E-002
   158.000000000000000000000000000000000         4.4668395924845720E-002
   159.000000000000000000000000000000000         4.0879753098527968E-002
   160.000000000000000000000000000000000         3.7235134501668959E-002
   161.000000000000000000000000000000000         3.3739120183015656E-002
   162.000000000000000000000000000000000         3.0395948392525355E-002
   163.000000000000000000000000000000000         2.7209500562365860E-002
   164.000000000000000000000000000000000         2.4183879703034959E-002
   165.000000000000000000000000000000000         2.1322705888797183E-002
   166.000000000000000000000000000000000         1.8629506293428428E-002
   167.000000000000000000000000000000000         1.6107416035815517E-002
   168.000000000000000000000000000000000         1.3759655272450448E-002
   169.000000000000000000000000000000000         1.1589039372762365E-002
   170.000000000000000000000000000000000         9.5981300325763807E-003
   171.000000000000000000000000000000000         7.7895889777790306E-003
   172.000000000000000000000000000000000         6.1653806294079232E-003
   173.000000000000000000000000000000000         4.7275753922921141E-003
   174.000000000000000000000000000000000         3.4778705266023790E-003
   175.000000000000000000000000000000000         2.4179164395247577E-003
   176.000000000000000000000000000000000         1.5488922311901207E-003
   177.000000000000000000000000000000000         8.7186454636612723E-004
   178.000000000000000000000000000000000         3.8768978375332356E-004
   179.000000000000000000000000000000000         9.6951922642434662E-005
   180.000000000000000000000000000000000         2.4002259412566328E-015
   181.000000000000000000000000000000000         9.6953864975464780E-005
   182.000000000000000000000000000000000         3.8769601064056773E-004
   183.000000000000000000000000000000000         8.7187036390267228E-004
   184.000000000000000000000000000000000         1.5488895090196480E-003
   185.000000000000000000000000000000000         2.4179261039234652E-003
   186.000000000000000000000000000000000         3.4779232433870834E-003
   187.000000000000000000000000000000000         4.7275888564749973E-003
   188.000000000000000000000000000000000         6.1653964837289398E-003
   189.000000000000000000000000000000000         7.7896061761436727E-003
   190.000000000000000000000000000000000         9.5982582195447905E-003
   191.000000000000000000000000000000000         1.1589060221537202E-002
   192.000000000000000000000000000000000         1.3759679660683652E-002
   193.000000000000000000000000000000000         1.6107440433404122E-002
   194.000000000000000000000000000000000         1.8629505422972571E-002
   195.000000000000000000000000000000000         2.1322733716336657E-002
   196.000000000000000000000000000000000         2.4183902749508088E-002
   197.000000000000000000000000000000000         2.7209531684296791E-002
   198.000000000000000000000000000000000         3.0395883622578335E-002
   199.000000000000000000000000000000000         3.3739154447694382E-002
   200.000000000000000000000000000000000         3.7235213981978148E-002
   201.000000000000000000000000000000000         4.0879790339013504E-002
   202.000000000000000000000000000000000         4.4668359438358646E-002
   203.000000000000000000000000000000000         4.8596650896107672E-002
   204.000000000000000000000000000000000         5.2659556650643917E-002
   205.000000000000000000000000000000000         5.6852140347856114E-002
   206.000000000000000000000000000000000         6.1169466478512916E-002
   207.000000000000000000000000000000000         6.5606038777279121E-002
   208.000000000000000000000000000000000         7.0156660453323666E-002
   209.000000000000000000000000000000000         7.4815698068800118E-002
   210.000000000000000000000000000000000         7.9577434041290515E-002
   211.000000000000000000000000000000000         8.4436249685629419E-002
   212.000000000000000000000000000000000         8.9386030042666653E-002
   213.000000000000000000000000000000000         9.4420823264653009E-002
   214.000000000000000000000000000000000         9.9534427766744107E-002
   215.000000000000000000000000000000000        0.10472077496445781     
   216.000000000000000000000000000000000        0.10997324127423697     
   217.000000000000000000000000000000000        0.11528592445276037     
   218.000000000000000000000000000000000        0.12065191577519634     
   219.000000000000000000000000000000000        0.12606479938056009     
   220.000000000000000000000000000000000        0.13151794657977112     
   221.000000000000000000000000000000000        0.13700488614966316     
   222.000000000000000000000000000000000        0.14251875481081341     
   223.000000000000000000000000000000000        0.14805288575416606     
   224.000000000000000000000000000000000        0.15360047398684815     
   225.000000000000000000000000000000000        0.15915497344740720     
   226.000000000000000000000000000000000        0.16470939746989710     
   227.000000000000000000000000000000000        0.17025706097126517     
   228.000000000000000000000000000000000        0.17579127868734476     
   229.000000000000000000000000000000000        0.18130506006812011     
   230.000000000000000000000000000000000        0.18679214277785991     
   231.000000000000000000000000000000000        0.19224514599409037     
   232.000000000000000000000000000000000        0.19765818762998241     
   233.000000000000000000000000000000000        0.20302401974705858     
   234.000000000000000000000000000000000        0.20833673827420007     
   235.000000000000000000000000000000000        0.21358916773494943     
   236.000000000000000000000000000000000        0.21877565065497750     
   237.000000000000000000000000000000000        0.22388911761565788     
   238.000000000000000000000000000000000        0.22892406286800610     
   239.000000000000000000000000000000000        0.23387368906604902     
   240.000000000000000000000000000000000        0.23873255976070568     
   241.000000000000000000000000000000000        0.24349423825494360     
   242.000000000000000000000000000000000        0.24815332414687005     
   243.000000000000000000000000000000000        0.25270389483109057     
   244.000000000000000000000000000000000        0.25714066374066746     
   245.000000000000000000000000000000000        0.26145779027092847     
   246.000000000000000000000000000000000        0.26565045796225317     
   247.000000000000000000000000000000000        0.26971327647356264     
   248.000000000000000000000000000000000        0.27364130664883757     
   249.000000000000000000000000000000000        0.27743013353763490     
   250.000000000000000000000000000000000        0.28107465396255921     
   251.000000000000000000000000000000000        0.28457076570916617     
   252.000000000000000000000000000000000        0.28791386157130189     
   253.000000000000000000000000000000000        0.29110038454415643     
   254.000000000000000000000000000000000        0.29412592894308653     
   255.000000000000000000000000000000000        0.29698717839414779     
   256.000000000000000000000000000000000        0.29968030933657386     
   257.000000000000000000000000000000000        0.30220246738957851     
   258.000000000000000000000000000000000        0.30455034129565323     
   259.000000000000000000000000000000000        0.30672084316541370     
   260.000000000000000000000000000000000        0.30871139717430712     
   261.000000000000000000000000000000000        0.31052029264785058     
   262.000000000000000000000000000000000        0.31214411543250559     
   263.000000000000000000000000000000000        0.31358230529974951     
   264.000000000000000000000000000000000        0.31483179608715872     
   265.000000000000000000000000000000000        0.31589196330253078     
   266.000000000000000000000000000000000        0.31676090747777597     
   267.000000000000000000000000000000000        0.31743801423402102     
   268.000000000000000000000000000000000        0.31792200953764893     
   269.000000000000000000000000000000000        0.31821292588897293     
   270.000000000000000000000000000000000        0.31830978283704825     
   271.000000000000000000000000000000000        0.31821292297545678     
   272.000000000000000000000000000000000        0.31792200042873431     
   273.000000000000000000000000000000000        0.31743800550773554     
   274.000000000000000000000000000000000        0.31676108977273770     
   275.000000000000000000000000000000000        0.31589194880605787     
   276.000000000000000000000000000000000        0.31483212965866397     
   277.000000000000000000000000000000000        0.31358228510350977     
   278.000000000000000000000000000000000        0.31214457749008961     
   279.000000000000000000000000000000000        0.31052026685027656     
   280.000000000000000000000000000000000        0.30871182356240789     
   281.000000000000000000000000000000000        0.30672081189231681     
   282.000000000000000000000000000000000        0.30455047380466049     
   283.000000000000000000000000000000000        0.30220243079320558     
   284.000000000000000000000000000000000        0.29968052893334612     
   285.000000000000000000000000000000000        0.29698713665280818     
   286.000000000000000000000000000000000        0.29412606100947369     
   287.000000000000000000000000000000000        0.29110033786123957     
   288.000000000000000000000000000000000        0.28791412811562223     
   289.000000000000000000000000000000000        0.28457071431207009     
   290.000000000000000000000000000000000        0.28107461394707328     
   291.000000000000000000000000000000000        0.27743007767684730     
   292.000000000000000000000000000000000        0.27364146806331302     
   293.000000000000000000000000000000000        0.26971321642120227     
   294.000000000000000000000000000000000        0.26565057174189488     
   295.000000000000000000000000000000000        0.26145772631954300     
   296.000000000000000000000000000000000        0.25714050706510261     
   297.000000000000000000000000000000000        0.25270382729227869     
   298.000000000000000000000000000000000        0.24815341025641144     
   299.000000000000000000000000000000000        0.24349416745774657     
   300.000000000000000000000000000000000        0.23873266604637053     
   301.000000000000000000000000000000000        0.23387361535525802     
   302.000000000000000000000000000000000        0.22892400318101627     
   303.000000000000000000000000000000000        0.22388904135049439     
   304.000000000000000000000000000000000        0.21877568612834644     
   305.000000000000000000000000000000000        0.21358908928688708     
   306.000000000000000000000000000000000        0.20833662398462885     
   307.000000000000000000000000000000000        0.20302393949851474     
   308.000000000000000000000000000000000        0.19765787915118399     
   309.000000000000000000000000000000000        0.19224506433569241     
   310.000000000000000000000000000000000        0.18679183394060586     
   311.000000000000000000000000000000000        0.18130497739797813     
   312.000000000000000000000000000000000        0.17579116064165634     
   313.000000000000000000000000000000000        0.17025697769198458     
   314.000000000000000000000000000000000        0.16470928823047659     
   315.000000000000000000000000000000000        0.15915488996485835     
   316.000000000000000000000000000000000        0.15360018754966268     
   317.000000000000000000000000000000000        0.14805280247490149     
   318.000000000000000000000000000000000        0.14251858086398098     
   319.000000000000000000000000000000000        0.13700480347954547     
   320.000000000000000000000000000000000        0.13151766462984787     
   321.000000000000000000000000000000000        0.12606471772225269     
   322.000000000000000000000000000000000        0.12065176889739913     
   323.000000000000000000000000000000000        0.11528584420415165     
   324.000000000000000000000000000000000        0.10997323507278728     
   325.000000000000000000000000000000000        0.10472069651642905     
   326.000000000000000000000000000000000         9.9534395166331308E-002
   327.000000000000000000000000000000000         9.4420746999527322E-002
   328.000000000000000000000000000000000         8.9385870356181368E-002
   329.000000000000000000000000000000000         8.4436175974826541E-002
   330.000000000000000000000000000000000         7.9577404572891572E-002
   331.000000000000000000000000000000000         7.4815627271540439E-002
   332.000000000000000000000000000000000         7.0156763459347071E-002
   333.000000000000000000000000000000000         6.5605971238414607E-002
   334.000000000000000000000000000000000         6.1169325677291206E-002
   335.000000000000000000000000000000000         5.6852076396491813E-002
   336.000000000000000000000000000000000         5.2659389857065794E-002
   337.000000000000000000000000000000000         4.8596590843731101E-002
   338.000000000000000000000000000000000         4.4668386185065870E-002
   339.000000000000000000000000000000000         4.0879734478290110E-002
   340.000000000000000000000000000000000         3.7235129600592769E-002
   341.000000000000000000000000000000000         3.3739103050664798E-002
   342.000000000000000000000000000000000         3.0395833677167586E-002
   343.000000000000000000000000000000000         2.7209485001427777E-002
   344.000000000000000000000000000000000         2.4183699328333742E-002
   345.000000000000000000000000000000000         2.1322691975041590E-002
   346.000000000000000000000000000000000         1.8629427231890386E-002
   347.000000000000000000000000000000000         1.6107403837048059E-002
   348.000000000000000000000000000000000         1.3759639837587856E-002
   349.000000000000000000000000000000000         1.1589028948398809E-002
   350.000000000000000000000000000000000         9.5981983028267694E-003
   351.000000000000000000000000000000000         7.7895803786057760E-003
   352.000000000000000000000000000000000         6.1654323818565206E-003
   353.000000000000000000000000000000000         4.7275686602054039E-003
   354.000000000000000000000000000000000         3.4779049372221527E-003
   355.000000000000000000000000000000000         2.4179116073320631E-003
   356.000000000000000000000000000000000         1.5488760688278428E-003
   357.000000000000000000000000000000000         8.7186163760138145E-004
   358.000000000000000000000000000000000         3.8769028311875836E-004
   359.000000000000000000000000000000000         9.6950951482281905E-005
   360.000000000000000000000000000000000         1.3197413720870992E-013
