   1.00000000000000000000000000000000000         9.6952893807043030E-005
   2.00000000000000000000000000000000000         3.8769345305358975E-004
   3.00000000000000000000000000000000000         8.7186745512960796E-004
   4.00000000000000000000000000000000000         1.5488784017843947E-003
   5.00000000000000000000000000000000000         2.4179212717236895E-003
   6.00000000000000000000000000000000000         3.4779173116099064E-003
   7.00000000000000000000000000000000000         4.7275821243764329E-003
   8.00000000000000000000000000000000000         6.1654261540520418E-003
   9.00000000000000000000000000000000000         7.7895975769626145E-003
   10.0000000000000000000000000000000000         9.5982171817613222E-003
   11.0000000000000000000000000000000000         1.1589049797139586E-002
   12.0000000000000000000000000000000000         1.3759619076049367E-002
   13.0000000000000000000000000000000000         1.6107428234620125E-002
   14.0000000000000000000000000000000000         1.8629469023141654E-002
   15.0000000000000000000000000000000000         2.1322719802568540E-002
   16.0000000000000000000000000000000000         2.4183830636035648E-002
   17.0000000000000000000000000000000000         2.7209516123326175E-002
   18.0000000000000000000000000000000000         3.0395877967441521E-002
   19.0000000000000000000000000000000000         3.3739137315353801E-002
   20.0000000000000000000000000000000000         3.7235268632918636E-002
   21.0000000000000000000000000000000000         4.0879771718791848E-002
   22.0000000000000000000000000000000000         4.4668462512421930E-002
   23.0000000000000000000000000000000000         4.8596630878639073E-002
   24.0000000000000000000000000000000000         5.2659457837457298E-002
   25.0000000000000000000000000000000000         5.6852119030711350E-002
   26.0000000000000000000000000000000000         6.1169402661071813E-002
   27.0000000000000000000000000000000000         6.5606016264327396E-002
   28.0000000000000000000000000000000000         7.0156618352214442E-002
   29.0000000000000000000000000000000000         7.4815674469706106E-002
   30.0000000000000000000000000000000000         7.9577509905818217E-002
   31.0000000000000000000000000000000000         8.4436225115319480E-002
   32.0000000000000000000000000000000000         8.9385818261519173E-002
   33.0000000000000000000000000000000000         9.4420797842928408E-002
   34.0000000000000000000000000000000000         9.9534456416173617E-002
   35.0000000000000000000000000000000000        0.10472074881508382     
   36.0000000000000000000000000000000000        0.10997360370237784     
   37.0000000000000000000000000000000000        0.11528589770322981     
   38.0000000000000000000000000000000000        0.12065188503967353     
   39.0000000000000000000000000000000000        0.12606477216111714     
   40.0000000000000000000000000000000000        0.13151786037401675     
   41.0000000000000000000000000000000000        0.13700485859298242     
   42.0000000000000000000000000000000000        0.14251865830332094     
   43.0000000000000000000000000000000000        0.14805285799439388     
   44.0000000000000000000000000000000000        0.15360065863800820     
   45.0000000000000000000000000000000000        0.15915494561988791     
   46.0000000000000000000000000000000000        0.16470940717222984     
   47.0000000000000000000000000000000000        0.17025703321148650     
   48.0000000000000000000000000000000000        0.17579109304908999     
   49.0000000000000000000000000000000000        0.18130503251142546     
   50.0000000000000000000000000000000000        0.18679195916145488     
   51.0000000000000000000000000000000000        0.19224511877459557     
   52.0000000000000000000000000000000000        0.19765817705817601     
   53.0000000000000000000000000000000000        0.20302399299753646     
   54.0000000000000000000000000000000000        0.20833642703149491     
   55.0000000000000000000000000000000000        0.21358914158559300     
   56.0000000000000000000000000000000000        0.21877551758596675     
   57.0000000000000000000000000000000000        0.22388909219393630     
   58.0000000000000000000000000000000000        0.22892390543454597     
   59.0000000000000000000000000000000000        0.23387366449578012     
   60.0000000000000000000000000000000000        0.23873216505650446     
   61.0000000000000000000000000000000000        0.24349421465588025     
   62.0000000000000000000000000000000000        0.24815322015673311     
   63.0000000000000000000000000000000000        0.25270387231813563     
   64.0000000000000000000000000000000000        0.25714048436698828     
   65.0000000000000000000000000000000000        0.26145776895387141     
   66.0000000000000000000000000000000000        0.26565033282360351     
   67.0000000000000000000000000000000000        0.26971325645610467     
   68.0000000000000000000000000000000000        0.27364150840748203     
   69.0000000000000000000000000000000000        0.27743011491736341     
   70.0000000000000000000000000000000000        0.28107485520396458     
   71.0000000000000000000000000000000000        0.28457074857679732     
   72.0000000000000000000000000000000000        0.28791394748750299     
   73.0000000000000000000000000000000000        0.29110036898315472     
   74.0000000000000000000000000000000000        0.29412582265140563     
   75.0000000000000000000000000000000000        0.29698716448036677     
   76.0000000000000000000000000000000000        0.29968027409697123     
   77.0000000000000000000000000000000000        0.30220245519078509     
   78.0000000000000000000000000000000000        0.30455009157033885     
   79.0000000000000000000000000000000000        0.30672083274107853     
   80.0000000000000000000000000000000000        0.30871190851855251     
   81.0000000000000000000000000000000000        0.31052028404865778     
   82.0000000000000000000000000000000000        0.31214451395972265     
   83.0000000000000000000000000000000000        0.31358229856771719     
   84.0000000000000000000000000000000000        0.31483171618624495     
   85.0000000000000000000000000000000000        0.31589195847037860     
   86.0000000000000000000000000000000000        0.31676108821511606     
   87.0000000000000000000000000000000000        0.31743801132528776     
   88.0000000000000000000000000000000000        0.31792218304681774     
   89.0000000000000000000000000000000000        0.31821292491782127     
   90.0000000000000000000000000000000000        0.31830978780495628     
   91.0000000000000000000000000000000000        0.31821292394662570     
   92.0000000000000000000000000000000000        0.31792219402814104     
   93.0000000000000000000000000000000000        0.31743800841646597     
   94.0000000000000000000000000000000000        0.31676102840665343     
   95.0000000000000000000000000000000000        0.31589195363822525     
   96.0000000000000000000000000000000000        0.31483194025648059     
   97.0000000000000000000000000000000000        0.31358229183561293     
   98.0000000000000000000000000000000000        0.31214442466616965     
   99.0000000000000000000000000000000000        0.31052027544940131     
   100.000000000000000000000000000000000        0.30871144441819687     
   101.000000000000000000000000000000000        0.30672082231670034     
   102.000000000000000000000000000000000        0.30455028716160598     
   103.000000000000000000000000000000000        0.30220244299201982     
   104.000000000000000000000000000000000        0.29968031773183090     
   105.000000000000000000000000000000000        0.29698715056658542     
   106.000000000000000000000000000000000        0.29412583706865369     
   107.000000000000000000000000000000000        0.29110035342218543     
   108.000000000000000000000000000000000        0.28791402387583126     
   109.000000000000000000000000000000000        0.28457073144450096     
   110.000000000000000000000000000000000        0.28107476797007996     
   111.000000000000000000000000000000000        0.27743009629708137     
   112.000000000000000000000000000000000        0.27364157114707355     
   113.000000000000000000000000000000000        0.26971323643864675     
   114.000000000000000000000000000000000        0.26565042137795847     
   115.000000000000000000000000000000000        0.26145774763672136     
   116.000000000000000000000000000000000        0.25714033268000963     
   117.000000000000000000000000000000000        0.25270384980524202     
   118.000000000000000000000000000000000        0.24815312234264389     
   119.000000000000000000000000000000000        0.24349419105672937     
   120.000000000000000000000000000000000        0.23873253845762910     
   121.000000000000000000000000000000000        0.23387363992555008     
   122.000000000000000000000000000000000        0.22892395813561819     
   123.000000000000000000000000000000000        0.22388906677219200     
   124.000000000000000000000000000000000        0.21877527603171326     
   125.000000000000000000000000000000000        0.21358911543626047     
   126.000000000000000000000000000000000        0.20833653856544973     
   127.000000000000000000000000000000000        0.20302396624799476     
   128.000000000000000000000000000000000        0.19765792135196164     
   129.000000000000000000000000000000000        0.19224509155520045     
   130.000000000000000000000000000000000        0.18679178368653540     
   131.000000000000000000000000000000000        0.18130500495469007     
   132.000000000000000000000000000000000        0.17579107170163638     
   133.000000000000000000000000000000000        0.17025700545176323     
   134.000000000000000000000000000000000        0.16470924226996014     
   135.000000000000000000000000000000000        0.15915491779234989     
   136.000000000000000000000000000000000        0.15360045823373156     
   137.000000000000000000000000000000000        0.14805283023468374     
   138.000000000000000000000000000000000        0.14251848244372428     
   139.000000000000000000000000000000000        0.13700483103624020     
   140.000000000000000000000000000000000        0.13151791086449585     
   141.000000000000000000000000000000000        0.12606474494169667     
   142.000000000000000000000000000000000        0.12065166358033401     
   143.000000000000000000000000000000000        0.11528587095366986     
   144.000000000000000000000000000000000        0.10997326332066161     
   145.000000000000000000000000000000000        0.10472072266576407     
   146.000000000000000000000000000000000         9.9534592393883861E-002
   147.000000000000000000000000000000000         9.4420772421212426E-002
   148.000000000000000000000000000000000         8.9385990710748070E-002
   149.000000000000000000000000000000000         8.4436200545080692E-002
   150.000000000000000000000000000000000         7.9577427245150836E-002
   151.000000000000000000000000000000000         7.4815650870607653E-002
   152.000000000000000000000000000000000         7.0156602039877516E-002
   153.000000000000000000000000000000000         6.5605993751392283E-002
   154.000000000000000000000000000000000         6.1169381019369501E-002
   155.000000000000000000000000000000000         5.6852097713589657E-002
   156.000000000000000000000000000000000         5.2659506453146668E-002
   157.000000000000000000000000000000000         4.8596610861210830E-002
   158.000000000000000000000000000000000         4.4668412503472185E-002
   159.000000000000000000000000000000000         4.0879753098529072E-002
   160.000000000000000000000000000000000         3.7235146530996376E-002
   161.000000000000000000000000000000000         3.3739120183014656E-002
   162.000000000000000000000000000000000         3.0395920276882919E-002
   163.000000000000000000000000000000000         2.7209500562367171E-002
   164.000000000000000000000000000000000         2.4183880757776305E-002
   165.000000000000000000000000000000000         2.1322705888799566E-002
   166.000000000000000000000000000000000         1.8629487568155124E-002
   167.000000000000000000000000000000000         1.6107416035818955E-002
   168.000000000000000000000000000000000         1.3759655856751806E-002
   169.000000000000000000000000000000000         1.1589039372764738E-002
   170.000000000000000000000000000000000         9.5981595247029618E-003
   171.000000000000000000000000000000000         7.7895889777790011E-003
   172.000000000000000000000000000000000         6.1653823065355049E-003
   173.000000000000000000000000000000000         4.7275753922907766E-003
   174.000000000000000000000000000000000         3.4778860404268840E-003
   175.000000000000000000000000000000000         2.4179164395247699E-003
   176.000000000000000000000000000000000         1.5488880476510162E-003
   177.000000000000000000000000000000000         8.7186454636545556E-004
   178.000000000000000000000000000000000         3.8769043535062176E-004
   179.000000000000000000000000000000000         9.6951922642207481E-005
   180.000000000000000000000000000000000         2.4124673163375732E-015
   181.000000000000000000000000000000000         9.6953864975581590E-005
   182.000000000000000000000000000000000         3.8769577821410890E-004
   183.000000000000000000000000000000000         8.7187036390291655E-004
   184.000000000000000000000000000000000         1.5488892723829230E-003
   185.000000000000000000000000000000000         2.4179261039245412E-003
   186.000000000000000000000000000000000         3.4779232433838833E-003
   187.000000000000000000000000000000000         4.7275888564726120E-003
   188.000000000000000000000000000000000         6.1653979671646595E-003
   189.000000000000000000000000000000000         7.7896061761428444E-003
   190.000000000000000000000000000000000         9.5982465561012097E-003
   191.000000000000000000000000000000000         1.1589060221532577E-002
   192.000000000000000000000000000000000         1.3759679584667547E-002
   193.000000000000000000000000000000000         1.6107440433403147E-002
   194.000000000000000000000000000000000         1.8629496877629333E-002
   195.000000000000000000000000000000000         2.1322733716337403E-002
   196.000000000000000000000000000000000         2.4183906234791473E-002
   197.000000000000000000000000000000000         2.7209531684294054E-002
   198.000000000000000000000000000000000         3.0395892262897396E-002
   199.000000000000000000000000000000000         3.3739154447694854E-002
   200.000000000000000000000000000000000         3.7235209532025741E-002
   201.000000000000000000000000000000000         4.0879790339024093E-002
   202.000000000000000000000000000000000         4.4668404351365529E-002
   203.000000000000000000000000000000000         4.8596650896105140E-002
   204.000000000000000000000000000000000         5.2659543392457153E-002
   205.000000000000000000000000000000000         5.6852140347852763E-002
   206.000000000000000000000000000000000         6.1169441192721608E-002
   207.000000000000000000000000000000000         6.5606038777275541E-002
   208.000000000000000000000000000000000         7.0156657669101383E-002
   209.000000000000000000000000000000000         7.4815698068796260E-002
   210.000000000000000000000000000000000         7.9577457948514729E-002
   211.000000000000000000000000000000000         8.4436249685615000E-002
   212.000000000000000000000000000000000         8.9386031965298915E-002
   213.000000000000000000000000000000000         9.4420823264650997E-002
   214.000000000000000000000000000000000         9.9534447438606358E-002
   215.000000000000000000000000000000000        0.10472077496444261     
   216.000000000000000000000000000000000        0.10997329721394600     
   217.000000000000000000000000000000000        0.11528592445276764     
   218.000000000000000000000000000000000        0.12065191243210582     
   219.000000000000000000000000000000000        0.12606479938056159     
   220.000000000000000000000000000000000        0.13151796939593274     
   221.000000000000000000000000000000000        0.13700488614967482     
   222.000000000000000000000000000000000        0.14251875361364635     
   223.000000000000000000000000000000000        0.14805288575416184     
   224.000000000000000000000000000000000        0.15360050114487905     
   225.000000000000000000000000000000000        0.15915497344741358     
   226.000000000000000000000000000000000        0.16470939873975962     
   227.000000000000000000000000000000000        0.17025706097125012     
   228.000000000000000000000000000000000        0.17579124708710661     
   229.000000000000000000000000000000000        0.18130506006811817     
   230.000000000000000000000000000000000        0.18679206584770180     
   231.000000000000000000000000000000000        0.19224514599406997     
   232.000000000000000000000000000000000        0.19765813118180497     
   233.000000000000000000000000000000000        0.20302401974707029     
   234.000000000000000000000000000000000        0.20833666873863013     
   235.000000000000000000000000000000000        0.21358916773493630     
   236.000000000000000000000000000000000        0.21877557948097281     
   237.000000000000000000000000000000000        0.22388911761565800     
   238.000000000000000000000000000000000        0.22892400323549950     
   239.000000000000000000000000000000000        0.23387368906605138     
   240.000000000000000000000000000000000        0.23873251465290216     
   241.000000000000000000000000000000000        0.24349423825494240     
   242.000000000000000000000000000000000        0.24815330822982803     
   243.000000000000000000000000000000000        0.25270389483109829     
   244.000000000000000000000000000000000        0.25714061434349667     
   245.000000000000000000000000000000000        0.26145779027094934     
   246.000000000000000000000000000000000        0.26565043894986717     
   247.000000000000000000000000000000000        0.26971327647355470     
   248.000000000000000000000000000000000        0.27364135960472469     
   249.000000000000000000000000000000000        0.27743013353762414     
   250.000000000000000000000000000000000        0.28107467881066694     
   251.000000000000000000000000000000000        0.28457076570916617     
   252.000000000000000000000000000000000        0.28791391816940848     
   253.000000000000000000000000000000000        0.29110038454414267     
   254.000000000000000000000000000000000        0.29412595656408830     
   255.000000000000000000000000000000000        0.29698717839412553     
   256.000000000000000000000000000000000        0.29968035378719515     
   257.000000000000000000000000000000000        0.30220246738957851     
   258.000000000000000000000000000000000        0.30455029788502658     
   259.000000000000000000000000000000000        0.30672084316541937     
   260.000000000000000000000000000000000        0.30871150148855508     
   261.000000000000000000000000000000000        0.31052029264783920     
   262.000000000000000000000000000000000        0.31214425895670672     
   263.000000000000000000000000000000000        0.31358230529975523     
   264.000000000000000000000000000000000        0.31483186111292122     
   265.000000000000000000000000000000000        0.31589196330255082     
   266.000000000000000000000000000000000        0.31676094165687746     
   267.000000000000000000000000000000000        0.31743801423402390     
   268.000000000000000000000000000000000        0.31792207636849085     
   269.000000000000000000000000000000000        0.31821292588896427     
   270.000000000000000000000000000000000        0.31830981846403067     
   271.000000000000000000000000000000000        0.31821292297545389     
   272.000000000000000000000000000000000        0.31792206849835697     
   273.000000000000000000000000000000000        0.31743800550772977     
   274.000000000000000000000000000000000        0.31676105083691447     
   275.000000000000000000000000000000000        0.31589194880602917     
   276.000000000000000000000000000000000        0.31483206236711719     
   277.000000000000000000000000000000000        0.31358228510350405     
   278.000000000000000000000000000000000        0.31214453811963244     
   279.000000000000000000000000000000000        0.31052026685027656     
   280.000000000000000000000000000000000        0.30871175634159598     
   281.000000000000000000000000000000000        0.30672081189230832     
   282.000000000000000000000000000000000        0.30455036762873972     
   283.000000000000000000000000000000000        0.30220243079320841     
   284.000000000000000000000000000000000        0.29968047580760437     
   285.000000000000000000000000000000000        0.29698713665279980     
   286.000000000000000000000000000000000        0.29412602215465733     
   287.000000000000000000000000000000000        0.29110033786123957     
   288.000000000000000000000000000000000        0.28791406571166578     
   289.000000000000000000000000000000000        0.28457071431209735     
   290.000000000000000000000000000000000        0.28107463364993124     
   291.000000000000000000000000000000000        0.27743007767684458     
   292.000000000000000000000000000000000        0.27364143829221266     
   293.000000000000000000000000000000000        0.26971321642119434     
   294.000000000000000000000000000000000        0.26565048643697226     
   295.000000000000000000000000000000000        0.26145772631956388     
   296.000000000000000000000000000000000        0.25714049193807775     
   297.000000000000000000000000000000000        0.25270382729227359     
   298.000000000000000000000000000000000        0.24815333577617341     
   299.000000000000000000000000000000000        0.24349416745772012     
   300.000000000000000000000000000000000        0.23873255360370299     
   301.000000000000000000000000000000000        0.23387361535527035     
   302.000000000000000000000000000000000        0.22892393776205602     
   303.000000000000000000000000000000000        0.22388904135049800     
   304.000000000000000000000000000000000        0.21877557239411197     
   305.000000000000000000000000000000000        0.21358908928690243     
   306.000000000000000000000000000000000        0.20833656760540023     
   307.000000000000000000000000000000000        0.20302393949849404     
   308.000000000000000000000000000000000        0.19765790847264497     
   309.000000000000000000000000000000000        0.19224506433570585     
   310.000000000000000000000000000000000        0.18679184245845395     
   311.000000000000000000000000000000000        0.18130497739797052     
   312.000000000000000000000000000000000        0.17579114224583714     
   313.000000000000000000000000000000000        0.17025697769198353     
   314.000000000000000000000000000000000        0.16470929923110061     
   315.000000000000000000000000000000000        0.15915488996484409     
   316.000000000000000000000000000000000        0.15360029125070057     
   317.000000000000000000000000000000000        0.14805280247490543     
   318.000000000000000000000000000000000        0.14251861394870896     
   319.000000000000000000000000000000000        0.13700480347954261     
   320.000000000000000000000000000000000        0.13151776275612861     
   321.000000000000000000000000000000000        0.12606471772225450     
   322.000000000000000000000000000000000        0.12065179039241625     
   323.000000000000000000000000000000000        0.11528584420415165     
   324.000000000000000000000000000000000        0.10997326341430634     
   325.000000000000000000000000000000000        0.10472069651643071     
   326.000000000000000000000000000000000         9.9534397945144848E-002
   327.000000000000000000000000000000000         9.4420746999515553E-002
   328.000000000000000000000000000000000         8.9385904197085003E-002
   329.000000000000000000000000000000000         8.4436175974828026E-002
   330.000000000000000000000000000000000         7.9577412331232625E-002
   331.000000000000000000000000000000000         7.4815627271536247E-002
   332.000000000000000000000000000000000         7.0156695741107500E-002
   333.000000000000000000000000000000000         6.5605971238419838E-002
   334.000000000000000000000000000000000         6.1169328676238997E-002
   335.000000000000000000000000000000000         5.6852076396482071E-002
   336.000000000000000000000000000000000         5.2659416096253610E-002
   337.000000000000000000000000000000000         4.8596590843736728E-002
   338.000000000000000000000000000000000         4.4668399147473212E-002
   339.000000000000000000000000000000000         4.0879734478286495E-002
   340.000000000000000000000000000000000         3.7235136733517991E-002
   341.000000000000000000000000000000000         3.3739103050669725E-002
   342.000000000000000000000000000000000         3.0395842647620470E-002
   343.000000000000000000000000000000000         2.7209485001422933E-002
   344.000000000000000000000000000000000         2.4183762833043791E-002
   345.000000000000000000000000000000000         2.1322691975041962E-002
   346.000000000000000000000000000000000         1.8629433390854939E-002
   347.000000000000000000000000000000000         1.6107403837045953E-002
   348.000000000000000000000000000000000         1.3759641973970956E-002
   349.000000000000000000000000000000000         1.1589028948398328E-002
   350.000000000000000000000000000000000         9.5981984651566151E-003
   351.000000000000000000000000000000000         7.7895803786052686E-003
   352.000000000000000000000000000000000         6.1654116536564068E-003
   353.000000000000000000000000000000000         4.7275686602055349E-003
   354.000000000000000000000000000000000         3.4779052950998507E-003
   355.000000000000000000000000000000000         2.4179116073317019E-003
   356.000000000000000000000000000000000         1.5488765190487311E-003
   357.000000000000000000000000000000000         8.7186163760168307E-004
   358.000000000000000000000000000000000         3.8769001452455945E-004
   359.000000000000000000000000000000000         9.6950951482226109E-005
   360.000000000000000000000000000000000         3.5763609334443940E-014
