   1.00000000000000000000000000000000000         9.6952893806930395E-005
   2.00000000000000000000000000000000000         3.8769345305336678E-004
   3.00000000000000000000000000000000000         8.7186745512991284E-004
   4.00000000000000000000000000000000000         1.5488794449603173E-003
   5.00000000000000000000000000000000000         2.4179212717235729E-003
   6.00000000000000000000000000000000000         3.4779173346777630E-003
   7.00000000000000000000000000000000000         4.7275821243764537E-003
   8.00000000000000000000000000000000000         6.1654208793664881E-003
   9.00000000000000000000000000000000000         7.7895975769618087E-003
   10.0000000000000000000000000000000000         9.5982172744042190E-003
   11.0000000000000000000000000000000000         1.1589049797140443E-002
   12.0000000000000000000000000000000000         1.3759626823077117E-002
   13.0000000000000000000000000000000000         1.6107428234618595E-002
   14.0000000000000000000000000000000000         1.8629469129224852E-002
   15.0000000000000000000000000000000000         2.1322719802568689E-002
   16.0000000000000000000000000000000000         2.4183841153508762E-002
   17.0000000000000000000000000000000000         2.7209516123326286E-002
   18.0000000000000000000000000000000000         3.0395879895991618E-002
   19.0000000000000000000000000000000000         3.3739137315353676E-002
   20.0000000000000000000000000000000000         3.7235255316041098E-002
   21.0000000000000000000000000000000000         4.0879771718790564E-002
   22.0000000000000000000000000000000000         4.4668461993336579E-002
   23.0000000000000000000000000000000000         4.8596630878640246E-002
   24.0000000000000000000000000000000000         5.2659464622237653E-002
   25.0000000000000000000000000000000000         5.6852119030712141E-002
   26.0000000000000000000000000000000000         6.1169398686345924E-002
   27.0000000000000000000000000000000000         6.5606016264326369E-002
   28.0000000000000000000000000000000000         7.0156620191181893E-002
   29.0000000000000000000000000000000000         7.4815674469705024E-002
   30.0000000000000000000000000000000000         7.9577504133540283E-002
   31.0000000000000000000000000000000000         8.4436225115322186E-002
   32.0000000000000000000000000000000000         8.9385848556623210E-002
   33.0000000000000000000000000000000000         9.4420797842928200E-002
   34.0000000000000000000000000000000000         9.9534456056573531E-002
   35.0000000000000000000000000000000000        0.10472074881508468     
   36.0000000000000000000000000000000000        0.10997356572365009     
   37.0000000000000000000000000000000000        0.11528589770323049     
   38.0000000000000000000000000000000000        0.12065188422937777     
   39.0000000000000000000000000000000000        0.12606477216111903     
   40.0000000000000000000000000000000000        0.13151787921297345     
   41.0000000000000000000000000000000000        0.13700485859298095     
   42.0000000000000000000000000000000000        0.14251866867026278     
   43.0000000000000000000000000000000000        0.14805285799439619     
   44.0000000000000000000000000000000000        0.15360063646422767     
   45.0000000000000000000000000000000000        0.15915494561988791     
   46.0000000000000000000000000000000000        0.16470940178091081     
   47.0000000000000000000000000000000000        0.17025703321148539     
   48.0000000000000000000000000000000000        0.17579110475759030     
   49.0000000000000000000000000000000000        0.18130503251142063     
   50.0000000000000000000000000000000000        0.18679195161085083     
   51.0000000000000000000000000000000000        0.19224511877459674     
   52.0000000000000000000000000000000000        0.19765815082561933     
   53.0000000000000000000000000000000000        0.20302399299753796     
   54.0000000000000000000000000000000000        0.20833644287729580     
   55.0000000000000000000000000000000000        0.21358914158559239     
   56.0000000000000000000000000000000000        0.21877550471785390     
   57.0000000000000000000000000000000000        0.22388909219393693     
   58.0000000000000000000000000000000000        0.22892390137135823     
   59.0000000000000000000000000000000000        0.23387366449578398     
   60.0000000000000000000000000000000000        0.23873220468351483     
   61.0000000000000000000000000000000000        0.24349421465587598     
   62.0000000000000000000000000000000000        0.24815322626809688     
   63.0000000000000000000000000000000000        0.25270387231814029     
   64.0000000000000000000000000000000000        0.25714048854100041     
   65.0000000000000000000000000000000000        0.26145776895386935     
   66.0000000000000000000000000000000000        0.26565034135538390     
   67.0000000000000000000000000000000000        0.26971325645610261     
   68.0000000000000000000000000000000000        0.27364149567468582     
   69.0000000000000000000000000000000000        0.27743011491736197     
   70.0000000000000000000000000000000000        0.28107483101021064     
   71.0000000000000000000000000000000000        0.28457074857680226     
   72.0000000000000000000000000000000000        0.28791395504043249     
   73.0000000000000000000000000000000000        0.29110036898315617     
   74.0000000000000000000000000000000000        0.29412584867261959     
   75.0000000000000000000000000000000000        0.29698716448036022     
   76.0000000000000000000000000000000000        0.29968029621267789     
   77.0000000000000000000000000000000000        0.30220245519078659     
   78.0000000000000000000000000000000000        0.30455011103470286     
   79.0000000000000000000000000000000000        0.30672083274107481     
   80.0000000000000000000000000000000000        0.30871186996029565     
   81.0000000000000000000000000000000000        0.31052028404865556     
   82.0000000000000000000000000000000000        0.31214450992609533     
   83.0000000000000000000000000000000000        0.31358229856771125     
   84.0000000000000000000000000000000000        0.31483175511911660     
   85.0000000000000000000000000000000000        0.31589195847038010     
   86.0000000000000000000000000000000000        0.31676107337912762     
   87.0000000000000000000000000000000000        0.31743801132528404     
   88.0000000000000000000000000000000000        0.31792218333050976     
   89.0000000000000000000000000000000000        0.31821292491781600     
   90.0000000000000000000000000000000000        0.31830980193985881     
   91.0000000000000000000000000000000000        0.31821292394662498     
   92.0000000000000000000000000000000000        0.31792219227144242     
   93.0000000000000000000000000000000000        0.31743800841647046     
   94.0000000000000000000000000000000000        0.31676102240260551     
   95.0000000000000000000000000000000000        0.31589195363821926     
   96.0000000000000000000000000000000000        0.31483194289632094     
   97.0000000000000000000000000000000000        0.31358229183560921     
   98.0000000000000000000000000000000000        0.31214443352042281     
   99.0000000000000000000000000000000000        0.31052027544941097     
   100.000000000000000000000000000000000        0.30871147763616980     
   101.000000000000000000000000000000000        0.30672082231669662     
   102.000000000000000000000000000000000        0.30455027395601103     
   103.000000000000000000000000000000000        0.30220244299201765     
   104.000000000000000000000000000000000        0.29968033089505008     
   105.000000000000000000000000000000000        0.29698715056658104     
   106.000000000000000000000000000000000        0.29412585848509054     
   107.000000000000000000000000000000000        0.29110035342218832     
   108.000000000000000000000000000000000        0.28791401678482242     
   109.000000000000000000000000000000000        0.28457073144449885     
   110.000000000000000000000000000000000        0.28107475472580534     
   111.000000000000000000000000000000000        0.27743009629708421     
   112.000000000000000000000000000000000        0.27364154545581892     
   113.000000000000000000000000000000000        0.26971323643864537     
   114.000000000000000000000000000000000        0.26565041266222666     
   115.000000000000000000000000000000000        0.26145774763672269     
   116.000000000000000000000000000000000        0.25714035734221591     
   117.000000000000000000000000000000000        0.25270384980523802     
   118.000000000000000000000000000000000        0.24815314025569307     
   119.000000000000000000000000000000000        0.24349419105673539     
   120.000000000000000000000000000000000        0.23873251532141207     
   121.000000000000000000000000000000000        0.23387363992554969     
   122.000000000000000000000000000000000        0.22892394180206665     
   123.000000000000000000000000000000000        0.22388906677219711     
   124.000000000000000000000000000000000        0.21877529722986386     
   125.000000000000000000000000000000000        0.21358911543626011     
   126.000000000000000000000000000000000        0.20833653262185522     
   127.000000000000000000000000000000000        0.20302396624799632     
   128.000000000000000000000000000000000        0.19765793123076839     
   129.000000000000000000000000000000000        0.19224509155519484     
   130.000000000000000000000000000000000        0.18679179951542699     
   131.000000000000000000000000000000000        0.18130500495468807     
   132.000000000000000000000000000000000        0.17579108241103603     
   133.000000000000000000000000000000000        0.17025700545175801     
   134.000000000000000000000000000000000        0.16470925852469506     
   135.000000000000000000000000000000000        0.15915491779235066     
   136.000000000000000000000000000000000        0.15360046331159097     
   137.000000000000000000000000000000000        0.14805283023467991     
   138.000000000000000000000000000000000        0.14251851620820979     
   139.000000000000000000000000000000000        0.13700483103624267     
   140.000000000000000000000000000000000        0.13151791740420565     
   141.000000000000000000000000000000000        0.12606474494169595     
   142.000000000000000000000000000000000        0.12065169347398663     
   143.000000000000000000000000000000000        0.11528587095367349     
   144.000000000000000000000000000000000        0.10997327490765900     
   145.000000000000000000000000000000000        0.10472072266576343     
   146.000000000000000000000000000000000         9.9534566490230014E-002
   147.000000000000000000000000000000000         9.4420772421212218E-002
   148.000000000000000000000000000000000         8.9385989827899928E-002
   149.000000000000000000000000000000000         8.4436200545080886E-002
   150.000000000000000000000000000000000         7.9577430719396908E-002
   151.000000000000000000000000000000000         7.4815650870608569E-002
   152.000000000000000000000000000000000         7.0156602811834445E-002
   153.000000000000000000000000000000000         6.5605993751389216E-002
   154.000000000000000000000000000000000         6.1169376999376295E-002
   155.000000000000000000000000000000000         5.6852097713589733E-002
   156.000000000000000000000000000000000         5.2659502296520957E-002
   157.000000000000000000000000000000000         4.8596610861208187E-002
   158.000000000000000000000000000000000         4.4668416828331774E-002
   159.000000000000000000000000000000000         4.0879753098529342E-002
   160.000000000000000000000000000000000         3.7235149669082111E-002
   161.000000000000000000000000000000000         3.3739120183014414E-002
   162.000000000000000000000000000000000         3.0395912942369638E-002
   163.000000000000000000000000000000000         2.7209500562367501E-002
   164.000000000000000000000000000000000         2.4183881032926222E-002
   165.000000000000000000000000000000000         2.1322705888800197E-002
   166.000000000000000000000000000000000         1.8629482683302764E-002
   167.000000000000000000000000000000000         1.6107416035819843E-002
   168.000000000000000000000000000000000         1.3759656009178249E-002
   169.000000000000000000000000000000000         1.1589039372765375E-002
   170.000000000000000000000000000000000         9.5981672183086536E-003
   171.000000000000000000000000000000000         7.7895889777789794E-003
   172.000000000000000000000000000000000         6.1653827440470849E-003
   173.000000000000000000000000000000000         4.7275753922904409E-003
   174.000000000000000000000000000000000         3.4778900875172278E-003
   175.000000000000000000000000000000000         2.4179164395247660E-003
   176.000000000000000000000000000000000         1.5488869562939179E-003
   177.000000000000000000000000000000000         8.7186454636528513E-004
   178.000000000000000000000000000000000         3.8769060533261568E-004
   179.000000000000000000000000000000000         9.6951922642146685E-005
   180.000000000000000000000000000000000         2.4156658393936188E-015
   181.000000000000000000000000000000000         9.6953864975610484E-005
   182.000000000000000000000000000000000         3.8769571758113109E-004
   183.000000000000000000000000000000000         8.7187036390298474E-004
   184.000000000000000000000000000000000         1.5488892106516063E-003
   185.000000000000000000000000000000000         2.4179261039248149E-003
   186.000000000000000000000000000000000         3.4779232433830485E-003
   187.000000000000000000000000000000000         4.7275888564720049E-003
   188.000000000000000000000000000000000         6.1653983541479201E-003
   189.000000000000000000000000000000000         7.7896061761426093E-003
   190.000000000000000000000000000000000         9.5982435134649192E-003
   191.000000000000000000000000000000000         1.1589060221531394E-002
   192.000000000000000000000000000000000         1.3759679564837259E-002
   193.000000000000000000000000000000000         1.6107440433402894E-002
   194.000000000000000000000000000000000         1.8629494648409680E-002
   195.000000000000000000000000000000000         2.1322733716337597E-002
   196.000000000000000000000000000000000         2.4183907143995875E-002
   197.000000000000000000000000000000000         2.7209531684293339E-002
   198.000000000000000000000000000000000         3.0395894516893875E-002
   199.000000000000000000000000000000000         3.3739154447694972E-002
   200.000000000000000000000000000000000         3.7235208371168636E-002
   201.000000000000000000000000000000000         4.0879790339026854E-002
   202.000000000000000000000000000000000         4.4668416067805819E-002
   203.000000000000000000000000000000000         4.8596650896104480E-002
   204.000000000000000000000000000000000         5.2659539933800008E-002
   205.000000000000000000000000000000000         5.6852140347851889E-002
   206.000000000000000000000000000000000         6.1169434596429081E-002
   207.000000000000000000000000000000000         6.5606038777274694E-002
   208.000000000000000000000000000000000         7.0156656942782530E-002
   209.000000000000000000000000000000000         7.4815698068795164E-002
   210.000000000000000000000000000000000         7.9577464185182509E-002
   211.000000000000000000000000000000000         8.4436249685611323E-002
   212.000000000000000000000000000000000         8.9386032466855156E-002
   213.000000000000000000000000000000000         9.4420823264650372E-002
   214.000000000000000000000000000000000         9.9534452570396822E-002
   215.000000000000000000000000000000000        0.10472077496443874     
   216.000000000000000000000000000000000        0.10997331180691591     
   217.000000000000000000000000000000000        0.11528592445276946     
   218.000000000000000000000000000000000        0.12065191155999526     
   219.000000000000000000000000000000000        0.12606479938056206     
   220.000000000000000000000000000000000        0.13151797534797524     
   221.000000000000000000000000000000000        0.13700488614967779     
   222.000000000000000000000000000000000        0.14251875330134189     
   223.000000000000000000000000000000000        0.14805288575416081     
   224.000000000000000000000000000000000        0.15360050822958315     
   225.000000000000000000000000000000000        0.15915497344741517     
   226.000000000000000000000000000000000        0.16470939907102811     
   227.000000000000000000000000000000000        0.17025706097124629     
   228.000000000000000000000000000000000        0.17579123884356671     
   229.000000000000000000000000000000000        0.18130506006811761     
   230.000000000000000000000000000000000        0.18679204577896752     
   231.000000000000000000000000000000000        0.19224514599406470     
   232.000000000000000000000000000000000        0.19765811645619480     
   233.000000000000000000000000000000000        0.20302401974707329     
   234.000000000000000000000000000000000        0.20833665059891812     
   235.000000000000000000000000000000000        0.21358916773493292     
   236.000000000000000000000000000000000        0.21877556091384304     
   237.000000000000000000000000000000000        0.22388911761565800     
   238.000000000000000000000000000000000        0.22892398767919470     
   239.000000000000000000000000000000000        0.23387368906605202     
   240.000000000000000000000000000000000        0.23873250288564979     
   241.000000000000000000000000000000000        0.24349423825494207     
   242.000000000000000000000000000000000        0.24815330407755629     
   243.000000000000000000000000000000000        0.25270389483110028     
   244.000000000000000000000000000000000        0.25714060145727902     
   245.000000000000000000000000000000000        0.26145779027095478     
   246.000000000000000000000000000000000        0.26565043399011440     
   247.000000000000000000000000000000000        0.26971327647355259     
   248.000000000000000000000000000000000        0.27364137341930478     
   249.000000000000000000000000000000000        0.27743013353762136     
   250.000000000000000000000000000000000        0.28107468529278218     
   251.000000000000000000000000000000000        0.28457076570916617     
   252.000000000000000000000000000000000        0.28791393293413281     
   253.000000000000000000000000000000000        0.29110038454413906     
   254.000000000000000000000000000000000        0.29412596376956723     
   255.000000000000000000000000000000000        0.29698717839411970     
   256.000000000000000000000000000000000        0.29968036538300996     
   257.000000000000000000000000000000000        0.30220246738957851     
   258.000000000000000000000000000000000        0.30455028656051575     
   259.000000000000000000000000000000000        0.30672084316542086     
   260.000000000000000000000000000000000        0.30871152870097052     
   261.000000000000000000000000000000000        0.31052029264783620     
   262.000000000000000000000000000000000        0.31214429639780816     
   263.000000000000000000000000000000000        0.31358230529975673     
   264.000000000000000000000000000000000        0.31483187807616475     
   265.000000000000000000000000000000000        0.31589196330255609     
   266.000000000000000000000000000000000        0.31676095057316511     
   267.000000000000000000000000000000000        0.31743801423402462     
   268.000000000000000000000000000000000        0.31792209380262471     
   269.000000000000000000000000000000000        0.31821292588896205     
   270.000000000000000000000000000000000        0.31830982775802635     
   271.000000000000000000000000000000000        0.31821292297545312     
   272.000000000000000000000000000000000        0.31792208625565099     
   273.000000000000000000000000000000000        0.31743800550772827     
   274.000000000000000000000000000000000        0.31676104067974359     
   275.000000000000000000000000000000000        0.31589194880602167     
   276.000000000000000000000000000000000        0.31483204481280186     
   277.000000000000000000000000000000000        0.31358228510350256     
   278.000000000000000000000000000000000        0.31214452784907881     
   279.000000000000000000000000000000000        0.31052026685027656     
   280.000000000000000000000000000000000        0.30871173880573322     
   281.000000000000000000000000000000000        0.30672081189230610     
   282.000000000000000000000000000000000        0.30455033993067648     
   283.000000000000000000000000000000000        0.30220243079320913     
   284.000000000000000000000000000000000        0.29968046194871600     
   285.000000000000000000000000000000000        0.29698713665279763     
   286.000000000000000000000000000000000        0.29412601201861871     
   287.000000000000000000000000000000000        0.29110033786123957     
   288.000000000000000000000000000000000        0.28791404943237392     
   289.000000000000000000000000000000000        0.28457071431210446     
   290.000000000000000000000000000000000        0.28107463878980732     
   291.000000000000000000000000000000000        0.27743007767684391     
   292.000000000000000000000000000000000        0.27364143052583889     
   293.000000000000000000000000000000000        0.26971321642119223     
   294.000000000000000000000000000000000        0.26565046418351645     
   295.000000000000000000000000000000000        0.26145772631956932     
   296.000000000000000000000000000000000        0.25714048799189743     
   297.000000000000000000000000000000000        0.25270382729227225     
   298.000000000000000000000000000000000        0.24815331634654794     
   299.000000000000000000000000000000000        0.24349416745771321     
   300.000000000000000000000000000000000        0.23873252427083755     
   301.000000000000000000000000000000000        0.23387361535527360     
   302.000000000000000000000000000000000        0.22892392069624182     
   303.000000000000000000000000000000000        0.22388904135049895     
   304.000000000000000000000000000000000        0.21877554272431654     
   305.000000000000000000000000000000000        0.21358908928690643     
   306.000000000000000000000000000000000        0.20833655289777664     
   307.000000000000000000000000000000000        0.20302393949848863     
   308.000000000000000000000000000000000        0.19765791612172209     
   309.000000000000000000000000000000000        0.19224506433570934     
   310.000000000000000000000000000000000        0.18679184468050133     
   311.000000000000000000000000000000000        0.18130497739796853     
   312.000000000000000000000000000000000        0.17579113744692795     
   313.000000000000000000000000000000000        0.17025697769198325     
   314.000000000000000000000000000000000        0.16470930210082868     
   315.000000000000000000000000000000000        0.15915488996484037     
   316.000000000000000000000000000000000        0.15360031830315102     
   317.000000000000000000000000000000000        0.14805280247490646     
   318.000000000000000000000000000000000        0.14251862257950820     
   319.000000000000000000000000000000000        0.13700480347954189     
   320.000000000000000000000000000000000        0.13151778835429481     
   321.000000000000000000000000000000000        0.12606471772225497     
   322.000000000000000000000000000000000        0.12065179599981234     
   323.000000000000000000000000000000000        0.11528584420415165     
   324.000000000000000000000000000000000        0.10997327080774669     
   325.000000000000000000000000000000000        0.10472069651643114     
   326.000000000000000000000000000000000         9.9534398670052732E-002
   327.000000000000000000000000000000000         9.4420746999512487E-002
   328.000000000000000000000000000000000         8.9385913025147867E-002
   329.000000000000000000000000000000000         8.4436175974828415E-002
   330.000000000000000000000000000000000         7.9577414355147744E-002
   331.000000000000000000000000000000000         7.4815627271535151E-002
   332.000000000000000000000000000000000         7.0156678075485160E-002
   333.000000000000000000000000000000000         6.5605971238421212E-002
   334.000000000000000000000000000000000         6.1169329458573216E-002
   335.000000000000000000000000000000000         5.6852076396479531E-002
   336.000000000000000000000000000000000         5.2659422941260206E-002
   337.000000000000000000000000000000000         4.8596590843738199E-002
   338.000000000000000000000000000000000         4.4668402528971085E-002
   339.000000000000000000000000000000000         4.0879734478285551E-002
   340.000000000000000000000000000000000         3.7235138594281202E-002
   341.000000000000000000000000000000000         3.3739103050671009E-002
   342.000000000000000000000000000000000         3.0395844987738833E-002
   343.000000000000000000000000000000000         2.7209485001421670E-002
   344.000000000000000000000000000000000         2.4183779399503603E-002
   345.000000000000000000000000000000000         2.1322691975042062E-002
   346.000000000000000000000000000000000         1.8629434997541511E-002
   347.000000000000000000000000000000000         1.6107403837045405E-002
   348.000000000000000000000000000000000         1.3759642531288313E-002
   349.000000000000000000000000000000000         1.1589028948398203E-002
   350.000000000000000000000000000000000         9.5981985075035258E-003
   351.000000000000000000000000000000000         7.7895803786051368E-003
   352.000000000000000000000000000000000         6.1654062463055853E-003
   353.000000000000000000000000000000000         4.7275686602055696E-003
   354.000000000000000000000000000000000         3.4779053884592534E-003
   355.000000000000000000000000000000000         2.4179116073316078E-003
   356.000000000000000000000000000000000         1.5488766364976708E-003
   357.000000000000000000000000000000000         8.7186163760176168E-004
   358.000000000000000000000000000000000         3.8768994445652284E-004
   359.000000000000000000000000000000000         9.6950951482211554E-005
   360.000000000000000000000000000000000         2.0643109143679127E-014
