   1.00000000000000000000000000000000000         9.6952893806709028E-005
   2.00000000000000000000000000000000000         3.8769345305292080E-004
   3.00000000000000000000000000000000000         8.7186745513051153E-004
   4.00000000000000000000000000000000000         1.5488815313132165E-003
   5.00000000000000000000000000000000000         2.4179212717233577E-003
   6.00000000000000000000000000000000000         3.4779173808134767E-003
   7.00000000000000000000000000000000000         4.7275821243764676E-003
   8.00000000000000000000000000000000000         6.1654103300021494E-003
   9.00000000000000000000000000000000000         7.7895975769602336E-003
   10.0000000000000000000000000000000000         9.5982174596900144E-003
   11.0000000000000000000000000000000000         1.1589049797142113E-002
   12.0000000000000000000000000000000000         1.3759642317139161E-002
   13.0000000000000000000000000000000000         1.6107428234615560E-002
   14.0000000000000000000000000000000000         1.8629469341391248E-002
   15.0000000000000000000000000000000000         2.1322719802568963E-002
   16.0000000000000000000000000000000000         2.4183862188461858E-002
   17.0000000000000000000000000000000000         2.7209516123326522E-002
   18.0000000000000000000000000000000000         3.0395883753091994E-002
   19.0000000000000000000000000000000000         3.3739137315353412E-002
   20.0000000000000000000000000000000000         3.7235228682293162E-002
   21.0000000000000000000000000000000000         4.0879771718788031E-002
   22.0000000000000000000000000000000000         4.4668460955165898E-002
   23.0000000000000000000000000000000000         4.8596630878642570E-002
   24.0000000000000000000000000000000000         5.2659478191799676E-002
   25.0000000000000000000000000000000000         5.6852119030713757E-002
   26.0000000000000000000000000000000000         6.1169390736894529E-002
   27.0000000000000000000000000000000000         6.5606016264324038E-002
   28.0000000000000000000000000000000000         7.0156623869116891E-002
   29.0000000000000000000000000000000000         7.4815674469703136E-002
   30.0000000000000000000000000000000000         7.9577492588985041E-002
   31.0000000000000000000000000000000000         8.4436225115327279E-002
   32.0000000000000000000000000000000000         8.9385909146846687E-002
   33.0000000000000000000000000000000000         9.4420797842928131E-002
   34.0000000000000000000000000000000000         9.9534455337373359E-002
   35.0000000000000000000000000000000000        0.10472074881508604     
   36.0000000000000000000000000000000000        0.10997348976621427     
   37.0000000000000000000000000000000000        0.11528589770323226     
   38.0000000000000000000000000000000000        0.12065188260878629     
   39.0000000000000000000000000000000000        0.12606477216112238     
   40.0000000000000000000000000000000000        0.13151791689089087     
   41.0000000000000000000000000000000000        0.13700485859297845     
   42.0000000000000000000000000000000000        0.14251868940414758     
   43.0000000000000000000000000000000000        0.14805285799440035     
   44.0000000000000000000000000000000000        0.15360059211667138     
   45.0000000000000000000000000000000000        0.15915494561988838     
   46.0000000000000000000000000000000000        0.16470939099827303     
   47.0000000000000000000000000000000000        0.17025703321148269     
   48.0000000000000000000000000000000000        0.17579112817459211     
   49.0000000000000000000000000000000000        0.18130503251141150     
   50.0000000000000000000000000000000000        0.18679193650964321     
   51.0000000000000000000000000000000000        0.19224511877459854     
   52.0000000000000000000000000000000000        0.19765809836051115     
   53.0000000000000000000000000000000000        0.20302399299754151     
   54.0000000000000000000000000000000000        0.20833647456889942     
   55.0000000000000000000000000000000000        0.21358914158559056     
   56.0000000000000000000000000000000000        0.21877547898162938     
   57.0000000000000000000000000000000000        0.22388909219393882     
   58.0000000000000000000000000000000000        0.22892389324498286     
   59.0000000000000000000000000000000000        0.23387366449579106     
   60.0000000000000000000000000000000000        0.23873228393754542     
   61.0000000000000000000000000000000000        0.24349421465586807     
   62.0000000000000000000000000000000000        0.24815323849082466     
   63.0000000000000000000000000000000000        0.25270387231814967     
   64.0000000000000000000000000000000000        0.25714049688902491     
   65.0000000000000000000000000000000000        0.26145776895386530     
   66.0000000000000000000000000000000000        0.26565035841894508     
   67.0000000000000000000000000000000000        0.26971325645609845     
   68.0000000000000000000000000000000000        0.27364147020909435     
   69.0000000000000000000000000000000000        0.27743011491735919     
   70.0000000000000000000000000000000000        0.28107478262270585     
   71.0000000000000000000000000000000000        0.28457074857681225     
   72.0000000000000000000000000000000000        0.28791397014629189     
   73.0000000000000000000000000000000000        0.29110036898315905     
   74.0000000000000000000000000000000000        0.29412590071505101     
   75.0000000000000000000000000000000000        0.29698716448034712     
   76.0000000000000000000000000000000000        0.29968034044409358     
   77.0000000000000000000000000000000000        0.30220245519078953     
   78.0000000000000000000000000000000000        0.30455014996343271     
   79.0000000000000000000000000000000000        0.30672083274106743     
   80.0000000000000000000000000000000000        0.30871179284378919     
   81.0000000000000000000000000000000000        0.31052028404865112     
   82.0000000000000000000000000000000000        0.31214450185884074     
   83.0000000000000000000000000000000000        0.31358229856769931     
   84.0000000000000000000000000000000000        0.31483183298486711     
   85.0000000000000000000000000000000000        0.31589195847038309     
   86.0000000000000000000000000000000000        0.31676104370715180     
   87.0000000000000000000000000000000000        0.31743801132527649     
   88.0000000000000000000000000000000000        0.31792218389789384     
   89.0000000000000000000000000000000000        0.31821292491780545     
   90.0000000000000000000000000000000000        0.31830983020966475     
   91.0000000000000000000000000000000000        0.31821292394662348     
   92.0000000000000000000000000000000000        0.31792218875804523     
   93.0000000000000000000000000000000000        0.31743800841647951     
   94.0000000000000000000000000000000000        0.31676101039450977     
   95.0000000000000000000000000000000000        0.31589195363820732     
   96.0000000000000000000000000000000000        0.31483194817600163     
   97.0000000000000000000000000000000000        0.31358229183560177     
   98.0000000000000000000000000000000000        0.31214445122892948     
   99.0000000000000000000000000000000000        0.31052027544943023     
   100.000000000000000000000000000000000        0.30871154407212104     
   101.000000000000000000000000000000000        0.30672082231668929     
   102.000000000000000000000000000000000        0.30455024754482207     
   103.000000000000000000000000000000000        0.30220244299201321     
   104.000000000000000000000000000000000        0.29968035722148939     
   105.000000000000000000000000000000000        0.29698715056657238     
   106.000000000000000000000000000000000        0.29412590131796651     
   107.000000000000000000000000000000000        0.29110035342219409     
   108.000000000000000000000000000000000        0.28791400260280514     
   109.000000000000000000000000000000000        0.28457073144449457     
   110.000000000000000000000000000000000        0.28107472823725693     
   111.000000000000000000000000000000000        0.27743009629708981     
   112.000000000000000000000000000000000        0.27364149407331317     
   113.000000000000000000000000000000000        0.26971323643864259     
   114.000000000000000000000000000000000        0.26565039523076356     
   115.000000000000000000000000000000000        0.26145774763672547     
   116.000000000000000000000000000000000        0.25714040666663196     
   117.000000000000000000000000000000000        0.25270384980522997     
   118.000000000000000000000000000000000        0.24815317608179338     
   119.000000000000000000000000000000000        0.24349419105674724     
   120.000000000000000000000000000000000        0.23873246904898138     
   121.000000000000000000000000000000000        0.23387363992554905     
   122.000000000000000000000000000000000        0.22892390913496533     
   123.000000000000000000000000000000000        0.22388906677220718     
   124.000000000000000000000000000000000        0.21877533962616807     
   125.000000000000000000000000000000000        0.21358911543625950     
   126.000000000000000000000000000000000        0.20833652073466644     
   127.000000000000000000000000000000000        0.20302396624799932     
   128.000000000000000000000000000000000        0.19765795098838257     
   129.000000000000000000000000000000000        0.19224509155518374     
   130.000000000000000000000000000000000        0.18679183117321219     
   131.000000000000000000000000000000000        0.18130500495468410     
   132.000000000000000000000000000000000        0.17579110382983623     
   133.000000000000000000000000000000000        0.17025700545174755     
   134.000000000000000000000000000000000        0.16470929103416734     
   135.000000000000000000000000000000000        0.15915491779235227     
   136.000000000000000000000000000000000        0.15360047346731004     
   137.000000000000000000000000000000000        0.14805283023467222     
   138.000000000000000000000000000000000        0.14251858373719284     
   139.000000000000000000000000000000000        0.13700483103624758     
   140.000000000000000000000000000000000        0.13151793048362570     
   141.000000000000000000000000000000000        0.12606474494169453     
   142.000000000000000000000000000000000        0.12065175326130298     
   143.000000000000000000000000000000000        0.11528587095368072     
   144.000000000000000000000000000000000        0.10997329808165561     
   145.000000000000000000000000000000000        0.10472072266576213     
   146.000000000000000000000000000000000         9.9534514682932410E-002
   147.000000000000000000000000000000000         9.4420772421211815E-002
   148.000000000000000000000000000000000         8.9385988062203672E-002
   149.000000000000000000000000000000000         8.4436200545081275E-002
   150.000000000000000000000000000000000         7.9577437667889300E-002
   151.000000000000000000000000000000000         7.4815650870610387E-002
   152.000000000000000000000000000000000         7.0156604355748317E-002
   153.000000000000000000000000000000000         6.5605993751383068E-002
   154.000000000000000000000000000000000         6.1169368959390270E-002
   155.000000000000000000000000000000000         5.6852097713589803E-002
   156.000000000000000000000000000000000         5.2659493983270030E-002
   157.000000000000000000000000000000000         4.8596610861202982E-002
   158.000000000000000000000000000000000         4.4668425478051568E-002
   159.000000000000000000000000000000000         4.0879753098529800E-002
   160.000000000000000000000000000000000         3.7235155945253971E-002
   161.000000000000000000000000000000000         3.3739120183013997E-002
   162.000000000000000000000000000000000         3.0395898273345736E-002
   163.000000000000000000000000000000000         2.7209500562368087E-002
   164.000000000000000000000000000000000         2.4183881583226065E-002
   165.000000000000000000000000000000000         2.1322705888801526E-002
   166.000000000000000000000000000000000         1.8629472913599971E-002
   167.000000000000000000000000000000000         1.6107416035821564E-002
   168.000000000000000000000000000000000         1.3759656314031136E-002
   169.000000000000000000000000000000000         1.1589039372766669E-002
   170.000000000000000000000000000000000         9.5981826055292849E-003
   171.000000000000000000000000000000000         7.7895889777789178E-003
   172.000000000000000000000000000000000         6.1653836190702933E-003
   173.000000000000000000000000000000000         4.7275753922897783E-003
   174.000000000000000000000000000000000         3.4778981817049802E-003
   175.000000000000000000000000000000000         2.4179164395247460E-003
   176.000000000000000000000000000000000         1.5488847735808753E-003
   177.000000000000000000000000000000000         8.7186454636495011E-004
   178.000000000000000000000000000000000         3.8769094529671536E-004
   179.000000000000000000000000000000000         9.6951922642023086E-005
   180.000000000000000000000000000000000         2.4220692424152232E-015
   181.000000000000000000000000000000000         9.6953864975666442E-005
   182.000000000000000000000000000000000         3.8769559631518969E-004
   183.000000000000000000000000000000000         8.7187036390312667E-004
   184.000000000000000000000000000000000         1.5488890871889769E-003
   185.000000000000000000000000000000000         2.4179261039253518E-003
   186.000000000000000000000000000000000         3.4779232433813788E-003
   187.000000000000000000000000000000000         4.7275888564707949E-003
   188.000000000000000000000000000000000         6.1653991281144785E-003
   189.000000000000000000000000000000000         7.7896061761421340E-003
   190.000000000000000000000000000000000         9.5982374281937833E-003
   191.000000000000000000000000000000000         1.1589060221529033E-002
   192.000000000000000000000000000000000         1.3759679525176684E-002
   193.000000000000000000000000000000000         1.6107440433402318E-002
   194.000000000000000000000000000000000         1.8629490189970774E-002
   195.000000000000000000000000000000000         2.1322733716338069E-002
   196.000000000000000000000000000000000         2.4183908962404733E-002
   197.000000000000000000000000000000000         2.7209531684291820E-002
   198.000000000000000000000000000000000         3.0395899024887083E-002
   199.000000000000000000000000000000000         3.3739154447695333E-002
   200.000000000000000000000000000000000         3.7235206049454475E-002
   201.000000000000000000000000000000000         4.0879790339032253E-002
   202.000000000000000000000000000000000         4.4668439500691007E-002
   203.000000000000000000000000000000000         4.8596650896103287E-002
   204.000000000000000000000000000000000         5.2659533016486064E-002
   205.000000000000000000000000000000000         5.6852140347849994E-002
   206.000000000000000000000000000000000         6.1169421403845091E-002
   207.000000000000000000000000000000000         6.5606038777272987E-002
   208.000000000000000000000000000000000         7.0156655490144840E-002
   209.000000000000000000000000000000000         7.4815698068792985E-002
   210.000000000000000000000000000000000         7.9577476658518803E-002
   211.000000000000000000000000000000000         8.4436249685603967E-002
   212.000000000000000000000000000000000         8.9386033469967652E-002
   213.000000000000000000000000000000000         9.4420823264649151E-002
   214.000000000000000000000000000000000         9.9534462833978168E-002
   215.000000000000000000000000000000000        0.10472077496443097     
   216.000000000000000000000000000000000        0.10997334099285865     
   217.000000000000000000000000000000000        0.11528592445277307     
   218.000000000000000000000000000000000        0.12065190981577416     
   219.000000000000000000000000000000000        0.12606479938056300     
   220.000000000000000000000000000000000        0.13151798725206063     
   221.000000000000000000000000000000000        0.13700488614968370     
   222.000000000000000000000000000000000        0.14251875267673300     
   223.000000000000000000000000000000000        0.14805288575415876     
   224.000000000000000000000000000000000        0.15360052239899186     
   225.000000000000000000000000000000000        0.15915497344741836     
   226.000000000000000000000000000000000        0.16470939973356505     
   227.000000000000000000000000000000000        0.17025706097123858     
   228.000000000000000000000000000000000        0.17579122235648745     
   229.000000000000000000000000000000000        0.18130506006811647     
   230.000000000000000000000000000000000        0.18679200564150217     
   231.000000000000000000000000000000000        0.19224514599405421     
   232.000000000000000000000000000000000        0.19765808700497609     
   233.000000000000000000000000000000000        0.20302401974707929     
   234.000000000000000000000000000000000        0.20833661431949652     
   235.000000000000000000000000000000000        0.21358916773492614     
   236.000000000000000000000000000000000        0.21877552377958590     
   237.000000000000000000000000000000000        0.22388911761565800     
   238.000000000000000000000000000000000        0.22892395656658671     
   239.000000000000000000000000000000000        0.23387368906605333     
   240.000000000000000000000000000000000        0.23873247935114589     
   241.000000000000000000000000000000000        0.24349423825494143     
   242.000000000000000000000000000000000        0.24815329577301287     
   243.000000000000000000000000000000000        0.25270389483110434     
   244.000000000000000000000000000000000        0.25714057568484538     
   245.000000000000000000000000000000000        0.26145779027096572     
   246.000000000000000000000000000000000        0.26565042407060901     
   247.000000000000000000000000000000000        0.26971327647354842     
   248.000000000000000000000000000000000        0.27364140104846596     
   249.000000000000000000000000000000000        0.27743013353761575     
   250.000000000000000000000000000000000        0.28107469825701292     
   251.000000000000000000000000000000000        0.28457076570916617     
   252.000000000000000000000000000000000        0.28791396246358270     
   253.000000000000000000000000000000000        0.29110038454413190     
   254.000000000000000000000000000000000        0.29412597818052538     
   255.000000000000000000000000000000000        0.29698717839410810     
   256.000000000000000000000000000000000        0.29968038857464019     
   257.000000000000000000000000000000000        0.30220246738957851     
   258.000000000000000000000000000000000        0.30455026391149481     
   259.000000000000000000000000000000000        0.30672084316542381     
   260.000000000000000000000000000000000        0.30871158312580493     
   261.000000000000000000000000000000000        0.31052029264783026     
   262.000000000000000000000000000000000        0.31214437128001765     
   263.000000000000000000000000000000000        0.31358230529975972     
   264.000000000000000000000000000000000        0.31483191200265309     
   265.000000000000000000000000000000000        0.31589196330256658     
   266.000000000000000000000000000000000        0.31676096840574075     
   267.000000000000000000000000000000000        0.31743801423402612     
   268.000000000000000000000000000000000        0.31792212867089376     
   269.000000000000000000000000000000000        0.31821292588895750     
   270.000000000000000000000000000000000        0.31830984634601822     
   271.000000000000000000000000000000000        0.31821292297545162     
   272.000000000000000000000000000000000        0.31792212177024060     
   273.000000000000000000000000000000000        0.31743800550772527     
   274.000000000000000000000000000000000        0.31676102036540227     
   275.000000000000000000000000000000000        0.31589194880600668     
   276.000000000000000000000000000000000        0.31483200970417258     
   277.000000000000000000000000000000000        0.31358228510349956     
   278.000000000000000000000000000000000        0.31214450730797200     
   279.000000000000000000000000000000000        0.31052026685027656     
   280.000000000000000000000000000000000        0.30871170373400919     
   281.000000000000000000000000000000000        0.30672081189230166     
   282.000000000000000000000000000000000        0.30455028453455374     
   283.000000000000000000000000000000000        0.30220243079321057     
   284.000000000000000000000000000000000        0.29968043423094015     
   285.000000000000000000000000000000000        0.29698713665279330     
   286.000000000000000000000000000000000        0.29412599174654197     
   287.000000000000000000000000000000000        0.29110033786123957     
   288.000000000000000000000000000000000        0.28791401687379159     
   289.000000000000000000000000000000000        0.28457071431211867     
   290.000000000000000000000000000000000        0.28107464906955970     
   291.000000000000000000000000000000000        0.27743007767684247     
   292.000000000000000000000000000000000        0.27364141499309175     
   293.000000000000000000000000000000000        0.26971321642118806     
   294.000000000000000000000000000000000        0.26565041967660763     
   295.000000000000000000000000000000000        0.26145772631958020     
   296.000000000000000000000000000000000        0.25714048009953688     
   297.000000000000000000000000000000000        0.25270382729226953     
   298.000000000000000000000000000000000        0.24815327748729929     
   299.000000000000000000000000000000000        0.24349416745769942     
   300.000000000000000000000000000000000        0.23873246560511208     
   301.000000000000000000000000000000000        0.23387361535528003     
   302.000000000000000000000000000000000        0.22892388656461538     
   303.000000000000000000000000000000000        0.22388904135050086     
   304.000000000000000000000000000000000        0.21877548338473171     
   305.000000000000000000000000000000000        0.21358908928691442     
   306.000000000000000000000000000000000        0.20833652348253098     
   307.000000000000000000000000000000000        0.20302393949847783     
   308.000000000000000000000000000000000        0.19765793141987681     
   309.000000000000000000000000000000000        0.19224506433571636     
   310.000000000000000000000000000000000        0.18679184912459609     
   311.000000000000000000000000000000000        0.18130497739796456     
   312.000000000000000000000000000000000        0.17579112784910975     
   313.000000000000000000000000000000000        0.17025697769198270     
   314.000000000000000000000000000000000        0.16470930784028487     
   315.000000000000000000000000000000000        0.15915488996483293     
   316.000000000000000000000000000000000        0.15360037240805902     
   317.000000000000000000000000000000000        0.14805280247490851     
   318.000000000000000000000000000000000        0.14251863984110746     
   319.000000000000000000000000000000000        0.13700480347954039     
   320.000000000000000000000000000000000        0.13151783955063473     
   321.000000000000000000000000000000000        0.12606471772225591     
   322.000000000000000000000000000000000        0.12065180721460489     
   323.000000000000000000000000000000000        0.11528584420415165     
   324.000000000000000000000000000000000        0.10997328559462814     
   325.000000000000000000000000000000000        0.10472069651643200     
   326.000000000000000000000000000000000         9.9534400119868513E-002
   327.000000000000000000000000000000000         9.4420746999506339E-002
   328.000000000000000000000000000000000         8.9385930681274928E-002
   329.000000000000000000000000000000000         8.4436175974829192E-002
   330.000000000000000000000000000000000         7.9577418402978065E-002
   331.000000000000000000000000000000000         7.4815627271532972E-002
   332.000000000000000000000000000000000         7.0156642744247155E-002
   333.000000000000000000000000000000000         6.5605971238423932E-002
   334.000000000000000000000000000000000         6.1169331023241673E-002
   335.000000000000000000000000000000000         5.6852076396474445E-002
   336.000000000000000000000000000000000         5.2659436631274724E-002
   337.000000000000000000000000000000000         4.8596590843741135E-002
   338.000000000000000000000000000000000         4.4668409291967096E-002
   339.000000000000000000000000000000000         4.0879734478283671E-002
   340.000000000000000000000000000000000         3.7235142315807768E-002
   341.000000000000000000000000000000000         3.3739103050673576E-002
   342.000000000000000000000000000000000         3.0395849667975827E-002
   343.000000000000000000000000000000000         2.7209485001419145E-002
   344.000000000000000000000000000000000         2.4183812532440251E-002
   345.000000000000000000000000000000000         2.1322691975042257E-002
   346.000000000000000000000000000000000         1.8629438210914864E-002
   347.000000000000000000000000000000000         1.6107403837044305E-002
   348.000000000000000000000000000000000         1.3759643645923064E-002
   349.000000000000000000000000000000000         1.1589028948397952E-002
   350.000000000000000000000000000000000         9.5981985921973489E-003
   351.000000000000000000000000000000000         7.7895803786048722E-003
   352.000000000000000000000000000000000         6.1653954316110574E-003
   353.000000000000000000000000000000000         4.7275686602056381E-003
   354.000000000000000000000000000000000         3.4779055751780622E-003
   355.000000000000000000000000000000000         2.4179116073314195E-003
   356.000000000000000000000000000000000         1.5488768713955632E-003
   357.000000000000000000000000000000000         8.7186163760191910E-004
   358.000000000000000000000000000000000         3.8768980432046866E-004
   359.000000000000000000000000000000000         9.6950951482182457E-005
   360.000000000000000000000000000000000         2.7884653776097591E-015
