   1.00000000000000000000000000000000000         9.6952893807427624E-005
   2.00000000000000000000000000000000000         3.8769345305433297E-004
   3.00000000000000000000000000000000000         8.7186745512856344E-004
   4.00000000000000000000000000000000000         1.5488749245338562E-003
   5.00000000000000000000000000000000000         2.4179212717241241E-003
   6.00000000000000000000000000000000000         3.4779172347170510E-003
   7.00000000000000000000000000000000000         4.7275821243763037E-003
   8.00000000000000000000000000000000000         6.1654437363535168E-003
   9.00000000000000000000000000000000000         7.7895975769653753E-003
   10.0000000000000000000000000000000000         9.5982168729516690E-003
   11.0000000000000000000000000000000000         1.1589049797136637E-002
   12.0000000000000000000000000000000000         1.3759593252639283E-002
   13.0000000000000000000000000000000000         1.6107428234625371E-002
   14.0000000000000000000000000000000000         1.8629468669531000E-002
   15.0000000000000000000000000000000000         2.1322719802567853E-002
   16.0000000000000000000000000000000000         2.4183795577808444E-002
   17.0000000000000000000000000000000000         2.7209516123326030E-002
   18.0000000000000000000000000000000000         3.0395871538941643E-002
   19.0000000000000000000000000000000000         3.3739137315353961E-002
   20.0000000000000000000000000000000000         3.7235313022527632E-002
   21.0000000000000000000000000000000000         4.0879771718796379E-002
   22.0000000000000000000000000000000000         4.4668464242706443E-002
   23.0000000000000000000000000000000000         4.8596630878634861E-002
   24.0000000000000000000000000000000000         5.2659435221525941E-002
   25.0000000000000000000000000000000000         5.6852119030709004E-002
   26.0000000000000000000000000000000000         6.1169415910159057E-002
   27.0000000000000000000000000000000000         6.5606016264330810E-002
   28.0000000000000000000000000000000000         7.0156612222323084E-002
   29.0000000000000000000000000000000000         7.4815674469709756E-002
   30.0000000000000000000000000000000000         7.9577529146746179E-002
   31.0000000000000000000000000000000000         8.4436225115310445E-002
   32.0000000000000000000000000000000000         8.9385717277876114E-002
   33.0000000000000000000000000000000000         9.4420797842929088E-002
   34.0000000000000000000000000000000000         9.9534457614840574E-002
   35.0000000000000000000000000000000000        0.10472074881508095     
   36.0000000000000000000000000000000000        0.10997373029818436     
   37.0000000000000000000000000000000000        0.11528589770322754     
   38.0000000000000000000000000000000000        0.12065188774065938     
   39.0000000000000000000000000000000000        0.12606477216111084     
   40.0000000000000000000000000000000000        0.13151779757750415     
   41.0000000000000000000000000000000000        0.13700485859298736     
   42.0000000000000000000000000000000000        0.14251862374685090     
   43.0000000000000000000000000000000000        0.14805285799438619     
   44.0000000000000000000000000000000000        0.15360073255062157     
   45.0000000000000000000000000000000000        0.15915494561988791     
   46.0000000000000000000000000000000000        0.16470942514329387     
   47.0000000000000000000000000000000000        0.17025703321149016     
   48.0000000000000000000000000000000000        0.17579105402075842     
   49.0000000000000000000000000000000000        0.18130503251144153     
   50.0000000000000000000000000000000000        0.18679198433013611     
   51.0000000000000000000000000000000000        0.19224511877459166     
   52.0000000000000000000000000000000000        0.19765826450004420     
   53.0000000000000000000000000000000000        0.20302399299753146     
   54.0000000000000000000000000000000000        0.20833637421216294     
   55.0000000000000000000000000000000000        0.21358914158559505     
   56.0000000000000000000000000000000000        0.21877556047967892     
   57.0000000000000000000000000000000000        0.22388909219393421     
   58.0000000000000000000000000000000000        0.22892391897850536     
   59.0000000000000000000000000000000000        0.23387366449576721     
   60.0000000000000000000000000000000000        0.23873203296649370     
   61.0000000000000000000000000000000000        0.24349421465589449     
   62.0000000000000000000000000000000000        0.24815319978552106     
   63.0000000000000000000000000000000000        0.25270387231811919     
   64.0000000000000000000000000000000000        0.25714047045361454     
   65.0000000000000000000000000000000000        0.26145776895387901     
   66.0000000000000000000000000000000000        0.26565030438433651     
   67.0000000000000000000000000000000000        0.26971325645611077     
   68.0000000000000000000000000000000000        0.27364155085013808     
   69.0000000000000000000000000000000000        0.27743011491736891     
   70.0000000000000000000000000000000000        0.28107493584981863     
   71.0000000000000000000000000000000000        0.28457074857678000     
   72.0000000000000000000000000000000000        0.28791392231107188     
   73.0000000000000000000000000000000000        0.29110036898315067     
   74.0000000000000000000000000000000000        0.29412573591403401     
   75.0000000000000000000000000000000000        0.29698716448038781     
   76.0000000000000000000000000000000000        0.29968020037795501     
   77.0000000000000000000000000000000000        0.30220245519078087     
   78.0000000000000000000000000000000000        0.30455002668913000     
   79.0000000000000000000000000000000000        0.30672083274109019     
   80.0000000000000000000000000000000000        0.30871203704609268     
   81.0000000000000000000000000000000000        0.31052028404866583     
   82.0000000000000000000000000000000000        0.31214452740514731     
   83.0000000000000000000000000000000000        0.31358229856773645     
   84.0000000000000000000000000000000000        0.31483158641002351     
   85.0000000000000000000000000000000000        0.31589195847037410     
   86.0000000000000000000000000000000000        0.31676113766841335     
   87.0000000000000000000000000000000000        0.31743801132529981     
   88.0000000000000000000000000000000000        0.31792218210117767     
   89.0000000000000000000000000000000000        0.31821292491783926     
   90.0000000000000000000000000000000000        0.31830974068861689     
   91.0000000000000000000000000000000000        0.31821292394662787     
   92.0000000000000000000000000000000000        0.31792219988380316     
   93.0000000000000000000000000000000000        0.31743800841645137     
   94.0000000000000000000000000000000000        0.31676104842014696     
   95.0000000000000000000000000000000000        0.31589195363824485     
   96.0000000000000000000000000000000000        0.31483193145701294     
   97.0000000000000000000000000000000000        0.31358229183562575     
   98.0000000000000000000000000000000000        0.31214439515199338     
   99.0000000000000000000000000000000000        0.31052027544936889     
   100.000000000000000000000000000000000        0.30871133369163334     
   101.000000000000000000000000000000000        0.30672082231671288     
   102.000000000000000000000000000000000        0.30455033118025771     
   103.000000000000000000000000000000000        0.30220244299202692     
   104.000000000000000000000000000000000        0.29968027385443563     
   105.000000000000000000000000000000000        0.29698715056660008     
   106.000000000000000000000000000000000        0.29412576568053661     
   107.000000000000000000000000000000000        0.29110035342217572     
   108.000000000000000000000000000000000        0.28791404751252780     
   109.000000000000000000000000000000000        0.28457073144450806     
   110.000000000000000000000000000000000        0.28107481211766439     
   111.000000000000000000000000000000000        0.27743009629707205     
   112.000000000000000000000000000000000        0.27364165678459784     
   113.000000000000000000000000000000000        0.26971323643865136     
   114.000000000000000000000000000000000        0.26565045043039870     
   115.000000000000000000000000000000000        0.26145774763671681     
   116.000000000000000000000000000000000        0.25714025047266392     
   117.000000000000000000000000000000000        0.25270384980525545     
   118.000000000000000000000000000000000        0.24815306263248460     
   119.000000000000000000000000000000000        0.24349419105670855     
   120.000000000000000000000000000000000        0.23873261557836062     
   121.000000000000000000000000000000000        0.23387363992555221     
   122.000000000000000000000000000000000        0.22892401258079420     
   123.000000000000000000000000000000000        0.22388906677217416     
   124.000000000000000000000000000000000        0.21877520537121878     
   125.000000000000000000000000000000000        0.21358911543626252     
   126.000000000000000000000000000000000        0.20833655837743206     
   127.000000000000000000000000000000000        0.20302396624798877     
   128.000000000000000000000000000000000        0.19765788842260767     
   129.000000000000000000000000000000000        0.19224509155521990     
   130.000000000000000000000000000000000        0.18679173092356829     
   131.000000000000000000000000000000000        0.18130500495469573     
   132.000000000000000000000000000000000        0.17579103600363999     
   133.000000000000000000000000000000000        0.17025700545178155     
   134.000000000000000000000000000000000        0.16470918808751620     
   135.000000000000000000000000000000000        0.15915491779234633     
   136.000000000000000000000000000000000        0.15360044130753417     
   137.000000000000000000000000000000000        0.14805283023469742     
   138.000000000000000000000000000000000        0.14251836989546807     
   139.000000000000000000000000000000000        0.13700483103623121     
   140.000000000000000000000000000000000        0.13151788906546441     
   141.000000000000000000000000000000000        0.12606474494169978     
   142.000000000000000000000000000000000        0.12065156393485203     
   143.000000000000000000000000000000000        0.11528587095365708     
   144.000000000000000000000000000000000        0.10997322469734140     
   145.000000000000000000000000000000000        0.10472072266576692     
   146.000000000000000000000000000000000         9.9534678739421054E-002
   147.000000000000000000000000000000000         9.4420772421212454E-002
   148.000000000000000000000000000000000         8.9385993653575219E-002
   149.000000000000000000000000000000000         8.4436200545080622E-002
   150.000000000000000000000000000000000         7.9577415664331116E-002
   151.000000000000000000000000000000000         7.4815650870604072E-002
   152.000000000000000000000000000000000         7.0156599466687786E-002
   153.000000000000000000000000000000000         6.5605993751403038E-002
   154.000000000000000000000000000000000         6.1169394419347822E-002
   155.000000000000000000000000000000000         5.6852097713589338E-002
   156.000000000000000000000000000000000         5.2659520308566889E-002
   157.000000000000000000000000000000000         4.8596610861219684E-002
   158.000000000000000000000000000000000         4.4668398087275088E-002
   159.000000000000000000000000000000000         4.0879753098528142E-002
   160.000000000000000000000000000000000         3.7235136070711557E-002
   161.000000000000000000000000000000000         3.3739120183015503E-002
   162.000000000000000000000000000000000         3.0395944725266910E-002
   163.000000000000000000000000000000000         2.7209500562366054E-002
   164.000000000000000000000000000000000         2.4183879840609917E-002
   165.000000000000000000000000000000000         2.1322705888797474E-002
   166.000000000000000000000000000000000         1.8629503851000942E-002
   167.000000000000000000000000000000000         1.6107416035815982E-002
   168.000000000000000000000000000000000         1.3759655348663668E-002
   169.000000000000000000000000000000000         1.1589039372762670E-002
   170.000000000000000000000000000000000         9.5981338793729304E-003
   171.000000000000000000000000000000000         7.7895889777790306E-003
   172.000000000000000000000000000000000         6.1653808481636815E-003
   173.000000000000000000000000000000000         4.7275753922919371E-003
   174.000000000000000000000000000000000         3.4778725501427433E-003
   175.000000000000000000000000000000000         2.4179164395247616E-003
   176.000000000000000000000000000000000         1.5488916855107865E-003
   177.000000000000000000000000000000000         8.7186454636603811E-004
   178.000000000000000000000000000000000         3.8768986874424449E-004
   179.000000000000000000000000000000000         9.6951922642405592E-005
   180.000000000000000000000000000000000         2.4018208765361049E-015
   181.000000000000000000000000000000000         9.6953864975480528E-005
   182.000000000000000000000000000000000         3.8769598032406912E-004
   183.000000000000000000000000000000000         8.7187036390270242E-004
   184.000000000000000000000000000000000         1.5488894781539870E-003
   185.000000000000000000000000000000000         2.4179261039236084E-003
   186.000000000000000000000000000000000         3.4779232433866658E-003
   187.000000000000000000000000000000000         4.7275888564746824E-003
   188.000000000000000000000000000000000         6.1653966772205453E-003
   189.000000000000000000000000000000000         7.7896061761435695E-003
   190.000000000000000000000000000000000         9.5982566982256608E-003
   191.000000000000000000000000000000000         1.1589060221536593E-002
   192.000000000000000000000000000000000         1.3759679650768507E-002
   193.000000000000000000000000000000000         1.6107440433403994E-002
   194.000000000000000000000000000000000         1.8629504308362473E-002
   195.000000000000000000000000000000000         2.1322733716336754E-002
   196.000000000000000000000000000000000         2.4183903204110256E-002
   197.000000000000000000000000000000000         2.7209531684296434E-002
   198.000000000000000000000000000000000         3.0395884749576402E-002
   199.000000000000000000000000000000000         3.3739154447694444E-002
   200.000000000000000000000000000000000         3.7235213401549561E-002
   201.000000000000000000000000000000000         4.0879790339014885E-002
   202.000000000000000000000000000000000         4.4668365296575654E-002
   203.000000000000000000000000000000000         4.8596650896107339E-002
   204.000000000000000000000000000000000         5.2659554921315112E-002
   205.000000000000000000000000000000000         5.6852140347855677E-002
   206.000000000000000000000000000000000         6.1169463180365924E-002
   207.000000000000000000000000000000000         6.5606038777278622E-002
   208.000000000000000000000000000000000         7.0156660090164233E-002
   209.000000000000000000000000000000000         7.4815698068799660E-002
   210.000000000000000000000000000000000         7.9577437159623898E-002
   211.000000000000000000000000000000000         8.4436249685627490E-002
   212.000000000000000000000000000000000         8.9386030293444774E-002
   213.000000000000000000000000000000000         9.4420823264652801E-002
   214.000000000000000000000000000000000         9.9534430332639076E-002
   215.000000000000000000000000000000000        0.10472077496445577     
   216.000000000000000000000000000000000        0.10997324857071995     
   217.000000000000000000000000000000000        0.11528592445276138     
   218.000000000000000000000000000000000        0.12065191533914105     
   219.000000000000000000000000000000000        0.12606479938056023     
   220.000000000000000000000000000000000        0.13151794955579207     
   221.000000000000000000000000000000000        0.13700488614966475     
   222.000000000000000000000000000000000        0.14251875465466118     
   223.000000000000000000000000000000000        0.14805288575416542     
   224.000000000000000000000000000000000        0.15360047752919986     
   225.000000000000000000000000000000000        0.15915497344740812     
   226.000000000000000000000000000000000        0.16470939763553133     
   227.000000000000000000000000000000000        0.17025706097126309     
   228.000000000000000000000000000000000        0.17579127456557439     
   229.000000000000000000000000000000000        0.18130506006811997     
   230.000000000000000000000000000000000        0.18679213274349055     
   231.000000000000000000000000000000000        0.19224514599408760     
   232.000000000000000000000000000000000        0.19765818026717619     
   233.000000000000000000000000000000000        0.20302401974706025     
   234.000000000000000000000000000000000        0.20833672920434249     
   235.000000000000000000000000000000000        0.21358916773494760     
   236.000000000000000000000000000000000        0.21877564137141101     
   237.000000000000000000000000000000000        0.22388911761565800     
   238.000000000000000000000000000000000        0.22892405508985261     
   239.000000000000000000000000000000000        0.23387368906604925     
   240.000000000000000000000000000000000        0.23873255387707887     
   241.000000000000000000000000000000000        0.24349423825494351     
   242.000000000000000000000000000000000        0.24815332207073412     
   243.000000000000000000000000000000000        0.25270389483109157     
   244.000000000000000000000000000000000        0.25714065729755797     
   245.000000000000000000000000000000000        0.26145779027093119     
   246.000000000000000000000000000000000        0.26565045548237670     
   247.000000000000000000000000000000000        0.26971327647356158     
   248.000000000000000000000000000000000        0.27364131355612692     
   249.000000000000000000000000000000000        0.27743013353763352     
   250.000000000000000000000000000000000        0.28107465720361668     
   251.000000000000000000000000000000000        0.28457076570916617     
   252.000000000000000000000000000000000        0.28791386895366328     
   253.000000000000000000000000000000000        0.29110038454415466     
   254.000000000000000000000000000000000        0.29412593254582581     
   255.000000000000000000000000000000000        0.29698717839414490     
   256.000000000000000000000000000000000        0.29968031513448085     
   257.000000000000000000000000000000000        0.30220246738957851     
   258.000000000000000000000000000000000        0.30455033563339740     
   259.000000000000000000000000000000000        0.30672084316541448     
   260.000000000000000000000000000000000        0.30871141078051240     
   261.000000000000000000000000000000000        0.31052029264784908     
   262.000000000000000000000000000000000        0.31214413415305170     
   263.000000000000000000000000000000000        0.31358230529975029     
   264.000000000000000000000000000000000        0.31483180456877952     
   265.000000000000000000000000000000000        0.31589196330253339     
   266.000000000000000000000000000000000        0.31676091193591954     
   267.000000000000000000000000000000000        0.31743801423402140     
   268.000000000000000000000000000000000        0.31792201825471489     
   269.000000000000000000000000000000000        0.31821292588897182     
   270.000000000000000000000000000000000        0.31830978748404587     
   271.000000000000000000000000000000000        0.31821292297545639     
   272.000000000000000000000000000000000        0.31792200930738035     
   273.000000000000000000000000000000000        0.31743800550773477     
   274.000000000000000000000000000000000        0.31676108469415193     
   275.000000000000000000000000000000000        0.31589194880605415     
   276.000000000000000000000000000000000        0.31483212088150531     
   277.000000000000000000000000000000000        0.31358228510350900     
   278.000000000000000000000000000000000        0.31214457235481247     
   279.000000000000000000000000000000000        0.31052026685027656     
   280.000000000000000000000000000000000        0.30871181479447551     
   281.000000000000000000000000000000000        0.30672081189231570     
   282.000000000000000000000000000000000        0.30455045995562630     
   283.000000000000000000000000000000000        0.30220243079320597     
   284.000000000000000000000000000000000        0.29968052200390127     
   285.000000000000000000000000000000000        0.29698713665280707     
   286.000000000000000000000000000000000        0.29412605594145402     
   287.000000000000000000000000000000000        0.29110033786123957     
   288.000000000000000000000000000000000        0.28791411997597532     
   289.000000000000000000000000000000000        0.28457071431207365     
   290.000000000000000000000000000000000        0.28107461651701127     
   291.000000000000000000000000000000000        0.27743007767684691     
   292.000000000000000000000000000000000        0.27364146418012592     
   293.000000000000000000000000000000000        0.26971321642120122     
   294.000000000000000000000000000000000        0.26565056061516507     
   295.000000000000000000000000000000000        0.26145772631954572     
   296.000000000000000000000000000000000        0.25714050509201242     
   297.000000000000000000000000000000000        0.25270382729227803     
   298.000000000000000000000000000000000        0.24815340054159715     
   299.000000000000000000000000000000000        0.24349416745774313     
   300.000000000000000000000000000000000        0.23873265137993413     
   301.000000000000000000000000000000000        0.23387361535525963     
   302.000000000000000000000000000000000        0.22892399464810789     
   303.000000000000000000000000000000000        0.22388904135049487     
   304.000000000000000000000000000000000        0.21877567129344463     
   305.000000000000000000000000000000000        0.21358908928688908     
   306.000000000000000000000000000000000        0.20833661663081599     
   307.000000000000000000000000000000000        0.20302393949851202     
   308.000000000000000000000000000000000        0.19765788297572226     
   309.000000000000000000000000000000000        0.19224506433569416     
   310.000000000000000000000000000000000        0.18679183505162952     
   311.000000000000000000000000000000000        0.18130497739797713     
   312.000000000000000000000000000000000        0.17579115824220162     
   313.000000000000000000000000000000000        0.17025697769198445     
   314.000000000000000000000000000000000        0.16470928966534057     
   315.000000000000000000000000000000000        0.15915488996485649     
   316.000000000000000000000000000000000        0.15360020107588301     
   317.000000000000000000000000000000000        0.14805280247490202     
   318.000000000000000000000000000000000        0.14251858517938007     
   319.000000000000000000000000000000000        0.13700480347954508     
   320.000000000000000000000000000000000        0.13151767742892589     
   321.000000000000000000000000000000000        0.12606471772225292     
   322.000000000000000000000000000000000        0.12065177170109692     
   323.000000000000000000000000000000000        0.11528584420415165     
   324.000000000000000000000000000000000        0.10997323876950695     
   325.000000000000000000000000000000000        0.10472069651642928     
   326.000000000000000000000000000000000         9.9534395528785249E-002
   327.000000000000000000000000000000000         9.4420746999525781E-002
   328.000000000000000000000000000000000         8.9385874770211912E-002
   329.000000000000000000000000000000000         8.4436175974826735E-002
   330.000000000000000000000000000000000         7.9577405584849076E-002
   331.000000000000000000000000000000000         7.4815627271539897E-002
   332.000000000000000000000000000000000         7.0156754626531356E-002
   333.000000000000000000000000000000000         6.5605971238415287E-002
   334.000000000000000000000000000000000         6.1169326068458305E-002
   335.000000000000000000000000000000000         5.6852076396490543E-002
   336.000000000000000000000000000000000         5.2659393279568187E-002
   337.000000000000000000000000000000000         4.8596590843731836E-002
   338.000000000000000000000000000000000         4.4668387875814550E-002
   339.000000000000000000000000000000000         4.0879734478289638E-002
   340.000000000000000000000000000000000         3.7235130530974284E-002
   341.000000000000000000000000000000000         3.3739103050665444E-002
   342.000000000000000000000000000000000         3.0395834847226584E-002
   343.000000000000000000000000000000000         2.7209485001427145E-002
   344.000000000000000000000000000000000         2.4183707611552065E-002
   345.000000000000000000000000000000000         2.1322691975041639E-002
   346.000000000000000000000000000000000         1.8629428035233531E-002
   347.000000000000000000000000000000000         1.6107403837047785E-002
   348.000000000000000000000000000000000         1.3759640116246511E-002
   349.000000000000000000000000000000000         1.1589028948398746E-002
   350.000000000000000000000000000000000         9.5981983240002334E-003
   351.000000000000000000000000000000000         7.7895803786057092E-003
   352.000000000000000000000000000000000         6.1654296781762687E-003
   353.000000000000000000000000000000000         4.7275686602054204E-003
   354.000000000000000000000000000000000         3.4779049839018515E-003
   355.000000000000000000000000000000000         2.4179116073320159E-003
   356.000000000000000000000000000000000         1.5488761275523019E-003
   357.000000000000000000000000000000000         8.7186163760142080E-004
   358.000000000000000000000000000000000         3.8769024808472713E-004
   359.000000000000000000000000000000000         9.6950951482274627E-005
   360.000000000000000000000000000000000         1.1598428330508222E-013
