   1.00000000000000000000000000000000000         9.6952893807061922E-005
   2.00000000000000000000000000000000000         3.8769345305362688E-004
   3.00000000000000000000000000000000000         8.7186745512955678E-004
   4.00000000000000000000000000000000000         1.5488782279217750E-003
   5.00000000000000000000000000000000000         2.4179212717237090E-003
   6.00000000000000000000000000000000000         3.4779173077652634E-003
   7.00000000000000000000000000000000000         4.7275821243764294E-003
   8.00000000000000000000000000000000000         6.1654270331665201E-003
   9.00000000000000000000000000000000000         7.7895975769627498E-003
   10.0000000000000000000000000000000000         9.5982171663208382E-003
   11.0000000000000000000000000000000000         1.1589049797139442E-002
   12.0000000000000000000000000000000000         1.3759617784878287E-002
   13.0000000000000000000000000000000000         1.6107428234620386E-002
   14.0000000000000000000000000000000000         1.8629469005461124E-002
   15.0000000000000000000000000000000000         2.1322719802568509E-002
   16.0000000000000000000000000000000000         2.4183828883123683E-002
   17.0000000000000000000000000000000000         2.7209516123326165E-002
   18.0000000000000000000000000000000000         3.0395877646016513E-002
   19.0000000000000000000000000000000000         3.3739137315353808E-002
   20.0000000000000000000000000000000000         3.7235270852398458E-002
   21.0000000000000000000000000000000000         4.0879771718792070E-002
   22.0000000000000000000000000000000000         4.4668462598936157E-002
   23.0000000000000000000000000000000000         4.8596630878638865E-002
   24.0000000000000000000000000000000000         5.2659456706660619E-002
   25.0000000000000000000000000000000000         5.6852119030711232E-002
   26.0000000000000000000000000000000000         6.1169403323526141E-002
   27.0000000000000000000000000000000000         6.5606016264327563E-002
   28.0000000000000000000000000000000000         7.0156618045719862E-002
   29.0000000000000000000000000000000000         7.4815674469706300E-002
   30.0000000000000000000000000000000000         7.9577510867864562E-002
   31.0000000000000000000000000000000000         8.4436225115319022E-002
   32.0000000000000000000000000000000000         8.9385813212335671E-002
   33.0000000000000000000000000000000000         9.4420797842928450E-002
   34.0000000000000000000000000000000000         9.9534456476106967E-002
   35.0000000000000000000000000000000000        0.10472074881508368     
   36.0000000000000000000000000000000000        0.10997361003216644     
   37.0000000000000000000000000000000000        0.11528589770322969     
   38.0000000000000000000000000000000000        0.12065188517472282     
   39.0000000000000000000000000000000000        0.12606477216111683     
   40.0000000000000000000000000000000000        0.13151785723419077     
   41.0000000000000000000000000000000000        0.13700485859298267     
   42.0000000000000000000000000000000000        0.14251865657549737     
   43.0000000000000000000000000000000000        0.14805285799439352     
   44.0000000000000000000000000000000000        0.15360066233363845     
   45.0000000000000000000000000000000000        0.15915494561988791     
   46.0000000000000000000000000000000000        0.16470940807078302     
   47.0000000000000000000000000000000000        0.17025703321148666     
   48.0000000000000000000000000000000000        0.17579109109767330     
   49.0000000000000000000000000000000000        0.18130503251142627     
   50.0000000000000000000000000000000000        0.18679196041988888     
   51.0000000000000000000000000000000000        0.19224511877459538     
   52.0000000000000000000000000000000000        0.19765818143026898     
   53.0000000000000000000000000000000000        0.20302399299753621     
   54.0000000000000000000000000000000000        0.20833642439052816     
   55.0000000000000000000000000000000000        0.21358914158559311     
   56.0000000000000000000000000000000000        0.21877551973065226     
   57.0000000000000000000000000000000000        0.22388909219393621     
   58.0000000000000000000000000000000000        0.22892390611174393     
   59.0000000000000000000000000000000000        0.23387366449577945     
   60.0000000000000000000000000000000000        0.23873215845200307     
   61.0000000000000000000000000000000000        0.24349421465588095     
   62.0000000000000000000000000000000000        0.24815321913817248     
   63.0000000000000000000000000000000000        0.25270387231813485     
   64.0000000000000000000000000000000000        0.25714048367131953     
   65.0000000000000000000000000000000000        0.26145776895387174     
   66.0000000000000000000000000000000000        0.26565033140164013     
   67.0000000000000000000000000000000000        0.26971325645610500     
   68.0000000000000000000000000000000000        0.27364151052961477     
   69.0000000000000000000000000000000000        0.27743011491736363     
   70.0000000000000000000000000000000000        0.28107485923625702     
   71.0000000000000000000000000000000000        0.28457074857679648     
   72.0000000000000000000000000000000000        0.28791394622868138     
   73.0000000000000000000000000000000000        0.29110036898315450     
   74.0000000000000000000000000000000000        0.29412581831453677     
   75.0000000000000000000000000000000000        0.29698716448036783     
   76.0000000000000000000000000000000000        0.29968027041102019     
   77.0000000000000000000000000000000000        0.30220245519078487     
   78.0000000000000000000000000000000000        0.30455008832627822     
   79.0000000000000000000000000000000000        0.30672083274107914     
   80.0000000000000000000000000000000000        0.30871191494492889     
   81.0000000000000000000000000000000000        0.31052028404865817     
   82.0000000000000000000000000000000000        0.31214451463199389     
   83.0000000000000000000000000000000000        0.31358229856771819     
   84.0000000000000000000000000000000000        0.31483170969743324     
   85.0000000000000000000000000000000000        0.31589195847037838     
   86.0000000000000000000000000000000000        0.31676109068778080     
   87.0000000000000000000000000000000000        0.31743801132528843     
   88.0000000000000000000000000000000000        0.31792218299953573     
   89.0000000000000000000000000000000000        0.31821292491782210     
   90.0000000000000000000000000000000000        0.31830978544913924     
   91.0000000000000000000000000000000000        0.31821292394662587     
   92.0000000000000000000000000000000000        0.31792219432092417     
   93.0000000000000000000000000000000000        0.31743800841646524     
   94.0000000000000000000000000000000000        0.31676102940732809     
   95.0000000000000000000000000000000000        0.31589195363822625     
   96.0000000000000000000000000000000000        0.31483193981650720     
   97.0000000000000000000000000000000000        0.31358229183561359     
   98.0000000000000000000000000000000000        0.31214442319046082     
   99.0000000000000000000000000000000000        0.31052027544939970     
   100.000000000000000000000000000000000        0.30871143888186825     
   101.000000000000000000000000000000000        0.30672082231670095     
   102.000000000000000000000000000000000        0.30455028936253847     
   103.000000000000000000000000000000000        0.30220244299202020     
   104.000000000000000000000000000000000        0.29968031553796104     
   105.000000000000000000000000000000000        0.29698715056658614     
   106.000000000000000000000000000000000        0.29412583349924765     
   107.000000000000000000000000000000000        0.29110035342218499     
   108.000000000000000000000000000000000        0.28791402505766606     
   109.000000000000000000000000000000000        0.28457073144450129     
   110.000000000000000000000000000000000        0.28107477017745913     
   111.000000000000000000000000000000000        0.27743009629708093     
   112.000000000000000000000000000000000        0.27364157542894946     
   113.000000000000000000000000000000000        0.26971323643864697     
   114.000000000000000000000000000000000        0.26565042283058043     
   115.000000000000000000000000000000000        0.26145774763672114     
   116.000000000000000000000000000000000        0.25714032856964203     
   117.000000000000000000000000000000000        0.25270384980524269     
   118.000000000000000000000000000000000        0.24815311935713574     
   119.000000000000000000000000000000000        0.24349419105672834     
   120.000000000000000000000000000000000        0.23873254231366536     
   121.000000000000000000000000000000000        0.23387363992555019     
   122.000000000000000000000000000000000        0.22892396085787683     
   123.000000000000000000000000000000000        0.22388906677219111     
   124.000000000000000000000000000000000        0.21877527249868828     
   125.000000000000000000000000000000000        0.21358911543626055     
   126.000000000000000000000000000000000        0.20833653955604883     
   127.000000000000000000000000000000000        0.20302396624799449     
   128.000000000000000000000000000000000        0.19765791970549390     
   129.000000000000000000000000000000000        0.19224509155520142     
   130.000000000000000000000000000000000        0.18679178104838687     
   131.000000000000000000000000000000000        0.18130500495469035     
   132.000000000000000000000000000000000        0.17579106991673649     
   133.000000000000000000000000000000000        0.17025700545176414     
   134.000000000000000000000000000000000        0.16470923956083774     
   135.000000000000000000000000000000000        0.15915491779234969     
   136.000000000000000000000000000000000        0.15360045738742167     
   137.000000000000000000000000000000000        0.14805283023468443     
   138.000000000000000000000000000000000        0.14251847681631041     
   139.000000000000000000000000000000000        0.13700483103623978     
   140.000000000000000000000000000000000        0.13151790977454425     
   141.000000000000000000000000000000000        0.12606474494169678     
   142.000000000000000000000000000000000        0.12065165859805893     
   143.000000000000000000000000000000000        0.11528587095366925     
   144.000000000000000000000000000000000        0.10997326138949544     
   145.000000000000000000000000000000000        0.10472072266576418     
   146.000000000000000000000000000000000         9.9534596711159842E-002
   147.000000000000000000000000000000000         9.4420772421212454E-002
   148.000000000000000000000000000000000         8.9385990857889425E-002
   149.000000000000000000000000000000000         8.4436200545080664E-002
   150.000000000000000000000000000000000         7.9577426666109827E-002
   151.000000000000000000000000000000000         7.4815650870607500E-002
   152.000000000000000000000000000000000         7.0156601911218031E-002
   153.000000000000000000000000000000000         6.5605993751392797E-002
   154.000000000000000000000000000000000         6.1169381689368384E-002
   155.000000000000000000000000000000000         5.6852097713589643E-002
   156.000000000000000000000000000000000         5.2659507145917633E-002
   157.000000000000000000000000000000000         4.8596610861211267E-002
   158.000000000000000000000000000000000         4.4668411782662273E-002
   159.000000000000000000000000000000000         4.0879753098529023E-002
   160.000000000000000000000000000000000         3.7235146007982098E-002
   161.000000000000000000000000000000000         3.3739120183014698E-002
   162.000000000000000000000000000000000         3.0395921499301884E-002
   163.000000000000000000000000000000000         2.7209500562367116E-002
   164.000000000000000000000000000000000         2.4183880711917984E-002
   165.000000000000000000000000000000000         2.1322705888799462E-002
   166.000000000000000000000000000000000         1.8629488382297246E-002
   167.000000000000000000000000000000000         1.6107416035818809E-002
   168.000000000000000000000000000000000         1.3759655831347398E-002
   169.000000000000000000000000000000000         1.1589039372764634E-002
   170.000000000000000000000000000000000         9.5981582424356469E-003
   171.000000000000000000000000000000000         7.7895889777790037E-003
   172.000000000000000000000000000000000         6.1653822336169093E-003
   173.000000000000000000000000000000000         4.7275753922908339E-003
   174.000000000000000000000000000000000         3.4778853659120554E-003
   175.000000000000000000000000000000000         2.4179164395247707E-003
   176.000000000000000000000000000000000         1.5488882295439032E-003
   177.000000000000000000000000000000000         8.7186454636548429E-004
   178.000000000000000000000000000000000         3.8769040702029306E-004
   179.000000000000000000000000000000000         9.6951922642217564E-005
   180.000000000000000000000000000000000         2.4119344351728376E-015
   181.000000000000000000000000000000000         9.6953864975576697E-005
   182.000000000000000000000000000000000         3.8769578831960563E-004
   183.000000000000000000000000000000000         8.7187036390290527E-004
   184.000000000000000000000000000000000         1.5488892826714758E-003
   185.000000000000000000000000000000000         2.4179261039244957E-003
   186.000000000000000000000000000000000         3.4779232433840225E-003
   187.000000000000000000000000000000000         4.7275888564727152E-003
   188.000000000000000000000000000000000         6.1653979026674507E-003
   189.000000000000000000000000000000000         7.7896061761428808E-003
   190.000000000000000000000000000000000         9.5982470632073047E-003
   191.000000000000000000000000000000000         1.1589060221532776E-002
   192.000000000000000000000000000000000         1.3759679587972595E-002
   193.000000000000000000000000000000000         1.6107440433403189E-002
   194.000000000000000000000000000000000         1.8629497249165954E-002
   195.000000000000000000000000000000000         2.1322733716337371E-002
   196.000000000000000000000000000000000         2.4183906083257406E-002
   197.000000000000000000000000000000000         2.7209531684294172E-002
   198.000000000000000000000000000000000         3.0395891887231324E-002
   199.000000000000000000000000000000000         3.3739154447694833E-002
   200.000000000000000000000000000000000         3.7235209725501928E-002
   201.000000000000000000000000000000000         4.0879790339023628E-002
   202.000000000000000000000000000000000         4.4668402398625628E-002
   203.000000000000000000000000000000000         4.8596650896105251E-002
   204.000000000000000000000000000000000         5.2659543968900019E-002
   205.000000000000000000000000000000000         5.6852140347852909E-002
   206.000000000000000000000000000000000         6.1169442292103728E-002
   207.000000000000000000000000000000000         6.5606038777275694E-002
   208.000000000000000000000000000000000         7.0156657790154522E-002
   209.000000000000000000000000000000000         7.4815698068796441E-002
   210.000000000000000000000000000000000         7.9577456909070129E-002
   211.000000000000000000000000000000000         8.4436249685615611E-002
   212.000000000000000000000000000000000         8.9386031881706199E-002
   213.000000000000000000000000000000000         9.4420823264651094E-002
   214.000000000000000000000000000000000         9.9534446583307956E-002
   215.000000000000000000000000000000000        0.10472077496444326     
   216.000000000000000000000000000000000        0.10997329478178444     
   217.000000000000000000000000000000000        0.11528592445276735     
   218.000000000000000000000000000000000        0.12065191257745758     
   219.000000000000000000000000000000000        0.12606479938056150     
   220.000000000000000000000000000000000        0.13151796840392568     
   221.000000000000000000000000000000000        0.13700488614967432     
   222.000000000000000000000000000000000        0.14251875366569708     
   223.000000000000000000000000000000000        0.14805288575416201     
   224.000000000000000000000000000000000        0.15360049996409506     
   225.000000000000000000000000000000000        0.15915497344741331     
   226.000000000000000000000000000000000        0.16470939868454820     
   227.000000000000000000000000000000000        0.17025706097125076     
   228.000000000000000000000000000000000        0.17579124846102995     
   229.000000000000000000000000000000000        0.18130506006811828     
   230.000000000000000000000000000000000        0.18679206919249094     
   231.000000000000000000000000000000000        0.19224514599407083     
   232.000000000000000000000000000000000        0.19765813363607337     
   233.000000000000000000000000000000000        0.20302401974706979     
   234.000000000000000000000000000000000        0.20833667176191553     
   235.000000000000000000000000000000000        0.21358916773493686     
   236.000000000000000000000000000000000        0.21877558257549451     
   237.000000000000000000000000000000000        0.22388911761565800     
   238.000000000000000000000000000000000        0.22892400582821701     
   239.000000000000000000000000000000000        0.23387368906605127     
   240.000000000000000000000000000000000        0.23873251661411093     
   241.000000000000000000000000000000000        0.24349423825494246     
   242.000000000000000000000000000000000        0.24815330892187332     
   243.000000000000000000000000000000000        0.25270389483109795     
   244.000000000000000000000000000000000        0.25714061649119968     
   245.000000000000000000000000000000000        0.26145779027094845     
   246.000000000000000000000000000000000        0.26565043977649261     
   247.000000000000000000000000000000000        0.26971327647355503     
   248.000000000000000000000000000000000        0.27364135730229472     
   249.000000000000000000000000000000000        0.27743013353762463     
   250.000000000000000000000000000000000        0.28107467773031442     
   251.000000000000000000000000000000000        0.28457076570916617     
   252.000000000000000000000000000000000        0.28791391570862107     
   253.000000000000000000000000000000000        0.29110038454414328     
   254.000000000000000000000000000000000        0.29412595536317515     
   255.000000000000000000000000000000000        0.29698717839412653     
   256.000000000000000000000000000000000        0.29968035185455938     
   257.000000000000000000000000000000000        0.30220246738957851     
   258.000000000000000000000000000000000        0.30455029977244502     
   259.000000000000000000000000000000000        0.30672084316541914     
   260.000000000000000000000000000000000        0.30871149695315264     
   261.000000000000000000000000000000000        0.31052029264783970     
   262.000000000000000000000000000000000        0.31214425271652341     
   263.000000000000000000000000000000000        0.31358230529975500     
   264.000000000000000000000000000000000        0.31483185828571403     
   265.000000000000000000000000000000000        0.31589196330254998     
   266.000000000000000000000000000000000        0.31676094017082951     
   267.000000000000000000000000000000000        0.31743801423402379     
   268.000000000000000000000000000000000        0.31792207346280194     
   269.000000000000000000000000000000000        0.31821292588896466     
   270.000000000000000000000000000000000        0.31830981691503135     
   271.000000000000000000000000000000000        0.31821292297545400     
   272.000000000000000000000000000000000        0.31792206553880797     
   273.000000000000000000000000000000000        0.31743800550773005     
   274.000000000000000000000000000000000        0.31676105252977627     
   275.000000000000000000000000000000000        0.31589194880603039     
   276.000000000000000000000000000000000        0.31483206529283647     
   277.000000000000000000000000000000000        0.31358228510350428     
   278.000000000000000000000000000000000        0.31214453983139140     
   279.000000000000000000000000000000000        0.31052026685027656     
   280.000000000000000000000000000000000        0.30871175926423983     
   281.000000000000000000000000000000000        0.30672081189230865     
   282.000000000000000000000000000000000        0.30455037224508369     
   283.000000000000000000000000000000000        0.30220243079320824     
   284.000000000000000000000000000000000        0.29968047811741910     
   285.000000000000000000000000000000000        0.29698713665280019     
   286.000000000000000000000000000000000        0.29412602384399711     
   287.000000000000000000000000000000000        0.29110033786123957     
   288.000000000000000000000000000000000        0.28791406842488115     
   289.000000000000000000000000000000000        0.28457071431209613     
   290.000000000000000000000000000000000        0.28107463279328521     
   291.000000000000000000000000000000000        0.27743007767684469     
   292.000000000000000000000000000000000        0.27364143958660830     
   293.000000000000000000000000000000000        0.26971321642119467     
   294.000000000000000000000000000000000        0.26565049014588166     
   295.000000000000000000000000000000000        0.26145772631956299     
   296.000000000000000000000000000000000        0.25714049259577448     
   297.000000000000000000000000000000000        0.25270382729227381     
   298.000000000000000000000000000000000        0.24815333901444439     
   299.000000000000000000000000000000000        0.24349416745772126     
   300.000000000000000000000000000000000        0.23873255849251407     
   301.000000000000000000000000000000000        0.23387361535526982     
   302.000000000000000000000000000000000        0.22892394060635843     
   303.000000000000000000000000000000000        0.22388904135049786     
   304.000000000000000000000000000000000        0.21877557733907807     
   305.000000000000000000000000000000000        0.21358908928690176     
   306.000000000000000000000000000000000        0.20833657005667089     
   307.000000000000000000000000000000000        0.20302393949849493     
   308.000000000000000000000000000000000        0.19765790719779880     
   309.000000000000000000000000000000000        0.19224506433570526     
   310.000000000000000000000000000000000        0.18679184208811275     
   311.000000000000000000000000000000000        0.18130497739797083     
   312.000000000000000000000000000000000        0.17579114304565535     
   313.000000000000000000000000000000000        0.17025697769198359     
   314.000000000000000000000000000000000        0.16470929875281259     
   315.000000000000000000000000000000000        0.15915488996484470     
   316.000000000000000000000000000000000        0.15360028674195908     
   317.000000000000000000000000000000000        0.14805280247490527     
   318.000000000000000000000000000000000        0.14251861251024245     
   319.000000000000000000000000000000000        0.13700480347954275     
   320.000000000000000000000000000000000        0.13151775848976782     
   321.000000000000000000000000000000000        0.12606471772225442     
   322.000000000000000000000000000000000        0.12065178945785025     
   323.000000000000000000000000000000000        0.11528584420415165     
   324.000000000000000000000000000000000        0.10997326218206631     
   325.000000000000000000000000000000000        0.10472069651643064     
   326.000000000000000000000000000000000         9.9534397824326867E-002
   327.000000000000000000000000000000000         9.4420746999516067E-002
   328.000000000000000000000000000000000         8.9385902725741234E-002
   329.000000000000000000000000000000000         8.4436175974827971E-002
   330.000000000000000000000000000000000         7.9577411993913438E-002
   331.000000000000000000000000000000000         7.4815627271536428E-002
   332.000000000000000000000000000000000         7.0156698685378105E-002
   333.000000000000000000000000000000000         6.5605971238419616E-002
   334.000000000000000000000000000000000         6.1169328545849964E-002
   335.000000000000000000000000000000000         5.6852076396482494E-002
   336.000000000000000000000000000000000         5.2659414955419225E-002
   337.000000000000000000000000000000000         4.8596590843736485E-002
   338.000000000000000000000000000000000         4.4668398583890247E-002
   339.000000000000000000000000000000000         4.0879734478286654E-002
   340.000000000000000000000000000000000         3.7235136423390790E-002
   341.000000000000000000000000000000000         3.3739103050669510E-002
   342.000000000000000000000000000000000         3.0395842257600753E-002
   343.000000000000000000000000000000000         2.7209485001423145E-002
   344.000000000000000000000000000000000         2.4183760071967708E-002
   345.000000000000000000000000000000000         2.1322691975041948E-002
   346.000000000000000000000000000000000         1.8629433123073851E-002
   347.000000000000000000000000000000000         1.6107403837046043E-002
   348.000000000000000000000000000000000         1.3759641881084731E-002
   349.000000000000000000000000000000000         1.1589028948398349E-002
   350.000000000000000000000000000000000         9.5981984580987972E-003
   351.000000000000000000000000000000000         7.7895803786052903E-003
   352.000000000000000000000000000000000         6.1654125548817737E-003
   353.000000000000000000000000000000000         4.7275686602055297E-003
   354.000000000000000000000000000000000         3.4779052795399505E-003
   355.000000000000000000000000000000000         2.4179116073317175E-003
   356.000000000000000000000000000000000         1.5488764994739082E-003
   357.000000000000000000000000000000000         8.7186163760166995E-004
   358.000000000000000000000000000000000         3.8769002620256615E-004
   359.000000000000000000000000000000000         9.6950951482228535E-005
   360.000000000000000000000000000000000         3.8685102404709640E-014
