   1.00000000000000000000000000000000000         9.6952893807685203E-005
   2.00000000000000000000000000000000000         3.8769345305481609E-004
   3.00000000000000000000000000000000000         8.7186745512786218E-004
   4.00000000000000000000000000000000000         1.5488726643230993E-003
   5.00000000000000000000000000000000000         2.4179212717244450E-003
   6.00000000000000000000000000000000000         3.4779171847366952E-003
   7.00000000000000000000000000000000000         4.7275821243761658E-003
   8.00000000000000000000000000000000000         6.1654551648629187E-003
   9.00000000000000000000000000000000000         7.7895975769672375E-003
   10.0000000000000000000000000000000000         9.5982166722253966E-003
   11.0000000000000000000000000000000000         1.1589049797134638E-002
   12.0000000000000000000000000000000000         1.3759576467435725E-002
   13.0000000000000000000000000000000000         1.6107428234628868E-002
   14.0000000000000000000000000000000000         1.8629468439684074E-002
   15.0000000000000000000000000000000000         2.1322719802567308E-002
   16.0000000000000000000000000000000000         2.4183772789974387E-002
   17.0000000000000000000000000000000000         2.7209516123326040E-002
   18.0000000000000000000000000000000000         3.0395867360417089E-002
   19.0000000000000000000000000000000000         3.3739137315353954E-002
   20.0000000000000000000000000000000000         3.7235341875787663E-002
   21.0000000000000000000000000000000000         4.0879771718799453E-002
   22.0000000000000000000000000000000000         4.4668465367391400E-002
   23.0000000000000000000000000000000000         4.8596630878631995E-002
   24.0000000000000000000000000000000000         5.2659420521173166E-002
   25.0000000000000000000000000000000000         5.6852119030707630E-002
   26.0000000000000000000000000000000000         6.1169424522066529E-002
   27.0000000000000000000000000000000000         6.5606016264332795E-002
   28.0000000000000000000000000000000000         7.0156608237893853E-002
   29.0000000000000000000000000000000000         7.4815674469712337E-002
   30.0000000000000000000000000000000000         7.9577541653350597E-002
   31.0000000000000000000000000000000000         8.4436225115304353E-002
   32.0000000000000000000000000000000000         8.9385651638538718E-002
   33.0000000000000000000000000000000000         9.4420797842929768E-002
   34.0000000000000000000000000000000000         9.9534458393974110E-002
   35.0000000000000000000000000000000000        0.10472074881507883     
   36.0000000000000000000000000000000000        0.10997381258549768     
   37.0000000000000000000000000000000000        0.11528589770322631     
   38.0000000000000000000000000000000000        0.12065188949630019     
   39.0000000000000000000000000000000000        0.12606477216110648     
   40.0000000000000000000000000000000000        0.13151775675977900     
   41.0000000000000000000000000000000000        0.13700485859299080     
   42.0000000000000000000000000000000000        0.14251860128514762     
   43.0000000000000000000000000000000000        0.14805285799438100     
   44.0000000000000000000000000000000000        0.15360078059382981     
   45.0000000000000000000000000000000000        0.15915494561988813     
   46.0000000000000000000000000000000000        0.16470943682448602     
   47.0000000000000000000000000000000000        0.17025703321149230     
   48.0000000000000000000000000000000000        0.17579102865234522     
   49.0000000000000000000000000000000000        0.18130503251145216     
   50.0000000000000000000000000000000000        0.18679200068977980     
   51.0000000000000000000000000000000000        0.19224511877458894     
   52.0000000000000000000000000000000000        0.19765832133726891     
   53.0000000000000000000000000000000000        0.20302399299752841     
   54.0000000000000000000000000000000000        0.20833633987960073     
   55.0000000000000000000000000000000000        0.21358914158559625     
   56.0000000000000000000000000000000000        0.21877558836059410     
   57.0000000000000000000000000000000000        0.22388909219393299     
   58.0000000000000000000000000000000000        0.22892392778207918     
   59.0000000000000000000000000000000000        0.23387366449575875     
   60.0000000000000000000000000000000000        0.23873194710800627     
   61.0000000000000000000000000000000000        0.24349421465590385     
   62.0000000000000000000000000000000000        0.24815318654423368     
   63.0000000000000000000000000000000000        0.25270387231810759     
   64.0000000000000000000000000000000000        0.25714046140992186     
   65.0000000000000000000000000000000000        0.26145776895388495     
   66.0000000000000000000000000000000000        0.26565028589881373     
   67.0000000000000000000000000000000000        0.26971325645611377     
   68.0000000000000000000000000000000000        0.27364157843786630     
   69.0000000000000000000000000000000000        0.27743011491737346     
   70.0000000000000000000000000000000000        0.28107498826962996     
   71.0000000000000000000000000000000000        0.28457074857676767     
   72.0000000000000000000000000000000000        0.28791390594639221     
   73.0000000000000000000000000000000000        0.29110036898314912     
   74.0000000000000000000000000000000000        0.29412567953474933     
   75.0000000000000000000000000000000000        0.29698716448040041     
   76.0000000000000000000000000000000000        0.29968015246059931     
   77.0000000000000000000000000000000000        0.30220245519077926     
   78.0000000000000000000000000000000000        0.30454998451634796     
   79.0000000000000000000000000000000000        0.30672083274109657     
   80.0000000000000000000000000000000000        0.30871212058900815     
   81.0000000000000000000000000000000000        0.31052028404867227     
   82.0000000000000000000000000000000000        0.31214453614467347     
   83.0000000000000000000000000000000000        0.31358229856774777     
   84.0000000000000000000000000000000000        0.31483150205549393     
   85.0000000000000000000000000000000000        0.31589195847037249     
   86.0000000000000000000000000000000000        0.31676116981305869     
   87.0000000000000000000000000000000000        0.31743801132530630     
   88.0000000000000000000000000000000000        0.31792218148651158     
   89.0000000000000000000000000000000000        0.31821292491785230     
   90.0000000000000000000000000000000000        0.31830971006299813     
   91.0000000000000000000000000000000000        0.31821292394662787     
   92.0000000000000000000000000000000000        0.31792220368998353     
   93.0000000000000000000000000000000000        0.31743800841644321     
   94.0000000000000000000000000000000000        0.31676106142891808     
   95.0000000000000000000000000000000000        0.31589195363825623     
   96.0000000000000000000000000000000000        0.31483192573735896     
   97.0000000000000000000000000000000000        0.31358229183563546     
   98.0000000000000000000000000000000000        0.31214437596777955     
   99.0000000000000000000000000000000000        0.31052027544934635     
   100.000000000000000000000000000000000        0.30871126171937768     
   101.000000000000000000000000000000000        0.30672082231672249     
   102.000000000000000000000000000000000        0.30455035979238310     
   103.000000000000000000000000000000000        0.30220244299203008     
   104.000000000000000000000000000000000        0.29968024533413040     
   105.000000000000000000000000000000000        0.29698715056661107     
   106.000000000000000000000000000000000        0.29412571927826514     
   107.000000000000000000000000000000000        0.29110035342216795     
   108.000000000000000000000000000000000        0.28791406287638116     
   109.000000000000000000000000000000000        0.28457073144451422     
   110.000000000000000000000000000000000        0.28107484081359613     
   111.000000000000000000000000000000000        0.27743009629706444     
   112.000000000000000000000000000000000        0.27364171244899582     
   113.000000000000000000000000000000000        0.26971323643865586     
   114.000000000000000000000000000000000        0.26565046931448572     
   115.000000000000000000000000000000000        0.26145774763671248     
   116.000000000000000000000000000000000        0.25714019703789626     
   117.000000000000000000000000000000000        0.25270384980526550     
   118.000000000000000000000000000000000        0.24815302382088492     
   119.000000000000000000000000000000000        0.24349419105669504     
   120.000000000000000000000000000000000        0.23873266570684276     
   121.000000000000000000000000000000000        0.23387363992555360     
   122.000000000000000000000000000000000        0.22892404797016205     
   123.000000000000000000000000000000000        0.22388906677216255     
   124.000000000000000000000000000000000        0.21877515944190348     
   125.000000000000000000000000000000000        0.21358911543626385     
   126.000000000000000000000000000000000        0.20833657125522109     
   127.000000000000000000000000000000000        0.20302396624798488     
   128.000000000000000000000000000000000        0.19765786701852905     
   129.000000000000000000000000000000000        0.19224509155523256     
   130.000000000000000000000000000000000        0.18679169662764367     
   131.000000000000000000000000000000000        0.18130500495469942     
   132.000000000000000000000000000000000        0.17579101279994427     
   133.000000000000000000000000000000000        0.17025700545179345     
   134.000000000000000000000000000000000        0.16470915286893240     
   135.000000000000000000000000000000000        0.15915491779234403     
   136.000000000000000000000000000000000        0.15360043030550632     
   137.000000000000000000000000000000000        0.14805283023470631     
   138.000000000000000000000000000000000        0.14251829673912539     
   139.000000000000000000000000000000000        0.13700483103622532     
   140.000000000000000000000000000000000        0.13151787489609496     
   141.000000000000000000000000000000000        0.12606474494170183     
   142.000000000000000000000000000000000        0.12065149916531080     
   143.000000000000000000000000000000000        0.11528587095364876     
   144.000000000000000000000000000000000        0.10997319959218689     
   145.000000000000000000000000000000000        0.10472072266576878     
   146.000000000000000000000000000000000         9.9534734864040325E-002
   147.000000000000000000000000000000000         9.4420772421212454E-002
   148.000000000000000000000000000000000         8.9385995566412885E-002
   149.000000000000000000000000000000000         8.4436200545080622E-002
   150.000000000000000000000000000000000         7.9577408136798755E-002
   151.000000000000000000000000000000000         7.4815650870601699E-002
   152.000000000000000000000000000000000         7.0156597794114484E-002
   153.000000000000000000000000000000000         6.5605993751410061E-002
   154.000000000000000000000000000000000         6.1169403129334513E-002
   155.000000000000000000000000000000000         5.6852097713588998E-002
   156.000000000000000000000000000000000         5.2659529314591010E-002
   157.000000000000000000000000000000000         4.8596610861225575E-002
   158.000000000000000000000000000000000         4.4668388716748220E-002
   159.000000000000000000000000000000000         4.0879753098527406E-002
   160.000000000000000000000000000000000         3.7235129271527209E-002
   161.000000000000000000000000000000000         3.3739120183016169E-002
   162.000000000000000000000000000000000         3.0395960616721774E-002
   163.000000000000000000000000000000000         2.7209500562365221E-002
   164.000000000000000000000000000000000         2.4183879244451773E-002
   165.000000000000000000000000000000000         2.1322705888796211E-002
   166.000000000000000000000000000000000         1.8629514434854541E-002
   167.000000000000000000000000000000000         1.6107416035813969E-002
   168.000000000000000000000000000000000         1.3759655018406383E-002
   169.000000000000000000000000000000000         1.1589039372761371E-002
   170.000000000000000000000000000000000         9.5981172099267823E-003
   171.000000000000000000000000000000000         7.7895889777790158E-003
   172.000000000000000000000000000000000         6.1653799002220891E-003
   173.000000000000000000000000000000000         4.7275753922927169E-003
   174.000000000000000000000000000000000         3.4778637814720827E-003
   175.000000000000000000000000000000000         2.4179164395247373E-003
   176.000000000000000000000000000000000         1.5488940501219284E-003
   177.000000000000000000000000000000000         8.7186454636642820E-004
   178.000000000000000000000000000000000         3.8768950045032125E-004
   179.000000000000000000000000000000000         9.6951922642530479E-005
   180.000000000000000000000000000000000         2.3949133162752298E-015
   181.000000000000000000000000000000000         9.6953864975411112E-005
   182.000000000000000000000000000000000         3.8769611169557074E-004
   183.000000000000000000000000000000000         8.7187036390257492E-004
   184.000000000000000000000000000000000         1.5488896119051862E-003
   185.000000000000000000000000000000000         2.4179261039229834E-003
   186.000000000000000000000000000000000         3.4779232433884747E-003
   187.000000000000000000000000000000000         4.7275888564760511E-003
   188.000000000000000000000000000000000         6.1653958387569430E-003
   189.000000000000000000000000000000000         7.7896061761440127E-003
   190.000000000000000000000000000000000         9.5982632906094281E-003
   191.000000000000000000000000000000000         1.1589060221539233E-002
   192.000000000000000000000000000000000         1.3759679693734131E-002
   193.000000000000000000000000000000000         1.6107440433404487E-002
   194.000000000000000000000000000000000         1.8629509138339811E-002
   195.000000000000000000000000000000000         2.1322733716336389E-002
   196.000000000000000000000000000000000         2.4183901234167565E-002
   197.000000000000000000000000000000000         2.7209531684297919E-002
   198.000000000000000000000000000000000         3.0395879865918258E-002
   199.000000000000000000000000000000000         3.3739154447694243E-002
   200.000000000000000000000000000000000         3.7235215916740151E-002
   201.000000000000000000000000000000000         4.0879790339008848E-002
   202.000000000000000000000000000000000         4.4668339910971397E-002
   203.000000000000000000000000000000000         4.8596650896108831E-002
   204.000000000000000000000000000000000         5.2659562415073469E-002
   205.000000000000000000000000000000000         5.6852140347857516E-002
   206.000000000000000000000000000000000         6.1169477472336857E-002
   207.000000000000000000000000000000000         6.5606038777280828E-002
   208.000000000000000000000000000000000         7.0156661663855119E-002
   209.000000000000000000000000000000000         7.4815698068801631E-002
   210.000000000000000000000000000000000         7.9577423646846321E-002
   211.000000000000000000000000000000000         8.4436249685635872E-002
   212.000000000000000000000000000000000         8.9386029206739603E-002
   213.000000000000000000000000000000000         9.4420823264653689E-002
   214.000000000000000000000000000000000         9.9534419213761133E-002
   215.000000000000000000000000000000000        0.10472077496446464     
   216.000000000000000000000000000000000        0.10997321695262878     
   217.000000000000000000000000000000000        0.11528592445275698     
   218.000000000000000000000000000000000        0.12065191722871396     
   219.000000000000000000000000000000000        0.12606479938055970     
   220.000000000000000000000000000000000        0.13151793665970146     
   221.000000000000000000000000000000000        0.13700488614965781     
   222.000000000000000000000000000000000        0.14251875533132083     
   223.000000000000000000000000000000000        0.14805288575416820     
   224.000000000000000000000000000000000        0.15360046217900938     
   225.000000000000000000000000000000000        0.15915497344740409     
   226.000000000000000000000000000000000        0.16470939691778297     
   227.000000000000000000000000000000000        0.17025706097127202     
   228.000000000000000000000000000000000        0.17579129242657962     
   229.000000000000000000000000000000000        0.18130506006812058     
   230.000000000000000000000000000000000        0.18679217622575967     
   231.000000000000000000000000000000000        0.19224514599409961     
   232.000000000000000000000000000000000        0.19765821217267077     
   233.000000000000000000000000000000000        0.20302401974705309     
   234.000000000000000000000000000000000        0.20833676850706020     
   235.000000000000000000000000000000000        0.21358916773495559     
   236.000000000000000000000000000000000        0.21877568160020056     
   237.000000000000000000000000000000000        0.22388911761565736     
   238.000000000000000000000000000000000        0.22892408879518530     
   239.000000000000000000000000000000000        0.23387368906604850     
   240.000000000000000000000000000000000        0.23873257937279546     
   241.000000000000000000000000000000000        0.24349423825494360     
   242.000000000000000000000000000000000        0.24815333106732329     
   243.000000000000000000000000000000000        0.25270389483108724     
   244.000000000000000000000000000000000        0.25714068521769973     
   245.000000000000000000000000000000000        0.26145779027091937     
   246.000000000000000000000000000000000        0.26565046622850819     
   247.000000000000000000000000000000000        0.26971327647356608     
   248.000000000000000000000000000000000        0.27364128362454043     
   249.000000000000000000000000000000000        0.27743013353763957     
   250.000000000000000000000000000000000        0.28107464315903441     
   251.000000000000000000000000000000000        0.28457076570916617     
   252.000000000000000000000000000000000        0.28791383696343120     
   253.000000000000000000000000000000000        0.29110038454416243     
   254.000000000000000000000000000000000        0.29412591693395573     
   255.000000000000000000000000000000000        0.29698717839415750     
   256.000000000000000000000000000000000        0.29968029001021784     
   257.000000000000000000000000000000000        0.30220246738957851     
   258.000000000000000000000000000000000        0.30455036016983966     
   259.000000000000000000000000000000000        0.30672084316541126     
   260.000000000000000000000000000000000        0.30871135182029175     
   261.000000000000000000000000000000000        0.31052029264785552     
   262.000000000000000000000000000000000        0.31214405303068926     
   263.000000000000000000000000000000000        0.31358230529974701     
   264.000000000000000000000000000000000        0.31483176781509015     
   265.000000000000000000000000000000000        0.31589196330252201     
   266.000000000000000000000000000000000        0.31676089261729762     
   267.000000000000000000000000000000000        0.31743801423401974     
   268.000000000000000000000000000000000        0.31792198048076331     
   269.000000000000000000000000000000000        0.31821292588897671     
   270.000000000000000000000000000000000        0.31830976734705657     
   271.000000000000000000000000000000000        0.31821292297545800     
   272.000000000000000000000000000000000        0.31792197083324852     
   273.000000000000000000000000000000000        0.31743800550773804     
   274.000000000000000000000000000000000        0.31676110670135726     
   275.000000000000000000000000000000000        0.31589194880607036     
   276.000000000000000000000000000000000        0.31483215891586047     
   277.000000000000000000000000000000000        0.31358228510351227     
   278.000000000000000000000000000000000        0.31214459460768051     
   279.000000000000000000000000000000000        0.31052026685027656     
   280.000000000000000000000000000000000        0.30871185278885016     
   281.000000000000000000000000000000000        0.30672081189232048     
   282.000000000000000000000000000000000        0.30455051996811011     
   283.000000000000000000000000000000000        0.30220243079320436     
   284.000000000000000000000000000000000        0.29968055203149624     
   285.000000000000000000000000000000000        0.29698713665281179     
   286.000000000000000000000000000000000        0.29412607790287293     
   287.000000000000000000000000000000000        0.29110033786123957     
   288.000000000000000000000000000000000        0.28791415524777930     
   289.000000000000000000000000000000000        0.28457071431205821     
   290.000000000000000000000000000000000        0.28107460538061352     
   291.000000000000000000000000000000000        0.27743007767684846     
   292.000000000000000000000000000000000        0.27364148100727020     
   293.000000000000000000000000000000000        0.26971321642120571     
   294.000000000000000000000000000000000        0.26565060883099589     
   295.000000000000000000000000000000000        0.26145772631953390     
   296.000000000000000000000000000000000        0.25714051364207008     
   297.000000000000000000000000000000000        0.25270382729228091     
   298.000000000000000000000000000000000        0.24815344263912709     
   299.000000000000000000000000000000000        0.24349416745775809     
   300.000000000000000000000000000000000        0.23873271493449510     
   301.000000000000000000000000000000000        0.23387361535525264     
   302.000000000000000000000000000000000        0.22892403162404540     
   303.000000000000000000000000000000000        0.22388904135049281     
   304.000000000000000000000000000000000        0.21877573557802285     
   305.000000000000000000000000000000000        0.21358908928688042     
   306.000000000000000000000000000000000        0.20833664849733932     
   307.000000000000000000000000000000000        0.20302393949852374     
   308.000000000000000000000000000000000        0.19765786640272337     
   309.000000000000000000000000000000000        0.19224506433568656     
   310.000000000000000000000000000000000        0.18679183023719370     
   311.000000000000000000000000000000000        0.18130497739798143     
   312.000000000000000000000000000000000        0.17579116863983890     
   313.000000000000000000000000000000000        0.17025697769198506     
   314.000000000000000000000000000000000        0.16470928344759669     
   315.000000000000000000000000000000000        0.15915488996486454     
   316.000000000000000000000000000000000        0.15360014246226580     
   317.000000000000000000000000000000000        0.14805280247489980     
   318.000000000000000000000000000000000        0.14251856647931782     
   319.000000000000000000000000000000000        0.13700480347954669     
   320.000000000000000000000000000000000        0.13151762196625896     
   321.000000000000000000000000000000000        0.12606471772225189     
   322.000000000000000000000000000000000        0.12065175955174012     
   323.000000000000000000000000000000000        0.11528584420415165     
   324.000000000000000000000000000000000        0.10997322275038883     
   325.000000000000000000000000000000000        0.10472069651642833     
   326.000000000000000000000000000000000         9.9534393958151529E-002
   327.000000000000000000000000000000000         9.4420746999532443E-002
   328.000000000000000000000000000000000         8.9385855642747009E-002
   329.000000000000000000000000000000000         8.4436175974825903E-002
   330.000000000000000000000000000000000         7.9577401199699929E-002
   331.000000000000000000000000000000000         7.4815627271542257E-002
   332.000000000000000000000000000000000         7.0156792902070123E-002
   333.000000000000000000000000000000000         6.5605971238412331E-002
   334.000000000000000000000000000000000         6.1169324373400884E-002
   335.000000000000000000000000000000000         5.6852076396496046E-002
   336.000000000000000000000000000000000         5.2659378448725307E-002
   337.000000000000000000000000000000000         4.8596590843728651E-002
   338.000000000000000000000000000000000         4.4668380549237184E-002
   339.000000000000000000000000000000000         4.0879734478291678E-002
   340.000000000000000000000000000000000         3.7235126499321147E-002
   341.000000000000000000000000000000000         3.3739103050662661E-002
   342.000000000000000000000000000000000         3.0395829776971094E-002
   343.000000000000000000000000000000000         2.7209485001429883E-002
   344.000000000000000000000000000000000         2.4183671717616251E-002
   345.000000000000000000000000000000000         2.1322691975041427E-002
   346.000000000000000000000000000000000         1.8629424554080030E-002
   347.000000000000000000000000000000000         1.6107403837048975E-002
   348.000000000000000000000000000000000         1.3759638908725690E-002
   349.000000000000000000000000000000000         1.1589028948399019E-002
   350.000000000000000000000000000000000         9.5981982322485577E-003
   351.000000000000000000000000000000000         7.7895803786059963E-003
   352.000000000000000000000000000000000         6.1654413941283071E-003
   353.000000000000000000000000000000000         4.7275686602053467E-003
   354.000000000000000000000000000000000         3.4779047816231594E-003
   355.000000000000000000000000000000000         2.4179116073322201E-003
   356.000000000000000000000000000000000         1.5488758730796538E-003
   357.000000000000000000000000000000000         8.7186163760125037E-004
   358.000000000000000000000000000000000         3.8769039989887389E-004
   359.000000000000000000000000000000000         9.6950951482306150E-005
   360.000000000000000000000000000000000         1.9272840188848511E-013
