   1.00000000000000000000000000000000000         9.6952893807137830E-005
   2.00000000000000000000000000000000000         3.8769345305377553E-004
   3.00000000000000000000000000000000000         8.7186745512935111E-004
   4.00000000000000000000000000000000000         1.5488775324713942E-003
   5.00000000000000000000000000000000000         2.4179212717237910E-003
   6.00000000000000000000000000000000000         3.4779172923866926E-003
   7.00000000000000000000000000000000000         4.7275821243764104E-003
   8.00000000000000000000000000000000000         6.1654305496250603E-003
   9.00000000000000000000000000000000000         7.7895975769632936E-003
   10.0000000000000000000000000000000000         9.5982171045589076E-003
   11.0000000000000000000000000000000000         1.1589049797138862E-002
   12.0000000000000000000000000000000000         1.3759612620194575E-002
   13.0000000000000000000000000000000000         1.6107428234621426E-002
   14.0000000000000000000000000000000000         1.8629468934738991E-002
   15.0000000000000000000000000000000000         2.1322719802568380E-002
   16.0000000000000000000000000000000000         2.4183821871476465E-002
   17.0000000000000000000000000000000000         2.7209516123326130E-002
   18.0000000000000000000000000000000000         3.0395876360316487E-002
   19.0000000000000000000000000000000000         3.3739137315353850E-002
   20.0000000000000000000000000000000000         3.7235279730318406E-002
   21.0000000000000000000000000000000000         4.0879771718792965E-002
   22.0000000000000000000000000000000000         4.4668462944993055E-002
   23.0000000000000000000000000000000000         4.8596630878638032E-002
   24.0000000000000000000000000000000000         5.2659452183474002E-002
   25.0000000000000000000000000000000000         5.6852119030710753E-002
   26.0000000000000000000000000000000000         6.1169405973343492E-002
   27.0000000000000000000000000000000000         6.5606016264328243E-002
   28.0000000000000000000000000000000000         7.0156616819741571E-002
   29.0000000000000000000000000000000000         7.4815674469707022E-002
   30.0000000000000000000000000000000000         7.9577514716049985E-002
   31.0000000000000000000000000000000000         8.4436225115317218E-002
   32.0000000000000000000000000000000000         8.9385793015603066E-002
   33.0000000000000000000000000000000000         9.4420797842928575E-002
   34.0000000000000000000000000000000000         9.9534456715840353E-002
   35.0000000000000000000000000000000000        0.10472074881508310     
   36.0000000000000000000000000000000000        0.10997363535132264     
   37.0000000000000000000000000000000000        0.11528589770322925     
   38.0000000000000000000000000000000000        0.12065188571491998     
   39.0000000000000000000000000000000000        0.12606477216111556     
   40.0000000000000000000000000000000000        0.13151784467488720     
   41.0000000000000000000000000000000000        0.13700485859298367     
   42.0000000000000000000000000000000000        0.14251864966420305     
   43.0000000000000000000000000000000000        0.14805285799439197     
   44.0000000000000000000000000000000000        0.15360067711615988     
   45.0000000000000000000000000000000000        0.15915494561988791     
   46.0000000000000000000000000000000000        0.16470941166499575     
   47.0000000000000000000000000000000000        0.17025703321148741     
   48.0000000000000000000000000000000000        0.17579108329200668     
   49.0000000000000000000000000000000000        0.18130503251142946     
   50.0000000000000000000000000000000000        0.18679196545362503     
   51.0000000000000000000000000000000000        0.19224511877459460     
   52.0000000000000000000000000000000000        0.19765819891864125     
   53.0000000000000000000000000000000000        0.20302399299753521     
   54.0000000000000000000000000000000000        0.20833641382666129     
   55.0000000000000000000000000000000000        0.21358914158559353     
   56.0000000000000000000000000000000000        0.21877552830939440     
   57.0000000000000000000000000000000000        0.22388909219393580     
   58.0000000000000000000000000000000000        0.22892390882053579     
   59.0000000000000000000000000000000000        0.23387366449577690     
   60.0000000000000000000000000000000000        0.23873213203399835     
   61.0000000000000000000000000000000000        0.24349421465588381     
   62.0000000000000000000000000000000000        0.24815321506393001     
   63.0000000000000000000000000000000000        0.25270387231813168     
   64.0000000000000000000000000000000000        0.25714048088864477     
   65.0000000000000000000000000000000000        0.26145776895387313     
   66.0000000000000000000000000000000000        0.26565032571378661     
   67.0000000000000000000000000000000000        0.26971325645610639     
   68.0000000000000000000000000000000000        0.27364151901814576     
   69.0000000000000000000000000000000000        0.27743011491736458     
   70.0000000000000000000000000000000000        0.28107487536542702     
   71.0000000000000000000000000000000000        0.28457074857679315     
   72.0000000000000000000000000000000000        0.28791394119339508     
   73.0000000000000000000000000000000000        0.29110036898315356     
   74.0000000000000000000000000000000000        0.29412580096706153     
   75.0000000000000000000000000000000000        0.29698716448037221     
   76.0000000000000000000000000000000000        0.29968025566721634     
   77.0000000000000000000000000000000000        0.30220245519078393     
   78.0000000000000000000000000000000000        0.30455007535003598     
   79.0000000000000000000000000000000000        0.30672083274108158     
   80.0000000000000000000000000000000000        0.30871194065043500     
   81.0000000000000000000000000000000000        0.31052028404865967     
   82.0000000000000000000000000000000000        0.31214451732107878     
   83.0000000000000000000000000000000000        0.31358229856772218     
   84.0000000000000000000000000000000000        0.31483168374218706     
   85.0000000000000000000000000000000000        0.31589195847037738     
   86.0000000000000000000000000000000000        0.31676110057844004     
   87.0000000000000000000000000000000000        0.31743801132529093     
   88.0000000000000000000000000000000000        0.31792218281040774     
   89.0000000000000000000000000000000000        0.31821292491782566     
   90.0000000000000000000000000000000000        0.31830977602587113     
   91.0000000000000000000000000000000000        0.31821292394662637     
   92.0000000000000000000000000000000000        0.31792219549205658     
   93.0000000000000000000000000000000000        0.31743800841646225     
   94.0000000000000000000000000000000000        0.31676103341002676     
   95.0000000000000000000000000000000000        0.31589195363823025     
   96.0000000000000000000000000000000000        0.31483193805661369     
   97.0000000000000000000000000000000000        0.31358229183561603     
   98.0000000000000000000000000000000000        0.31214441728762543     
   99.0000000000000000000000000000000000        0.31052027544939326     
   100.000000000000000000000000000000000        0.30871141673655411     
   101.000000000000000000000000000000000        0.30672082231670339     
   102.000000000000000000000000000000000        0.30455029816626861     
   103.000000000000000000000000000000000        0.30220244299202165     
   104.000000000000000000000000000000000        0.29968030676248175     
   105.000000000000000000000000000000000        0.29698715056658903     
   106.000000000000000000000000000000000        0.29412581922162362     
   107.000000000000000000000000000000000        0.29110035342218304     
   108.000000000000000000000000000000000        0.28791402978500530     
   109.000000000000000000000000000000000        0.28457073144450273     
   110.000000000000000000000000000000000        0.28107477900697575     
   111.000000000000000000000000000000000        0.27743009629707904     
   112.000000000000000000000000000000000        0.27364159255645337     
   113.000000000000000000000000000000000        0.26971323643864792     
   114.000000000000000000000000000000000        0.26565042864106836     
   115.000000000000000000000000000000000        0.26145774763672019     
   116.000000000000000000000000000000000        0.25714031212817196     
   117.000000000000000000000000000000000        0.25270384980524541     
   118.000000000000000000000000000000000        0.24815310741510338     
   119.000000000000000000000000000000000        0.24349419105672418     
   120.000000000000000000000000000000000        0.23873255773781080     
   121.000000000000000000000000000000000        0.23387363992555060     
   122.000000000000000000000000000000000        0.22892397174691159     
   123.000000000000000000000000000000000        0.22388906677218753     
   124.000000000000000000000000000000000        0.21877525836658859     
   125.000000000000000000000000000000000        0.21358911543626097     
   126.000000000000000000000000000000000        0.20833654351844522     
   127.000000000000000000000000000000000        0.20302396624799326     
   128.000000000000000000000000000000000        0.19765791311962291     
   129.000000000000000000000000000000000        0.19224509155520531     
   130.000000000000000000000000000000000        0.18679177049579293     
   131.000000000000000000000000000000000        0.18130500495469148     
   132.000000000000000000000000000000000        0.17579106277713694     
   133.000000000000000000000000000000000        0.17025700545176781     
   134.000000000000000000000000000000000        0.16470922872434832     
   135.000000000000000000000000000000000        0.15915491779234900     
   136.000000000000000000000000000000000        0.15360045400218214     
   137.000000000000000000000000000000000        0.14805283023468718     
   138.000000000000000000000000000000000        0.14251845430665605     
   139.000000000000000000000000000000000        0.13700483103623798     
   140.000000000000000000000000000000000        0.13151790541473782     
   141.000000000000000000000000000000000        0.12606474494169742     
   142.000000000000000000000000000000000        0.12065163866895966     
   143.000000000000000000000000000000000        0.11528587095366670     
   144.000000000000000000000000000000000        0.10997325366483092     
   145.000000000000000000000000000000000        0.10472072266576475     
   146.000000000000000000000000000000000         9.9534613980264655E-002
   147.000000000000000000000000000000000         9.4420772421212454E-002
   148.000000000000000000000000000000000         8.9385991446454857E-002
   149.000000000000000000000000000000000         8.4436200545080622E-002
   150.000000000000000000000000000000000         7.9577424349945816E-002
   151.000000000000000000000000000000000         7.4815650870606806E-002
   152.000000000000000000000000000000000         7.0156601396580073E-002
   153.000000000000000000000000000000000         6.5605993751394934E-002
   154.000000000000000000000000000000000         6.1169384369363942E-002
   155.000000000000000000000000000000000         5.6852097713589587E-002
   156.000000000000000000000000000000000         5.2659509917001551E-002
   157.000000000000000000000000000000000         4.8596610861213030E-002
   158.000000000000000000000000000000000         4.4668408899422696E-002
   159.000000000000000000000000000000000         4.0879753098528843E-002
   160.000000000000000000000000000000000         3.7235143915925036E-002
   161.000000000000000000000000000000000         3.3739120183014865E-002
   162.000000000000000000000000000000000         3.0395926388977996E-002
   163.000000000000000000000000000000000         2.7209500562366897E-002
   164.000000000000000000000000000000000         2.4183880528484705E-002
   165.000000000000000000000000000000000         2.1322705888799039E-002
   166.000000000000000000000000000000000         1.8629491638865913E-002
   167.000000000000000000000000000000000         1.6107416035818216E-002
   168.000000000000000000000000000000000         1.3759655729729771E-002
   169.000000000000000000000000000000000         1.1589039372764214E-002
   170.000000000000000000000000000000000         9.5981531133672426E-003
   171.000000000000000000000000000000000         7.7895889777790132E-003
   172.000000000000000000000000000000000         6.1653819419425328E-003
   173.000000000000000000000000000000000         4.7275753922910628E-003
   174.000000000000000000000000000000000         3.4778826678533961E-003
   175.000000000000000000000000000000000         2.4179164395247712E-003
   176.000000000000000000000000000000000         1.5488889571155583E-003
   177.000000000000000000000000000000000         8.7186454636559922E-004
   178.000000000000000000000000000000000         3.8769029369898863E-004
   179.000000000000000000000000000000000         9.6951922642257666E-005
   180.000000000000000000000000000000000         2.4098034991180563E-015
   181.000000000000000000000000000000000         9.6953864975557019E-005
   182.000000000000000000000000000000000         3.8769582874159398E-004
   183.000000000000000000000000000000000         8.7187036390286093E-004
   184.000000000000000000000000000000000         1.5488893238256877E-003
   185.000000000000000000000000000000000         2.4179261039243114E-003
   186.000000000000000000000000000000000         3.4779232433845789E-003
   187.000000000000000000000000000000000         4.7275888564731272E-003
   188.000000000000000000000000000000000         6.1653976446786182E-003
   189.000000000000000000000000000000000         7.7896061761430282E-003
   190.000000000000000000000000000000000         9.5982490916318199E-003
   191.000000000000000000000000000000000         1.1589060221533578E-002
   192.000000000000000000000000000000000         1.3759679601192787E-002
   193.000000000000000000000000000000000         1.6107440433403359E-002
   194.000000000000000000000000000000000         1.8629498735312479E-002
   195.000000000000000000000000000000000         2.1322733716337243E-002
   196.000000000000000000000000000000000         2.4183905477121150E-002
   197.000000000000000000000000000000000         2.7209531684294647E-002
   198.000000000000000000000000000000000         3.0395890384567061E-002
   199.000000000000000000000000000000000         3.3739154447694750E-002
   200.000000000000000000000000000000000         3.7235210499406673E-002
   201.000000000000000000000000000000000         4.0879790339021789E-002
   202.000000000000000000000000000000000         4.4668394587666457E-002
   203.000000000000000000000000000000000         4.8596650896105688E-002
   204.000000000000000000000000000000000         5.2659546274671523E-002
   205.000000000000000000000000000000000         5.6852140347853491E-002
   206.000000000000000000000000000000000         6.1169446689632312E-002
   207.000000000000000000000000000000000         6.5606038777276249E-002
   208.000000000000000000000000000000000         7.0156658274367095E-002
   209.000000000000000000000000000000000         7.4815698068797176E-002
   210.000000000000000000000000000000000         7.9577452751291772E-002
   211.000000000000000000000000000000000         8.4436249685618067E-002
   212.000000000000000000000000000000000         8.9386031547335376E-002
   213.000000000000000000000000000000000         9.4420823264651496E-002
   214.000000000000000000000000000000000         9.9534443162114392E-002
   215.000000000000000000000000000000000        0.10472077496444585     
   216.000000000000000000000000000000000        0.10997328505313848     
   217.000000000000000000000000000000000        0.11528592445276614     
   218.000000000000000000000000000000000        0.12065191315886463     
   219.000000000000000000000000000000000        0.12606479938056120     
   220.000000000000000000000000000000000        0.13151796443589744     
   221.000000000000000000000000000000000        0.13700488614967235     
   222.000000000000000000000000000000000        0.14251875387390006     
   223.000000000000000000000000000000000        0.14805288575416267     
   224.000000000000000000000000000000000        0.15360049524095909     
   225.000000000000000000000000000000000        0.15915497344741225     
   226.000000000000000000000000000000000        0.16470939846370256     
   227.000000000000000000000000000000000        0.17025706097125334     
   228.000000000000000000000000000000000        0.17579125395672335     
   229.000000000000000000000000000000000        0.18130506006811864     
   230.000000000000000000000000000000000        0.18679208257164787     
   231.000000000000000000000000000000000        0.19224514599407436     
   232.000000000000000000000000000000000        0.19765814345314719     
   233.000000000000000000000000000000000        0.20302401974706780     
   234.000000000000000000000000000000000        0.20833668385505738     
   235.000000000000000000000000000000000        0.21358916773493913     
   236.000000000000000000000000000000000        0.21877559495358154     
   237.000000000000000000000000000000000        0.22388911761565800     
   238.000000000000000000000000000000000        0.22892401619908723     
   239.000000000000000000000000000000000        0.23387368906605085     
   240.000000000000000000000000000000000        0.23873252445894605     
   241.000000000000000000000000000000000        0.24349423825494268     
   242.000000000000000000000000000000000        0.24815331169005450     
   243.000000000000000000000000000000000        0.25270389483109662     
   244.000000000000000000000000000000000        0.25714062508201169     
   245.000000000000000000000000000000000        0.26145779027094479     
   246.000000000000000000000000000000000        0.26565044308299451     
   247.000000000000000000000000000000000        0.26971327647355642     
   248.000000000000000000000000000000000        0.27364134809257484     
   249.000000000000000000000000000000000        0.27743013353762647     
   250.000000000000000000000000000000000        0.28107467340890430     
   251.000000000000000000000000000000000        0.28457076570916617     
   252.000000000000000000000000000000000        0.28791390586547178     
   253.000000000000000000000000000000000        0.29110038454414566     
   254.000000000000000000000000000000000        0.29412595055952256     
   255.000000000000000000000000000000000        0.29698717839413036     
   256.000000000000000000000000000000000        0.29968034412401634     
   257.000000000000000000000000000000000        0.30220246738957851     
   258.000000000000000000000000000000000        0.30455030732211907     
   259.000000000000000000000000000000000        0.30672084316541814     
   260.000000000000000000000000000000000        0.30871147881154315     
   261.000000000000000000000000000000000        0.31052029264784164     
   262.000000000000000000000000000000000        0.31214422775579065     
   263.000000000000000000000000000000000        0.31358230529975401     
   264.000000000000000000000000000000000        0.31483184697688532     
   265.000000000000000000000000000000000        0.31589196330254649     
   266.000000000000000000000000000000000        0.31676093422663781     
   267.000000000000000000000000000000000        0.31743801423402329     
   268.000000000000000000000000000000000        0.31792206184004634     
   269.000000000000000000000000000000000        0.31821292588896616     
   270.000000000000000000000000000000000        0.31830981071903430     
   271.000000000000000000000000000000000        0.31821292297545450     
   272.000000000000000000000000000000000        0.31792205370061227     
   273.000000000000000000000000000000000        0.31743800550773105     
   274.000000000000000000000000000000000        0.31676105930122367     
   275.000000000000000000000000000000000        0.31589194880603538     
   276.000000000000000000000000000000000        0.31483207699571369     
   277.000000000000000000000000000000000        0.31358228510350528     
   278.000000000000000000000000000000000        0.31214454667842728     
   279.000000000000000000000000000000000        0.31052026685027656     
   280.000000000000000000000000000000000        0.30871177095481533     
   281.000000000000000000000000000000000        0.30672081189231015     
   282.000000000000000000000000000000000        0.30455039071046003     
   283.000000000000000000000000000000000        0.30220243079320780     
   284.000000000000000000000000000000000        0.29968048735667824     
   285.000000000000000000000000000000000        0.29698713665280163     
   286.000000000000000000000000000000000        0.29412603060135634     
   287.000000000000000000000000000000000        0.29110033786123957     
   288.000000000000000000000000000000000        0.28791407927774271     
   289.000000000000000000000000000000000        0.28457071431209141     
   290.000000000000000000000000000000000        0.28107462936670119     
   291.000000000000000000000000000000000        0.27743007767684519     
   292.000000000000000000000000000000000        0.27364144476419083     
   293.000000000000000000000000000000000        0.26971321642119606     
   294.000000000000000000000000000000000        0.26565050498151949     
   295.000000000000000000000000000000000        0.26145772631955932     
   296.000000000000000000000000000000000        0.25714049522656141     
   297.000000000000000000000000000000000        0.25270382729227470     
   298.000000000000000000000000000000000        0.24815335196752855     
   299.000000000000000000000000000000000        0.24349416745772587     
   300.000000000000000000000000000000000        0.23873257804775888     
   301.000000000000000000000000000000000        0.23387361535526768     
   302.000000000000000000000000000000000        0.22892395198356832     
   303.000000000000000000000000000000000        0.22388904135049723     
   304.000000000000000000000000000000000        0.21877559711894304     
   305.000000000000000000000000000000000        0.21358908928689907     
   306.000000000000000000000000000000000        0.20833657986175363     
   307.000000000000000000000000000000000        0.20302393949849853     
   308.000000000000000000000000000000000        0.19765790209841413     
   309.000000000000000000000000000000000        0.19224506433570293     
   310.000000000000000000000000000000000        0.18679184060674783     
   311.000000000000000000000000000000000        0.18130497739797216     
   312.000000000000000000000000000000000        0.17579114624492820     
   313.000000000000000000000000000000000        0.17025697769198375     
   314.000000000000000000000000000000000        0.16470929683966057     
   315.000000000000000000000000000000000        0.15915488996484720     
   316.000000000000000000000000000000000        0.15360026870699370     
   317.000000000000000000000000000000000        0.14805280247490457     
   318.000000000000000000000000000000000        0.14251860675637648     
   319.000000000000000000000000000000000        0.13700480347954325     
   320.000000000000000000000000000000000        0.13151774142432535     
   321.000000000000000000000000000000000        0.12606471772225411     
   322.000000000000000000000000000000000        0.12065178571958628     
   323.000000000000000000000000000000000        0.11528584420415165     
   324.000000000000000000000000000000000        0.10997325725310624     
   325.000000000000000000000000000000000        0.10472069651643034     
   326.000000000000000000000000000000000         9.9534397341054945E-002
   327.000000000000000000000000000000000         9.4420746999518107E-002
   328.000000000000000000000000000000000         8.9385896840366269E-002
   329.000000000000000000000000000000000         8.4436175974827707E-002
   330.000000000000000000000000000000000         7.9577410644636706E-002
   331.000000000000000000000000000000000         7.4815627271537163E-002
   332.000000000000000000000000000000000         7.0156710462461150E-002
   333.000000000000000000000000000000000         6.5605971238418700E-002
   334.000000000000000000000000000000000         6.1169328024293819E-002
   335.000000000000000000000000000000000         5.6852076396484187E-002
   336.000000000000000000000000000000000         5.2659410392081794E-002
   337.000000000000000000000000000000000         4.8596590843735507E-002
   338.000000000000000000000000000000000         4.4668396329558414E-002
   339.000000000000000000000000000000000         4.0879734478287279E-002
   340.000000000000000000000000000000000         3.7235135182882011E-002
   341.000000000000000000000000000000000         3.3739103050668656E-002
   342.000000000000000000000000000000000         3.0395840697521905E-002
   343.000000000000000000000000000000000         2.7209485001423988E-002
   344.000000000000000000000000000000000         2.4183749027664948E-002
   345.000000000000000000000000000000000         2.1322691975041882E-002
   346.000000000000000000000000000000000         1.8629432051949515E-002
   347.000000000000000000000000000000000         1.6107403837046411E-002
   348.000000000000000000000000000000000         1.3759641509539833E-002
   349.000000000000000000000000000000000         1.1589028948398432E-002
   350.000000000000000000000000000000000         9.5981984298675223E-003
   351.000000000000000000000000000000000         7.7895803786053788E-003
   352.000000000000000000000000000000000         6.1654161597839022E-003
   353.000000000000000000000000000000000         4.7275686602055063E-003
   354.000000000000000000000000000000000         3.4779052173003499E-003
   355.000000000000000000000000000000000         2.4179116073317804E-003
   356.000000000000000000000000000000000         1.5488764211746182E-003
   357.000000000000000000000000000000000         8.7186163760161748E-004
   358.000000000000000000000000000000000         3.8769007291459477E-004
   359.000000000000000000000000000000000         9.6950951482238239E-005
   360.000000000000000000000000000000000         5.1517959557609959E-014
