   1.00000000000000000000000000000000000         9.6952893807645196E-005
   2.00000000000000000000000000000000000         3.8769345305474177E-004
   3.00000000000000000000000000000000000         8.7186745512797135E-004
   4.00000000000000000000000000000000000         1.5488730120477238E-003
   5.00000000000000000000000000000000000         2.4179212717243938E-003
   6.00000000000000000000000000000000000         3.4779171924259810E-003
   7.00000000000000000000000000000000000         4.7275821243761892E-003
   8.00000000000000000000000000000000000         6.1654534066300139E-003
   9.00000000000000000000000000000000000         7.7895975769669487E-003
   10.0000000000000000000000000000000000         9.5982167031063610E-003
   11.0000000000000000000000000000000000         1.1589049797134949E-002
   12.0000000000000000000000000000000000         1.3759579049774066E-002
   13.0000000000000000000000000000000000         1.6107428234628317E-002
   14.0000000000000000000000000000000000         1.8629468475045142E-002
   15.0000000000000000000000000000000000         2.1322719802567405E-002
   16.0000000000000000000000000000000000         2.4183776295794313E-002
   17.0000000000000000000000000000000000         2.7209516123326030E-002
   18.0000000000000000000000000000000000         3.0395868003267001E-002
   19.0000000000000000000000000000000000         3.3739137315353961E-002
   20.0000000000000000000000000000000000         3.7235337436823855E-002
   21.0000000000000000000000000000000000         4.0879771718798974E-002
   22.0000000000000000000000000000000000         4.4668465194362940E-002
   23.0000000000000000000000000000000000         4.8596630878632439E-002
   24.0000000000000000000000000000000000         5.2659422782765766E-002
   25.0000000000000000000000000000000000         5.6852119030707839E-002
   26.0000000000000000000000000000000000         6.1169423197157652E-002
   27.0000000000000000000000000000000000         6.5606016264332517E-002
   28.0000000000000000000000000000000000         7.0156608850882957E-002
   29.0000000000000000000000000000000000         7.4815674469711907E-002
   30.0000000000000000000000000000000000         7.9577539729257546E-002
   31.0000000000000000000000000000000000         8.4436225115305311E-002
   32.0000000000000000000000000000000000         8.9385661736896757E-002
   33.0000000000000000000000000000000000         9.4420797842929644E-002
   34.0000000000000000000000000000000000         9.9534458274107410E-002
   35.0000000000000000000000000000000000        0.10472074881507919     
   36.0000000000000000000000000000000000        0.10997379992590901     
   37.0000000000000000000000000000000000        0.11528589770322646     
   38.0000000000000000000000000000000000        0.12065188922620161     
   39.0000000000000000000000000000000000        0.12606477216110720     
   40.0000000000000000000000000000000000        0.13151776303942864     
   41.0000000000000000000000000000000000        0.13700485859299022     
   42.0000000000000000000000000000000000        0.14251860474079417     
   43.0000000000000000000000000000000000        0.14805285799438184     
   44.0000000000000000000000000000000000        0.15360077320256652     
   45.0000000000000000000000000000000000        0.15915494561988805     
   46.0000000000000000000000000000000000        0.16470943502737950     
   47.0000000000000000000000000000000000        0.17025703321149202     
   48.0000000000000000000000000000000000        0.17579103255517789     
   49.0000000000000000000000000000000000        0.18130503251145047     
   50.0000000000000000000000000000000000        0.18679199817291151     
   51.0000000000000000000000000000000000        0.19224511877458944     
   52.0000000000000000000000000000000000        0.19765831259307998     
   53.0000000000000000000000000000000000        0.20302399299752880     
   54.0000000000000000000000000000000000        0.20833634516153321     
   55.0000000000000000000000000000000000        0.21358914158559614     
   56.0000000000000000000000000000000000        0.21877558407122241     
   57.0000000000000000000000000000000000        0.22388909219393310     
   58.0000000000000000000000000000000000        0.22892392642768319     
   59.0000000000000000000000000000000000        0.23387366449576014     
   60.0000000000000000000000000000000000        0.23873196031700333     
   61.0000000000000000000000000000000000        0.24349421465590232     
   62.0000000000000000000000000000000000        0.24815318858135479     
   63.0000000000000000000000000000000000        0.25270387231810937     
   64.0000000000000000000000000000000000        0.25714046280125918     
   65.0000000000000000000000000000000000        0.26145776895388401     
   66.0000000000000000000000000000000000        0.26565028874274027     
   67.0000000000000000000000000000000000        0.26971325645611333     
   68.0000000000000000000000000000000000        0.27364157419360036     
   69.0000000000000000000000000000000000        0.27743011491737274     
   70.0000000000000000000000000000000000        0.28107498020504323     
   71.0000000000000000000000000000000000        0.28457074857676956     
   72.0000000000000000000000000000000000        0.28791390846403520     
   73.0000000000000000000000000000000000        0.29110036898314934     
   74.0000000000000000000000000000000000        0.29412568820848511     
   75.0000000000000000000000000000000000        0.29698716448039847     
   76.0000000000000000000000000000000000        0.29968015983249996     
   77.0000000000000000000000000000000000        0.30220245519077948     
   78.0000000000000000000000000000000000        0.30454999100446811     
   79.0000000000000000000000000000000000        0.30672083274109563     
   80.0000000000000000000000000000000000        0.30871210773625118     
   81.0000000000000000000000000000000000        0.31052028404867127     
   82.0000000000000000000000000000000000        0.31214453480013099     
   83.0000000000000000000000000000000000        0.31358229856774605     
   84.0000000000000000000000000000000000        0.31483151503311313     
   85.0000000000000000000000000000000000        0.31589195847037277     
   86.0000000000000000000000000000000000        0.31676116486772848     
   87.0000000000000000000000000000000000        0.31743801132530530     
   88.0000000000000000000000000000000000        0.31792218158107560     
   89.0000000000000000000000000000000000        0.31821292491785030     
   90.0000000000000000000000000000000000        0.31830971477463166     
   91.0000000000000000000000000000000000        0.31821292394662787     
   92.0000000000000000000000000000000000        0.31792220310441732     
   93.0000000000000000000000000000000000        0.31743800841644448     
   94.0000000000000000000000000000000000        0.31676105942756866     
   95.0000000000000000000000000000000000        0.31589195363825445     
   96.0000000000000000000000000000000000        0.31483192661730575     
   97.0000000000000000000000000000000000        0.31358229183563396     
   98.0000000000000000000000000000000000        0.31214437891919700     
   99.0000000000000000000000000000000000        0.31052027544934985     
   100.000000000000000000000000000000000        0.30871127279203187     
   101.000000000000000000000000000000000        0.30672082231672099     
   102.000000000000000000000000000000000        0.30455035539051756     
   103.000000000000000000000000000000000        0.30220244299202959     
   104.000000000000000000000000000000000        0.29968024972186957     
   105.000000000000000000000000000000000        0.29698715056660940     
   106.000000000000000000000000000000000        0.29412572641707591     
   107.000000000000000000000000000000000        0.29110035342216917     
   108.000000000000000000000000000000000        0.28791406051271135     
   109.000000000000000000000000000000000        0.28457073144451328     
   110.000000000000000000000000000000000        0.28107483639883729     
   111.000000000000000000000000000000000        0.27743009629706561     
   112.000000000000000000000000000000000        0.27364170388524189     
   113.000000000000000000000000000000000        0.26971323643865519     
   114.000000000000000000000000000000000        0.26565046640924150     
   115.000000000000000000000000000000000        0.26145774763671320     
   116.000000000000000000000000000000000        0.25714020525862935     
   117.000000000000000000000000000000000        0.25270384980526395     
   118.000000000000000000000000000000000        0.24815302979190007     
   119.000000000000000000000000000000000        0.24349419105669712     
   120.000000000000000000000000000000000        0.23873265799476825     
   121.000000000000000000000000000000000        0.23387363992555341     
   122.000000000000000000000000000000000        0.22892404252564375     
   123.000000000000000000000000000000000        0.22388906677216433     
   124.000000000000000000000000000000000        0.21877516650795167     
   125.000000000000000000000000000000000        0.21358911543626363     
   126.000000000000000000000000000000000        0.20833656927402275     
   127.000000000000000000000000000000000        0.20302396624798547     
   128.000000000000000000000000000000000        0.19765787031146415     
   129.000000000000000000000000000000000        0.19224509155523062     
   130.000000000000000000000000000000000        0.18679170190393957     
   131.000000000000000000000000000000000        0.18130500495469884     
   132.000000000000000000000000000000000        0.17579101636974351     
   133.000000000000000000000000000000000        0.17025700545179162     
   134.000000000000000000000000000000000        0.16470915828717581     
   135.000000000000000000000000000000000        0.15915491779234439     
   136.000000000000000000000000000000000        0.15360043199812598     
   137.000000000000000000000000000000000        0.14805283023470495     
   138.000000000000000000000000000000000        0.14251830799394610     
   139.000000000000000000000000000000000        0.13700483103622624     
   140.000000000000000000000000000000000        0.13151787707599791     
   141.000000000000000000000000000000000        0.12606474494170153     
   142.000000000000000000000000000000000        0.12065150912985448     
   143.000000000000000000000000000000000        0.11528587095365003     
   144.000000000000000000000000000000000        0.10997320345451816     
   145.000000000000000000000000000000000        0.10472072266576850     
   146.000000000000000000000000000000000         9.9534726229482479E-002
   147.000000000000000000000000000000000         9.4420772421212454E-002
   148.000000000000000000000000000000000         8.9385995272130161E-002
   149.000000000000000000000000000000000         8.4436200545080622E-002
   150.000000000000000000000000000000000         7.9577409294880636E-002
   151.000000000000000000000000000000000         7.4815650870602074E-002
   152.000000000000000000000000000000000         7.0156598051433455E-002
   153.000000000000000000000000000000000         6.5605993751408978E-002
   154.000000000000000000000000000000000         6.1169401789336525E-002
   155.000000000000000000000000000000000         5.6852097713589046E-002
   156.000000000000000000000000000000000         5.2659527929048787E-002
   157.000000000000000000000000000000000         4.8596610861224666E-002
   158.000000000000000000000000000000000         4.4668390158367668E-002
   159.000000000000000000000000000000000         4.0879753098527524E-002
   160.000000000000000000000000000000000         3.7235130317555529E-002
   161.000000000000000000000000000000000         3.3739120183016065E-002
   162.000000000000000000000000000000000         3.0395958171882294E-002
   163.000000000000000000000000000000000         2.7209500562365346E-002
   164.000000000000000000000000000000000         2.4183879336168411E-002
   165.000000000000000000000000000000000         2.1322705888796405E-002
   166.000000000000000000000000000000000         1.8629512806569177E-002
   167.000000000000000000000000000000000         1.6107416035814278E-002
   168.000000000000000000000000000000000         1.3759655069215197E-002
   169.000000000000000000000000000000000         1.1589039372761567E-002
   170.000000000000000000000000000000000         9.5981197744560154E-003
   171.000000000000000000000000000000000         7.7895889777790210E-003
   172.000000000000000000000000000000000         6.1653800460592526E-003
   173.000000000000000000000000000000000         4.7275753922925955E-003
   174.000000000000000000000000000000000         3.4778651304976185E-003
   175.000000000000000000000000000000000         2.4179164395247421E-003
   176.000000000000000000000000000000000         1.5488936863354815E-003
   177.000000000000000000000000000000000         8.7186454636636749E-004
   178.000000000000000000000000000000000         3.8768955711091343E-004
   179.000000000000000000000000000000000         9.6951922642511451E-005
   180.000000000000000000000000000000000         2.3959753703848714E-015
   181.000000000000000000000000000000000         9.6953864975422022E-005
   182.000000000000000000000000000000000         3.8769609148456920E-004
   183.000000000000000000000000000000000         8.7187036390259400E-004
   184.000000000000000000000000000000000         1.5488895913280782E-003
   185.000000000000000000000000000000000         2.4179261039230801E-003
   186.000000000000000000000000000000000         3.4779232433881963E-003
   187.000000000000000000000000000000000         4.7275888564758369E-003
   188.000000000000000000000000000000000         6.1653959677513397E-003
   189.000000000000000000000000000000000         7.7896061761439468E-003
   190.000000000000000000000000000000000         9.5982622763963934E-003
   191.000000000000000000000000000000000         1.1589060221538827E-002
   192.000000000000000000000000000000000         1.3759679687124035E-002
   193.000000000000000000000000000000000         1.6107440433404417E-002
   194.000000000000000000000000000000000         1.8629508395266333E-002
   195.000000000000000000000000000000000         2.1322733716336438E-002
   196.000000000000000000000000000000000         2.4183901537235666E-002
   197.000000000000000000000000000000000         2.7209531684297697E-002
   198.000000000000000000000000000000000         3.0395880617250255E-002
   199.000000000000000000000000000000000         3.3739154447694257E-002
   200.000000000000000000000000000000000         3.7235215529787750E-002
   201.000000000000000000000000000000000         4.0879790339009792E-002
   202.000000000000000000000000000000000         4.4668343816448505E-002
   203.000000000000000000000000000000000         4.8596650896108588E-002
   204.000000000000000000000000000000000         5.2659561262187529E-002
   205.000000000000000000000000000000000         5.6852140347857252E-002
   206.000000000000000000000000000000000         6.1169475273571985E-002
   207.000000000000000000000000000000000         6.5606038777280495E-002
   208.000000000000000000000000000000000         7.0156661421748825E-002
   209.000000000000000000000000000000000         7.4815698068801340E-002
   210.000000000000000000000000000000000         7.9577425725735104E-002
   211.000000000000000000000000000000000         8.4436249685634582E-002
   212.000000000000000000000000000000000         8.9386029373925008E-002
   213.000000000000000000000000000000000         9.4420823264653550E-002
   214.000000000000000000000000000000000         9.9534420924357700E-002
   215.000000000000000000000000000000000        0.10472077496446328     
   216.000000000000000000000000000000000        0.10997322181695020     
   217.000000000000000000000000000000000        0.11528592445275766     
   218.000000000000000000000000000000000        0.12065191693801043     
   219.000000000000000000000000000000000        0.12606479938055978     
   220.000000000000000000000000000000000        0.13151793864371536     
   221.000000000000000000000000000000000        0.13700488614965889     
   222.000000000000000000000000000000000        0.14251875522721935     
   223.000000000000000000000000000000000        0.14805288575416778     
   224.000000000000000000000000000000000        0.15360046454057710     
   225.000000000000000000000000000000000        0.15915497344740473     
   226.000000000000000000000000000000000        0.16470939702820581     
   227.000000000000000000000000000000000        0.17025706097127066     
   228.000000000000000000000000000000000        0.17579128967873259     
   229.000000000000000000000000000000000        0.18130506006812050     
   230.000000000000000000000000000000000        0.18679216953617947     
   231.000000000000000000000000000000000        0.19224514599409775     
   232.000000000000000000000000000000000        0.19765820726413297     
   233.000000000000000000000000000000000        0.20302401974705420     
   234.000000000000000000000000000000000        0.20833676246048802     
   235.000000000000000000000000000000000        0.21358916773495437     
   236.000000000000000000000000000000000        0.21877567541115575     
   237.000000000000000000000000000000000        0.22388911761565747     
   238.000000000000000000000000000000000        0.22892408360974933     
   239.000000000000000000000000000000000        0.23387368906604861     
   240.000000000000000000000000000000000        0.23873257545037743     
   241.000000000000000000000000000000000        0.24349423825494360     
   242.000000000000000000000000000000000        0.24815332968323264     
   243.000000000000000000000000000000000        0.25270389483108791     
   244.000000000000000000000000000000000        0.25714068092229320     
   245.000000000000000000000000000000000        0.26145779027092120     
   246.000000000000000000000000000000000        0.26565046457525721     
   247.000000000000000000000000000000000        0.26971327647356541     
   248.000000000000000000000000000000000        0.27364128822939976     
   249.000000000000000000000000000000000        0.27743013353763868     
   250.000000000000000000000000000000000        0.28107464531973936     
   251.000000000000000000000000000000000        0.28457076570916617     
   252.000000000000000000000000000000000        0.28791384188500524     
   253.000000000000000000000000000000000        0.29110038454416121     
   254.000000000000000000000000000000000        0.29412591933578186     
   255.000000000000000000000000000000000        0.29698717839415556     
   256.000000000000000000000000000000000        0.29968029387548900     
   257.000000000000000000000000000000000        0.30220246738957851     
   258.000000000000000000000000000000000        0.30455035639500233     
   259.000000000000000000000000000000000        0.30672084316541176     
   260.000000000000000000000000000000000        0.30871136089109458     
   261.000000000000000000000000000000000        0.31052029264785452     
   262.000000000000000000000000000000000        0.31214406551105200     
   263.000000000000000000000000000000000        0.31358230529974751     
   264.000000000000000000000000000000000        0.31483177346950375     
   265.000000000000000000000000000000000        0.31589196330252378     
   266.000000000000000000000000000000000        0.31676089558939324     
   267.000000000000000000000000000000000        0.31743801423402002     
   268.000000000000000000000000000000000        0.31792198629214036     
   269.000000000000000000000000000000000        0.31821292588897593     
   270.000000000000000000000000000000000        0.31830977044505487     
   271.000000000000000000000000000000000        0.31821292297545778     
   272.000000000000000000000000000000000        0.31792197675234557     
   273.000000000000000000000000000000000        0.31743800550773754     
   274.000000000000000000000000000000000        0.31676110331563334     
   275.000000000000000000000000000000000        0.31589194880606786     
   276.000000000000000000000000000000000        0.31483215306442108     
   277.000000000000000000000000000000000        0.31358228510351177     
   278.000000000000000000000000000000000        0.31214459118416227     
   279.000000000000000000000000000000000        0.31052026685027656     
   280.000000000000000000000000000000000        0.30871184694356163     
   281.000000000000000000000000000000000        0.30672081189231976     
   282.000000000000000000000000000000000        0.30455051073541989     
   283.000000000000000000000000000000000        0.30220243079320458     
   284.000000000000000000000000000000000        0.29968054741186612     
   285.000000000000000000000000000000000        0.29698713665281107     
   286.000000000000000000000000000000000        0.29412607452419304     
   287.000000000000000000000000000000000        0.29110033786123957     
   288.000000000000000000000000000000000        0.28791414982134778     
   289.000000000000000000000000000000000        0.28457071431206060     
   290.000000000000000000000000000000000        0.28107460709390547     
   291.000000000000000000000000000000000        0.27743007767684824     
   292.000000000000000000000000000000000        0.27364147841847875     
   293.000000000000000000000000000000000        0.26971321642120505     
   294.000000000000000000000000000000000        0.26565060141317548     
   295.000000000000000000000000000000000        0.26145772631953573     
   296.000000000000000000000000000000000        0.25714051232667662     
   297.000000000000000000000000000000000        0.25270382729228047     
   298.000000000000000000000000000000000        0.24815343616258378     
   299.000000000000000000000000000000000        0.24349416745775579     
   300.000000000000000000000000000000000        0.23873270515686978     
   301.000000000000000000000000000000000        0.23387361535525372     
   302.000000000000000000000000000000000        0.22892402593543945     
   303.000000000000000000000000000000000        0.22388904135049312     
   304.000000000000000000000000000000000        0.21877572568808712     
   305.000000000000000000000000000000000        0.21358908928688175     
   306.000000000000000000000000000000000        0.20833664359479712     
   307.000000000000000000000000000000000        0.20302393949852193     
   308.000000000000000000000000000000000        0.19765786895241547     
   309.000000000000000000000000000000000        0.19224506433568772     
   310.000000000000000000000000000000000        0.18679183097787613     
   311.000000000000000000000000000000000        0.18130497739798077     
   312.000000000000000000000000000000000        0.17579116704020237     
   313.000000000000000000000000000000000        0.17025697769198495     
   314.000000000000000000000000000000000        0.16470928440417268     
   315.000000000000000000000000000000000        0.15915488996486329     
   316.000000000000000000000000000000000        0.15360015147974465     
   317.000000000000000000000000000000000        0.14805280247490013     
   318.000000000000000000000000000000000        0.14251856935625040     
   319.000000000000000000000000000000000        0.13700480347954644     
   320.000000000000000000000000000000000        0.13151763049897619     
   321.000000000000000000000000000000000        0.12606471772225206     
   322.000000000000000000000000000000000        0.12065176142087190     
   323.000000000000000000000000000000000        0.11528584420415165     
   324.000000000000000000000000000000000        0.10997322521486846     
   325.000000000000000000000000000000000        0.10472069651642849     
   326.000000000000000000000000000000000         9.9534394199787476E-002
   327.000000000000000000000000000000000         9.4420746999531416E-002
   328.000000000000000000000000000000000         8.9385858585433783E-002
   329.000000000000000000000000000000000         8.4436175974826028E-002
   330.000000000000000000000000000000000         7.9577401874338247E-002
   331.000000000000000000000000000000000         7.4815627271541896E-002
   332.000000000000000000000000000000000         7.0156787013525013E-002
   333.000000000000000000000000000000000         6.5605971238412789E-002
   334.000000000000000000000000000000000         6.1169324634178950E-002
   335.000000000000000000000000000000000         5.6852076396495199E-002
   336.000000000000000000000000000000000         5.2659380730393307E-002
   337.000000000000000000000000000000000         4.8596590843729144E-002
   338.000000000000000000000000000000000         4.4668381676402892E-002
   339.000000000000000000000000000000000         4.0879734478291366E-002
   340.000000000000000000000000000000000         3.7235127119575460E-002
   341.000000000000000000000000000000000         3.3739103050663084E-002
   342.000000000000000000000000000000000         3.0395830557010374E-002
   343.000000000000000000000000000000000         2.7209485001429463E-002
   344.000000000000000000000000000000000         2.4183677239758488E-002
   345.000000000000000000000000000000000         2.1322691975041462E-002
   346.000000000000000000000000000000000         1.8629425089642083E-002
   347.000000000000000000000000000000000         1.6107403837048791E-002
   348.000000000000000000000000000000000         1.3759639094498120E-002
   349.000000000000000000000000000000000         1.1589028948398977E-002
   350.000000000000000000000000000000000         9.5981982463642004E-003
   351.000000000000000000000000000000000         7.7895803786059521E-003
   352.000000000000000000000000000000000         6.1654395916734229E-003
   353.000000000000000000000000000000000         4.7275686602053580E-003
   354.000000000000000000000000000000000         3.4779048127429580E-003
   355.000000000000000000000000000000000         2.4179116073321885E-003
   356.000000000000000000000000000000000         1.5488759122292907E-003
   357.000000000000000000000000000000000         8.7186163760127661E-004
   358.000000000000000000000000000000000         3.8769037654284936E-004
   359.000000000000000000000000000000000         9.6950951482301299E-005
   360.000000000000000000000000000000000         1.7966004105495203E-013
