   1.00000000000000000000000000000000000         9.6952893807005354E-005
   2.00000000000000000000000000000000000         3.8769345305351543E-004
   3.00000000000000000000000000000000000         8.7186745512971009E-004
   4.00000000000000000000000000000000000         1.5488787495096632E-003
   5.00000000000000000000000000000000000         2.4179212717236496E-003
   6.00000000000000000000000000000000000         3.4779173192991918E-003
   7.00000000000000000000000000000000000         4.7275821243764407E-003
   8.00000000000000000000000000000000000         6.1654243958232727E-003
   9.00000000000000000000000000000000000         7.7895975769623456E-003
   10.0000000000000000000000000000000000         9.5982172126422866E-003
   11.0000000000000000000000000000000000         1.1589049797139872E-002
   12.0000000000000000000000000000000000         1.3759621658391709E-002
   13.0000000000000000000000000000000000         1.6107428234619608E-002
   14.0000000000000000000000000000000000         1.8629469058502723E-002
   15.0000000000000000000000000000000000         2.1322719802568588E-002
   16.0000000000000000000000000000000000         2.4183834141859765E-002
   17.0000000000000000000000000000000000         2.7209516123326213E-002
   18.0000000000000000000000000000000000         3.0395878610291548E-002
   19.0000000000000000000000000000000000         3.3739137315353759E-002
   20.0000000000000000000000000000000000         3.7235264193959193E-002
   21.0000000000000000000000000000000000         4.0879771718791418E-002
   22.0000000000000000000000000000000000         4.4668462339393478E-002
   23.0000000000000000000000000000000000         4.8596630878639462E-002
   24.0000000000000000000000000000000000         5.2659460099050703E-002
   25.0000000000000000000000000000000000         5.6852119030711613E-002
   26.0000000000000000000000000000000000         6.1169401336163172E-002
   27.0000000000000000000000000000000000         6.5606016264327049E-002
   28.0000000000000000000000000000000000         7.0156618965203588E-002
   29.0000000000000000000000000000000000         7.4815674469705745E-002
   30.0000000000000000000000000000000000         7.9577507981725554E-002
   31.0000000000000000000000000000000000         8.4436225115320382E-002
   32.0000000000000000000000000000000000         8.9385828359886621E-002
   33.0000000000000000000000000000000000         9.4420797842928339E-002
   34.0000000000000000000000000000000000         9.9534456296306917E-002
   35.0000000000000000000000000000000000        0.10472074881508411     
   36.0000000000000000000000000000000000        0.10997359104280119     
   37.0000000000000000000000000000000000        0.11528589770323004     
   38.0000000000000000000000000000000000        0.12065188476957495     
   39.0000000000000000000000000000000000        0.12606477216111778     
   40.0000000000000000000000000000000000        0.13151786665366882     
   41.0000000000000000000000000000000000        0.13700485859298192     
   42.0000000000000000000000000000000000        0.14251866175896818     
   43.0000000000000000000000000000000000        0.14805285799439466     
   44.0000000000000000000000000000000000        0.15360065124674785     
   45.0000000000000000000000000000000000        0.15915494561988791     
   46.0000000000000000000000000000000000        0.16470940537512349     
   47.0000000000000000000000000000000000        0.17025703321148611     
   48.0000000000000000000000000000000000        0.17579109695192338     
   49.0000000000000000000000000000000000        0.18130503251142385     
   50.0000000000000000000000000000000000        0.18679195664458684     
   51.0000000000000000000000000000000000        0.19224511877459596     
   52.0000000000000000000000000000000000        0.19765816831399025     
   53.0000000000000000000000000000000000        0.20302399299753696     
   54.0000000000000000000000000000000000        0.20833643231342849     
   55.0000000000000000000000000000000000        0.21358914158559281     
   56.0000000000000000000000000000000000        0.21877551329659575     
   57.0000000000000000000000000000000000        0.22388909219393652     
   58.0000000000000000000000000000000000        0.22892390408015004     
   59.0000000000000000000000000000000000        0.23387366449578140     
   60.0000000000000000000000000000000000        0.23873217826550758     
   61.0000000000000000000000000000000000        0.24349421465587881     
   62.0000000000000000000000000000000000        0.24815322219385436     
   63.0000000000000000000000000000000000        0.25270387231813718     
   64.0000000000000000000000000000000000        0.25714048575832565     
   65.0000000000000000000000000000000000        0.26145776895387074     
   66.0000000000000000000000000000000000        0.26565033566753027     
   67.0000000000000000000000000000000000        0.26971325645610400     
   68.0000000000000000000000000000000000        0.27364150416321659     
   69.0000000000000000000000000000000000        0.27743011491736291     
   70.0000000000000000000000000000000000        0.28107484713937980     
   71.0000000000000000000000000000000000        0.28457074857679898     
   72.0000000000000000000000000000000000        0.28791395000514614     
   73.0000000000000000000000000000000000        0.29110036898315522     
   74.0000000000000000000000000000000000        0.29412583132514353     
   75.0000000000000000000000000000000000        0.29698716448036455     
   76.0000000000000000000000000000000000        0.29968028146887338     
   77.0000000000000000000000000000000000        0.30220245519078559     
   78.0000000000000000000000000000000000        0.30455009805846012     
   79.0000000000000000000000000000000000        0.30672083274107731     
   80.0000000000000000000000000000000000        0.30871189566579993     
   81.0000000000000000000000000000000000        0.31052028404865706     
   82.0000000000000000000000000000000000        0.31214451261518023     
   83.0000000000000000000000000000000000        0.31358229856771519     
   84.0000000000000000000000000000000000        0.31483172916386853     
   85.0000000000000000000000000000000000        0.31589195847037910     
   86.0000000000000000000000000000000000        0.31676108326978653     
   87.0000000000000000000000000000000000        0.31743801132528654     
   88.0000000000000000000000000000000000        0.31792218314138176     
   89.0000000000000000000000000000000000        0.31821292491781950     
   90.0000000000000000000000000000000000        0.31830979251659042     
   91.0000000000000000000000000000000000        0.31821292394662548     
   92.0000000000000000000000000000000000        0.31792219344257483     
   93.0000000000000000000000000000000000        0.31743800841646747     
   94.0000000000000000000000000000000000        0.31676102640530412     
   95.0000000000000000000000000000000000        0.31589195363822326     
   96.0000000000000000000000000000000000        0.31483194113642737     
   97.0000000000000000000000000000000000        0.31358229183561170     
   98.0000000000000000000000000000000000        0.31214442761758732     
   99.0000000000000000000000000000000000        0.31052027544940453     
   100.000000000000000000000000000000000        0.30871145549085433     
   101.000000000000000000000000000000000        0.30672082231669912     
   102.000000000000000000000000000000000        0.30455028275974094     
   103.000000000000000000000000000000000        0.30220244299201909     
   104.000000000000000000000000000000000        0.29968032211957057     
   105.000000000000000000000000000000000        0.29698715056658398     
   106.000000000000000000000000000000000        0.29412584420746590     
   107.000000000000000000000000000000000        0.29110035342218638     
   108.000000000000000000000000000000000        0.28791402151216161     
   109.000000000000000000000000000000000        0.28457073144450024     
   110.000000000000000000000000000000000        0.28107476355532174     
   111.000000000000000000000000000000000        0.27743009629708232     
   112.000000000000000000000000000000000        0.27364156258332190     
   113.000000000000000000000000000000000        0.26971323643864631     
   114.000000000000000000000000000000000        0.26565041847271453     
   115.000000000000000000000000000000000        0.26145774763672180     
   116.000000000000000000000000000000000        0.25714034090074489     
   117.000000000000000000000000000000000        0.25270384980524069     
   118.000000000000000000000000000000000        0.24815312831366021     
   119.000000000000000000000000000000000        0.24349419105673145     
   120.000000000000000000000000000000000        0.23873253074555661     
   121.000000000000000000000000000000000        0.23387363992554991     
   122.000000000000000000000000000000000        0.22892395269110094     
   123.000000000000000000000000000000000        0.22388906677219375     
   124.000000000000000000000000000000000        0.21877528309776334     
   125.000000000000000000000000000000000        0.21358911543626030     
   126.000000000000000000000000000000000        0.20833653658425155     
   127.000000000000000000000000000000000        0.20302396624799532     
   128.000000000000000000000000000000000        0.19765792464489720     
   129.000000000000000000000000000000000        0.19224509155519853     
   130.000000000000000000000000000000000        0.18679178896283252     
   131.000000000000000000000000000000000        0.18130500495468940     
   132.000000000000000000000000000000000        0.17579107527143623     
   133.000000000000000000000000000000000        0.17025700545176148     
   134.000000000000000000000000000000000        0.16470924768820502     
   135.000000000000000000000000000000000        0.15915491779235014     
   136.000000000000000000000000000000000        0.15360045992635135     
   137.000000000000000000000000000000000        0.14805283023468246     
   138.000000000000000000000000000000000        0.14251849369855235     
   139.000000000000000000000000000000000        0.13700483103624103     
   140.000000000000000000000000000000000        0.13151791304439911     
   141.000000000000000000000000000000000        0.12606474494169642     
   142.000000000000000000000000000000000        0.12065167354488447     
   143.000000000000000000000000000000000        0.11528587095367107     
   144.000000000000000000000000000000000        0.10997326718299401     
   145.000000000000000000000000000000000        0.10472072266576386     
   146.000000000000000000000000000000000         9.9534583759332204E-002
   147.000000000000000000000000000000000         9.4420772421212357E-002
   148.000000000000000000000000000000000         8.9385990416465361E-002
   149.000000000000000000000000000000000         8.4436200545080761E-002
   150.000000000000000000000000000000000         7.9577428403232855E-002
   151.000000000000000000000000000000000         7.4815650870607958E-002
   152.000000000000000000000000000000000         7.0156602297196488E-002
   153.000000000000000000000000000000000         6.5605993751391270E-002
   154.000000000000000000000000000000000         6.1169379679371749E-002
   155.000000000000000000000000000000000         5.6852097713589685E-002
   156.000000000000000000000000000000000         5.2659505067604744E-002
   157.000000000000000000000000000000000         4.8596610861209949E-002
   158.000000000000000000000000000000000         4.4668413945092023E-002
   159.000000000000000000000000000000000         4.0879753098529162E-002
   160.000000000000000000000000000000000         3.7235147577024938E-002
   161.000000000000000000000000000000000         3.3739120183014580E-002
   162.000000000000000000000000000000000         3.0395917832045059E-002
   163.000000000000000000000000000000000         2.7209500562367279E-002
   164.000000000000000000000000000000000         2.4183880849492943E-002
   165.000000000000000000000000000000000         2.1322705888799778E-002
   166.000000000000000000000000000000000         1.8629485939870932E-002
   167.000000000000000000000000000000000         1.6107416035819253E-002
   168.000000000000000000000000000000000         1.3759655907560620E-002
   169.000000000000000000000000000000000         1.1589039372764946E-002
   170.000000000000000000000000000000000         9.5981620892378501E-003
   171.000000000000000000000000000000000         7.7895889777789967E-003
   172.000000000000000000000000000000000         6.1653824523726962E-003
   173.000000000000000000000000000000000         4.7275753922906621E-003
   174.000000000000000000000000000000000         3.4778873894567371E-003
   175.000000000000000000000000000000000         2.4179164395247686E-003
   176.000000000000000000000000000000000         1.5488876838652740E-003
   177.000000000000000000000000000000000         8.7186454636539864E-004
   178.000000000000000000000000000000000         3.8769049201128224E-004
   179.000000000000000000000000000000000         9.6951922642187302E-005
   180.000000000000000000000000000000000         2.4135332552481936E-015
   181.000000000000000000000000000000000         9.6953864975591293E-005
   182.000000000000000000000000000000000         3.8769575800311575E-004
   183.000000000000000000000000000000000         8.7187036390293899E-004
   184.000000000000000000000000000000000         1.5488892518058172E-003
   185.000000000000000000000000000000000         2.4179261039246327E-003
   186.000000000000000000000000000000000         3.4779232433836049E-003
   187.000000000000000000000000000000000         4.7275888564724099E-003
   188.000000000000000000000000000000000         6.1653980961590788E-003
   189.000000000000000000000000000000000         7.7896061761427663E-003
   190.000000000000000000000000000000000         9.5982455418890580E-003
   191.000000000000000000000000000000000         1.1589060221532181E-002
   192.000000000000000000000000000000000         1.3759679578057451E-002
   193.000000000000000000000000000000000         1.6107440433403064E-002
   194.000000000000000000000000000000000         1.8629496134556101E-002
   195.000000000000000000000000000000000         2.1322733716337468E-002
   196.000000000000000000000000000000000         2.4183906537859606E-002
   197.000000000000000000000000000000000         2.7209531684293815E-002
   198.000000000000000000000000000000000         3.0395893014229545E-002
   199.000000000000000000000000000000000         3.3739154447694895E-002
   200.000000000000000000000000000000000         3.7235209145073368E-002
   201.000000000000000000000000000000000         4.0879790339025009E-002
   202.000000000000000000000000000000000         4.4668408256845454E-002
   203.000000000000000000000000000000000         4.8596650896104918E-002
   204.000000000000000000000000000000000         5.2659542239571422E-002
   205.000000000000000000000000000000000         5.6852140347852471E-002
   206.000000000000000000000000000000000         6.1169438993957388E-002
   207.000000000000000000000000000000000         6.5606038777275263E-002
   208.000000000000000000000000000000000         7.0156657426995089E-002
   209.000000000000000000000000000000000         7.4815698068795899E-002
   210.000000000000000000000000000000000         7.9577460027403971E-002
   211.000000000000000000000000000000000         8.4436249685613779E-002
   212.000000000000000000000000000000000         8.9386032132484333E-002
   213.000000000000000000000000000000000         9.4420823264650788E-002
   214.000000000000000000000000000000000         9.9534449149203161E-002
   215.000000000000000000000000000000000        0.10472077496444132     
   216.000000000000000000000000000000000        0.10997330207826919     
   217.000000000000000000000000000000000        0.11528592445276825     
   218.000000000000000000000000000000000        0.12065191214140231     
   219.000000000000000000000000000000000        0.12606479938056175     
   220.000000000000000000000000000000000        0.13151797137994689     
   221.000000000000000000000000000000000        0.13700488614967582     
   222.000000000000000000000000000000000        0.14251875350954488     
   223.000000000000000000000000000000000        0.14805288575416148     
   224.000000000000000000000000000000000        0.15360050350644708     
   225.000000000000000000000000000000000        0.15915497344741411     
   226.000000000000000000000000000000000        0.16470939885018243     
   227.000000000000000000000000000000000        0.17025706097124885     
   228.000000000000000000000000000000000        0.17579124433925994     
   229.000000000000000000000000000000000        0.18130506006811797     
   230.000000000000000000000000000000000        0.18679205915812358     
   231.000000000000000000000000000000000        0.19224514599406822     
   232.000000000000000000000000000000000        0.19765812627326818     
   233.000000000000000000000000000000000        0.20302401974707129     
   234.000000000000000000000000000000000        0.20833666269205936     
   235.000000000000000000000000000000000        0.21358916773493516     
   236.000000000000000000000000000000000        0.21877557329192945     
   237.000000000000000000000000000000000        0.22388911761565800     
   238.000000000000000000000000000000000        0.22892399805006450     
   239.000000000000000000000000000000000        0.23387368906605160     
   240.000000000000000000000000000000000        0.23873251073048468     
   241.000000000000000000000000000000000        0.24349423825494229     
   242.000000000000000000000000000000000        0.24815330684573744     
   243.000000000000000000000000000000000        0.25270389483109895     
   244.000000000000000000000000000000000        0.25714061004809075     
   245.000000000000000000000000000000000        0.26145779027095117     
   246.000000000000000000000000000000000        0.26565043729661625     
   247.000000000000000000000000000000000        0.26971327647355398     
   248.000000000000000000000000000000000        0.27364136420958468     
   249.000000000000000000000000000000000        0.27743013353762319     
   250.000000000000000000000000000000000        0.28107468097137200     
   251.000000000000000000000000000000000        0.28457076570916617     
   252.000000000000000000000000000000000        0.28791392309098318     
   253.000000000000000000000000000000000        0.29110038454414144     
   254.000000000000000000000000000000000        0.29412595896591459     
   255.000000000000000000000000000000000        0.29698717839412359     
   256.000000000000000000000000000000000        0.29968035765246670     
   257.000000000000000000000000000000000        0.30220246738957851     
   258.000000000000000000000000000000000        0.30455029411018958     
   259.000000000000000000000000000000000        0.30672084316541987     
   260.000000000000000000000000000000000        0.30871151055936008     
   261.000000000000000000000000000000000        0.31052029264783820     
   262.000000000000000000000000000000000        0.31214427143707363     
   263.000000000000000000000000000000000        0.31358230529975573     
   264.000000000000000000000000000000000        0.31483186676733566     
   265.000000000000000000000000000000000        0.31589196330255259     
   266.000000000000000000000000000000000        0.31676094462897331     
   267.000000000000000000000000000000000        0.31743801423402412     
   268.000000000000000000000000000000000        0.31792208217986873     
   269.000000000000000000000000000000000        0.31821292588896355     
   270.000000000000000000000000000000000        0.31830982156202919     
   271.000000000000000000000000000000000        0.31821292297545362     
   272.000000000000000000000000000000000        0.31792207441745490     
   273.000000000000000000000000000000000        0.31743800550772927     
   274.000000000000000000000000000000000        0.31676104745119082     
   275.000000000000000000000000000000000        0.31589194880602667     
   276.000000000000000000000000000000000        0.31483205651567869     
   277.000000000000000000000000000000000        0.31358228510350356     
   278.000000000000000000000000000000000        0.31214453469611453     
   279.000000000000000000000000000000000        0.31052026685027656     
   280.000000000000000000000000000000000        0.30871175049630833     
   281.000000000000000000000000000000000        0.30672081189230754     
   282.000000000000000000000000000000000        0.30455035839605182     
   283.000000000000000000000000000000000        0.30220243079320863     
   284.000000000000000000000000000000000        0.29968047118797486     
   285.000000000000000000000000000000000        0.29698713665279908     
   286.000000000000000000000000000000000        0.29412601877597777     
   287.000000000000000000000000000000000        0.29110033786123957     
   288.000000000000000000000000000000000        0.28791406028523514     
   289.000000000000000000000000000000000        0.28457071431209968     
   290.000000000000000000000000000000000        0.28107463536322325     
   291.000000000000000000000000000000000        0.27743007767684436     
   292.000000000000000000000000000000000        0.27364143570342137     
   293.000000000000000000000000000000000        0.26971321642119361     
   294.000000000000000000000000000000000        0.26565047901915356     
   295.000000000000000000000000000000000        0.26145772631956571     
   296.000000000000000000000000000000000        0.25714049062268429     
   297.000000000000000000000000000000000        0.25270382729227314     
   298.000000000000000000000000000000000        0.24815332929963152     
   299.000000000000000000000000000000000        0.24349416745771782     
   300.000000000000000000000000000000000        0.23873254382608097     
   301.000000000000000000000000000000000        0.23387361535527143     
   302.000000000000000000000000000000000        0.22892393207345121     
   303.000000000000000000000000000000000        0.22388904135049834     
   304.000000000000000000000000000000000        0.21877556250417995     
   305.000000000000000000000000000000000        0.21358908928690376     
   306.000000000000000000000000000000000        0.20833656270285897     
   307.000000000000000000000000000000000        0.20302393949849223     
   308.000000000000000000000000000000000        0.19765791102233735     
   309.000000000000000000000000000000000        0.19224506433570701     
   310.000000000000000000000000000000000        0.18679184319913641     
   311.000000000000000000000000000000000        0.18130497739796986     
   312.000000000000000000000000000000000        0.17579114064620074     
   313.000000000000000000000000000000000        0.17025697769198345     
   314.000000000000000000000000000000000        0.16470930018767663     
   315.000000000000000000000000000000000        0.15915488996484284     
   316.000000000000000000000000000000000        0.15360030026818378     
   317.000000000000000000000000000000000        0.14805280247490576     
   318.000000000000000000000000000000000        0.14251861682564201     
   319.000000000000000000000000000000000        0.13700480347954236     
   320.000000000000000000000000000000000        0.13151777128885039     
   321.000000000000000000000000000000000        0.12606471772225467     
   322.000000000000000000000000000000000        0.12065179226154826     
   323.000000000000000000000000000000000        0.11528584420415165     
   324.000000000000000000000000000000000        0.10997326587878643     
   325.000000000000000000000000000000000        0.10472069651643086     
   326.000000000000000000000000000000000         9.9534398186780809E-002
   327.000000000000000000000000000000000         9.4420746999514527E-002
   328.000000000000000000000000000000000         8.9385907139772583E-002
   329.000000000000000000000000000000000         8.4436175974828165E-002
   330.000000000000000000000000000000000         7.9577413005870998E-002
   331.000000000000000000000000000000000         7.4815627271535887E-002
   332.000000000000000000000000000000000         7.0156689852566470E-002
   333.000000000000000000000000000000000         6.5605971238420296E-002
   334.000000000000000000000000000000000         6.1169328937017070E-002
   335.000000000000000000000000000000000         5.6852076396481224E-002
   336.000000000000000000000000000000000         5.2659418377922422E-002
   337.000000000000000000000000000000000         4.8596590843737221E-002
   338.000000000000000000000000000000000         4.4668400274639156E-002
   339.000000000000000000000000000000000         4.0879734478286182E-002
   340.000000000000000000000000000000000         3.7235137353772388E-002
   341.000000000000000000000000000000000         3.3739103050670155E-002
   342.000000000000000000000000000000000         3.0395843427659913E-002
   343.000000000000000000000000000000000         2.7209485001422513E-002
   344.000000000000000000000000000000000         2.4183768355196433E-002
   345.000000000000000000000000000000000         2.1322691975041996E-002
   346.000000000000000000000000000000000         1.8629433926417121E-002
   347.000000000000000000000000000000000         1.6107403837045769E-002
   348.000000000000000000000000000000000         1.3759642159743407E-002
   349.000000000000000000000000000000000         1.1589028948398286E-002
   350.000000000000000000000000000000000         9.5981984792722526E-003
   351.000000000000000000000000000000000         7.7895803786052244E-003
   352.000000000000000000000000000000000         6.1654098512058690E-003
   353.000000000000000000000000000000000         4.7275686602055471E-003
   354.000000000000000000000000000000000         3.4779053262196514E-003
   355.000000000000000000000000000000000         2.4179116073316707E-003
   356.000000000000000000000000000000000         1.5488765581983771E-003
   357.000000000000000000000000000000000         8.7186163760170931E-004
   358.000000000000000000000000000000000         3.8768999116854658E-004
   359.000000000000000000000000000000000         9.6950951482221257E-005
   360.000000000000000000000000000000000         3.0264688655461096E-014
