   1.00000000000000000000000000000000000         9.6952893807846749E-005
   2.00000000000000000000000000000000000         3.8769345305511338E-004
   3.00000000000000000000000000000000000         8.7186745512742123E-004
   4.00000000000000000000000000000000000         1.5488712734249915E-003
   5.00000000000000000000000000000000000         2.4179212717246562E-003
   6.00000000000000000000000000000000000         3.4779171539795536E-003
   7.00000000000000000000000000000000000         4.7275821243760608E-003
   8.00000000000000000000000000000000000         6.1654621977970470E-003
   9.00000000000000000000000000000000000         7.7895975769684111E-003
   10.0000000000000000000000000000000000         9.5982165487015370E-003
   11.0000000000000000000000000000000000         1.1589049797133377E-002
   12.0000000000000000000000000000000000         1.3759566138084775E-002
   13.0000000000000000000000000000000000         1.6107428234631065E-002
   14.0000000000000000000000000000000000         1.8629468298239815E-002
   15.0000000000000000000000000000000000         2.1322719802566920E-002
   16.0000000000000000000000000000000000         2.4183758766697230E-002
   17.0000000000000000000000000000000000         2.7209516123326113E-002
   18.0000000000000000000000000000000000         3.0395864789017502E-002
   19.0000000000000000000000000000000000         3.3739137315353870E-002
   20.0000000000000000000000000000000000         3.7235359631645551E-002
   21.0000000000000000000000000000000000         4.0879771718801430E-002
   22.0000000000000000000000000000000000         4.4668466059505217E-002
   23.0000000000000000000000000000000000         4.8596630878630136E-002
   24.0000000000000000000000000000000000         5.2659411474803242E-002
   25.0000000000000000000000000000000000         5.6852119030706888E-002
   26.0000000000000000000000000000000000         6.1169429821702204E-002
   27.0000000000000000000000000000000000         6.5606016264333933E-002
   28.0000000000000000000000000000000000         7.0156605785937451E-002
   29.0000000000000000000000000000000000         7.4815674469714044E-002
   30.0000000000000000000000000000000000         7.9577549349723040E-002
   31.0000000000000000000000000000000000         8.4436225115300481E-002
   32.0000000000000000000000000000000000         8.9385611245112295E-002
   33.0000000000000000000000000000000000         9.4420797842930324E-002
   34.0000000000000000000000000000000000         9.9534458873440895E-002
   35.0000000000000000000000000000000000        0.10472074881507738     
   36.0000000000000000000000000000000000        0.10997386322385963     
   37.0000000000000000000000000000000000        0.11528589770322570     
   38.0000000000000000000000000000000000        0.12065189057669455     
   39.0000000000000000000000000000000000        0.12606477216110365     
   40.0000000000000000000000000000000000        0.13151773164118208     
   41.0000000000000000000000000000000000        0.13700485859299311     
   42.0000000000000000000000000000000000        0.14251858746256188     
   43.0000000000000000000000000000000000        0.14805285799437756     
   44.0000000000000000000000000000000000        0.15360081015888477     
   45.0000000000000000000000000000000000        0.15915494561988849     
   46.0000000000000000000000000000000000        0.16470944401291215     
   47.0000000000000000000000000000000000        0.17025703321149341     
   48.0000000000000000000000000000000000        0.17579101304101491     
   49.0000000000000000000000000000000000        0.18130503251145896     
   50.0000000000000000000000000000000000        0.18679201075725321     
   51.0000000000000000000000000000000000        0.19224511877458700     
   52.0000000000000000000000000000000000        0.19765835631402665     
   53.0000000000000000000000000000000000        0.20302399299752680     
   54.0000000000000000000000000000000000        0.20833631875187159     
   55.0000000000000000000000000000000000        0.21358914158559666     
   56.0000000000000000000000000000000000        0.21877560551808123     
   57.0000000000000000000000000000000000        0.22388909219393258     
   58.0000000000000000000000000000000000        0.22892393319966314     
   59.0000000000000000000000000000000000        0.23387366449575317     
   60.0000000000000000000000000000000000        0.23873189427202168     
   61.0000000000000000000000000000000000        0.24349421465590998     
   62.0000000000000000000000000000000000        0.24815317839574932     
   63.0000000000000000000000000000000000        0.25270387231810043     
   64.0000000000000000000000000000000000        0.25714045584457257     
   65.0000000000000000000000000000000000        0.26145776895388856     
   66.0000000000000000000000000000000000        0.26565027452310780     
   67.0000000000000000000000000000000000        0.26971325645611560     
   68.0000000000000000000000000000000000        0.27364159541493055     
   69.0000000000000000000000000000000000        0.27743011491737629     
   70.0000000000000000000000000000000000        0.28107502052797778     
   71.0000000000000000000000000000000000        0.28457074857676012     
   72.0000000000000000000000000000000000        0.28791389587582039     
   73.0000000000000000000000000000000000        0.29110036898314817     
   74.0000000000000000000000000000000000        0.29412564483980763     
   75.0000000000000000000000000000000000        0.29698716448040813     
   76.0000000000000000000000000000000000        0.29968012297299773     
   77.0000000000000000000000000000000000        0.30220245519077826     
   78.0000000000000000000000000000000000        0.30454995856386818     
   79.0000000000000000000000000000000000        0.30672083274110051     
   80.0000000000000000000000000000000000        0.30871217200003864     
   81.0000000000000000000000000000000000        0.31052028404867621     
   82.0000000000000000000000000000000000        0.31214454152284349     
   83.0000000000000000000000000000000000        0.31358229856775477     
   84.0000000000000000000000000000000000        0.31483145014501979     
   85.0000000000000000000000000000000000        0.31589195847037149     
   86.0000000000000000000000000000000000        0.31676118959437966     
   87.0000000000000000000000000000000000        0.31743801132531030     
   88.0000000000000000000000000000000000        0.31792218110825554     
   89.0000000000000000000000000000000000        0.31821292491786035     
   90.0000000000000000000000000000000000        0.31830969121646424     
   91.0000000000000000000000000000000000        0.31821292394662787     
   92.0000000000000000000000000000000000        0.31792220603224836     
   93.0000000000000000000000000000000000        0.31743800841643821     
   94.0000000000000000000000000000000000        0.31676106943431587     
   95.0000000000000000000000000000000000        0.31589195363826322     
   96.0000000000000000000000000000000000        0.31483192221757200     
   97.0000000000000000000000000000000000        0.31358229183564140     
   98.0000000000000000000000000000000000        0.31214436416210978     
   99.0000000000000000000000000000000000        0.31052027544933247     
   100.000000000000000000000000000000000        0.30871121742876295     
   101.000000000000000000000000000000000        0.30672082231672837     
   102.000000000000000000000000000000000        0.30455037739984547     
   103.000000000000000000000000000000000        0.30220244299203203     
   104.000000000000000000000000000000000        0.29968022778317405     
   105.000000000000000000000000000000000        0.29698715056661784     
   106.000000000000000000000000000000000        0.29412569072302303     
   107.000000000000000000000000000000000        0.29110035342216317     
   108.000000000000000000000000000000000        0.28791407233106031     
   109.000000000000000000000000000000000        0.28457073144451800     
   110.000000000000000000000000000000000        0.28107485847263181     
   111.000000000000000000000000000000000        0.27743009629705978     
   112.000000000000000000000000000000000        0.27364174670401276     
   113.000000000000000000000000000000000        0.26971323643865863     
   114.000000000000000000000000000000000        0.26565048093546267     
   115.000000000000000000000000000000000        0.26145774763670976     
   116.000000000000000000000000000000000        0.25714016415496505     
   117.000000000000000000000000000000000        0.25270384980527172     
   118.000000000000000000000000000000000        0.24815299993682510     
   119.000000000000000000000000000000000        0.24349419105668671     
   120.000000000000000000000000000000000        0.23873269655514212     
   121.000000000000000000000000000000000        0.23387363992555446     
   122.000000000000000000000000000000000        0.22892406974823595     
   123.000000000000000000000000000000000        0.22388906677215539     
   124.000000000000000000000000000000000        0.21877513117771183     
   125.000000000000000000000000000000000        0.21358911543626466     
   126.000000000000000000000000000000000        0.20833657918001453     
   127.000000000000000000000000000000000        0.20302396624798247     
   128.000000000000000000000000000000000        0.19765785384678894     
   129.000000000000000000000000000000000        0.19224509155524036     
   130.000000000000000000000000000000000        0.18679167552246084     
   131.000000000000000000000000000000000        0.18130500495470170     
   132.000000000000000000000000000000000        0.17579099852074767     
   133.000000000000000000000000000000000        0.17025700545180078     
   134.000000000000000000000000000000000        0.16470913119595965     
   135.000000000000000000000000000000000        0.15915491779234262     
   136.000000000000000000000000000000000        0.15360042353502787     
   137.000000000000000000000000000000000        0.14805283023471177     
   138.000000000000000000000000000000000        0.14251825171984689     
   139.000000000000000000000000000000000        0.13700483103622171     
   140.000000000000000000000000000000000        0.13151786617648334     
   141.000000000000000000000000000000000        0.12606474494170308     
   142.000000000000000000000000000000000        0.12065145930714023     
   143.000000000000000000000000000000000        0.11528587095364362     
   144.000000000000000000000000000000000        0.10997318414286246     
   145.000000000000000000000000000000000        0.10472072266576993     
   146.000000000000000000000000000000000         9.9534769402275416E-002
   147.000000000000000000000000000000000         9.4420772421212454E-002
   148.000000000000000000000000000000000         8.9385996743543777E-002
   149.000000000000000000000000000000000         8.4436200545080622E-002
   150.000000000000000000000000000000000         7.9577403504471317E-002
   151.000000000000000000000000000000000         7.4815650870600242E-002
   152.000000000000000000000000000000000         7.0156596764838625E-002
   153.000000000000000000000000000000000         6.5605993751414377E-002
   154.000000000000000000000000000000000         6.1169408489326636E-002
   155.000000000000000000000000000000000         5.6852097713588783E-002
   156.000000000000000000000000000000000         5.2659534856760080E-002
   157.000000000000000000000000000000000         4.8596610861229197E-002
   158.000000000000000000000000000000000         4.4668382950270633E-002
   159.000000000000000000000000000000000         4.0879753098526962E-002
   160.000000000000000000000000000000000         3.7235125087414070E-002
   161.000000000000000000000000000000000         3.3739120183016579E-002
   162.000000000000000000000000000000000         3.0395970396080680E-002
   163.000000000000000000000000000000000         2.7209500562364708E-002
   164.000000000000000000000000000000000         2.4183878877585229E-002
   165.000000000000000000000000000000000         2.1322705888795430E-002
   166.000000000000000000000000000000000         1.8629520947996712E-002
   167.000000000000000000000000000000000         1.6107416035812727E-002
   168.000000000000000000000000000000000         1.3759654815171133E-002
   169.000000000000000000000000000000000         1.1589039372760582E-002
   170.000000000000000000000000000000000         9.5981069518132692E-003
   171.000000000000000000000000000000000         7.7895889777789967E-003
   172.000000000000000000000000000000000         6.1653793168734532E-003
   173.000000000000000000000000000000000         4.7275753922932061E-003
   174.000000000000000000000000000000000         3.4778583853725545E-003
   175.000000000000000000000000000000000         2.4179164395247139E-003
   176.000000000000000000000000000000000         1.5488955052681435E-003
   177.000000000000000000000000000000000         8.7186454636667280E-004
   178.000000000000000000000000000000000         3.8768927380799395E-004
   179.000000000000000000000000000000000         9.6951922642605885E-005
   180.000000000000000000000000000000000         2.3906674542737355E-015
   181.000000000000000000000000000000000         9.6953864975366850E-005
   182.000000000000000000000000000000000         3.8769619253958219E-004
   183.000000000000000000000000000000000         8.7187036390250076E-004
   184.000000000000000000000000000000000         1.5488896942136192E-003
   185.000000000000000000000000000000000         2.4179261039225918E-003
   186.000000000000000000000000000000000         3.4779232433895879E-003
   187.000000000000000000000000000000000         4.7275888564769055E-003
   188.000000000000000000000000000000000         6.1653953227793707E-003
   189.000000000000000000000000000000000         7.7896061761442677E-003
   190.000000000000000000000000000000000         9.5982673474621014E-003
   191.000000000000000000000000000000000         1.1589060221540883E-002
   192.000000000000000000000000000000000         1.3759679720174516E-002
   193.000000000000000000000000000000000         1.6107440433404768E-002
   194.000000000000000000000000000000000         1.8629512110633867E-002
   195.000000000000000000000000000000000         2.1322733716336195E-002
   196.000000000000000000000000000000000         2.4183900021895178E-002
   197.000000000000000000000000000000000         2.7209531684298797E-002
   198.000000000000000000000000000000000         3.0395876860590362E-002
   199.000000000000000000000000000000000         3.3739154447694160E-002
   200.000000000000000000000000000000000         3.7235217464549789E-002
   201.000000000000000000000000000000000         4.0879790339005080E-002
   202.000000000000000000000000000000000         4.4668324289064670E-002
   203.000000000000000000000000000000000         4.8596650896109810E-002
   204.000000000000000000000000000000000         5.2659567026617331E-002
   205.000000000000000000000000000000000         5.6852140347858571E-002
   206.000000000000000000000000000000000         6.1169486267396718E-002
   207.000000000000000000000000000000000         6.5606038777282202E-002
   208.000000000000000000000000000000000         7.0156662632280278E-002
   209.000000000000000000000000000000000         7.4815698068802852E-002
   210.000000000000000000000000000000000         7.9577415331291451E-002
   211.000000000000000000000000000000000         8.4436249685641035E-002
   212.000000000000000000000000000000000         8.9386028537997958E-002
   213.000000000000000000000000000000000         9.4420823264654230E-002
   214.000000000000000000000000000000000         9.9534412371375017E-002
   215.000000000000000000000000000000000        0.10472077496447010     
   216.000000000000000000000000000000000        0.10997319749534418     
   217.000000000000000000000000000000000        0.11528592445275426     
   218.000000000000000000000000000000000        0.12065191839152806     
   219.000000000000000000000000000000000        0.12606479938055939     
   220.000000000000000000000000000000000        0.13151792872364598     
   221.000000000000000000000000000000000        0.13700488614965353     
   222.000000000000000000000000000000000        0.14251875574772677     
   223.000000000000000000000000000000000        0.14805288575416992     
   224.000000000000000000000000000000000        0.15360045273273870     
   225.000000000000000000000000000000000        0.15915497344740162     
   226.000000000000000000000000000000000        0.16470939647609167     
   227.000000000000000000000000000000000        0.17025706097127752     
   228.000000000000000000000000000000000        0.17579130341796789     
   229.000000000000000000000000000000000        0.18130506006812097     
   230.000000000000000000000000000000000        0.18679220298408164     
   231.000000000000000000000000000000000        0.19224514599410703     
   232.000000000000000000000000000000000        0.19765823180682254     
   233.000000000000000000000000000000000        0.20302401974704867     
   234.000000000000000000000000000000000        0.20833679269334990     
   235.000000000000000000000000000000000        0.21358916773496051     
   236.000000000000000000000000000000000        0.21877570635638055     
   237.000000000000000000000000000000000        0.22388911761565694     
   238.000000000000000000000000000000000        0.22892410953692971     
   239.000000000000000000000000000000000        0.23387368906604805     
   240.000000000000000000000000000000000        0.23873259506246788     
   241.000000000000000000000000000000000        0.24349423825494360     
   242.000000000000000000000000000000000        0.24815333660368594     
   243.000000000000000000000000000000000        0.25270389483108457     
   244.000000000000000000000000000000000        0.25714070239932618     
   245.000000000000000000000000000000000        0.26145779027091209     
   246.000000000000000000000000000000000        0.26565047284151233     
   247.000000000000000000000000000000000        0.26971327647356885     
   248.000000000000000000000000000000000        0.27364126520510340     
   249.000000000000000000000000000000000        0.27743013353764334     
   250.000000000000000000000000000000000        0.28107463451621478     
   251.000000000000000000000000000000000        0.28457076570916617     
   252.000000000000000000000000000000000        0.28791381727713539     
   253.000000000000000000000000000000000        0.29110038454416720     
   254.000000000000000000000000000000000        0.29412590732665123     
   255.000000000000000000000000000000000        0.29698717839416522     
   256.000000000000000000000000000000000        0.29968027454913343     
   257.000000000000000000000000000000000        0.30220246738957851     
   258.000000000000000000000000000000000        0.30455037526918927     
   259.000000000000000000000000000000000        0.30672084316540932     
   260.000000000000000000000000000000000        0.30871131553708187     
   261.000000000000000000000000000000000        0.31052029264785946     
   262.000000000000000000000000000000000        0.31214400310924068     
   263.000000000000000000000000000000000        0.31358230529974507     
   264.000000000000000000000000000000000        0.31483174519743617     
   265.000000000000000000000000000000000        0.31589196330251501     
   266.000000000000000000000000000000000        0.31676088072891517     
   267.000000000000000000000000000000000        0.31743801423401874     
   268.000000000000000000000000000000000        0.31792195723525579     
   269.000000000000000000000000000000000        0.31821292588897970     
   270.000000000000000000000000000000000        0.31830975495506347     
   271.000000000000000000000000000000000        0.31821292297545900     
   272.000000000000000000000000000000000        0.31792194715686084     
   273.000000000000000000000000000000000        0.31743800550774004     
   274.000000000000000000000000000000000        0.31676112024425324     
   275.000000000000000000000000000000000        0.31589194880608035     
   276.000000000000000000000000000000000        0.31483218232161864     
   277.000000000000000000000000000000000        0.31358228510351421     
   278.000000000000000000000000000000000        0.31214460830175350     
   279.000000000000000000000000000000000        0.31052026685027656     
   280.000000000000000000000000000000000        0.30871187617000495     
   281.000000000000000000000000000000000        0.30672081189232342     
   282.000000000000000000000000000000000        0.30455055689887228     
   283.000000000000000000000000000000000        0.30220243079320336     
   284.000000000000000000000000000000000        0.29968057051001690     
   285.000000000000000000000000000000000        0.29698713665281473     
   286.000000000000000000000000000000000        0.29412609141759261     
   287.000000000000000000000000000000000        0.29110033786123957     
   288.000000000000000000000000000000000        0.28791417695350591     
   289.000000000000000000000000000000000        0.28457071431204878     
   290.000000000000000000000000000000000        0.28107459852744582     
   291.000000000000000000000000000000000        0.27743007767684941     
   292.000000000000000000000000000000000        0.27364149136243615     
   293.000000000000000000000000000000000        0.26971321642120849     
   294.000000000000000000000000000000000        0.26565063850227860     
   295.000000000000000000000000000000000        0.26145772631952663     
   296.000000000000000000000000000000000        0.25714051890364414     
   297.000000000000000000000000000000000        0.25270382729228275     
   298.000000000000000000000000000000000        0.24815346854530115     
   299.000000000000000000000000000000000        0.24349416745776728     
   300.000000000000000000000000000000000        0.23873275404499836     
   301.000000000000000000000000000000000        0.23387361535524834     
   302.000000000000000000000000000000000        0.22892405437846997     
   303.000000000000000000000000000000000        0.22388904135049156     
   304.000000000000000000000000000000000        0.21877577513776797     
   305.000000000000000000000000000000000        0.21358908928687506     
   306.000000000000000000000000000000000        0.20833666810750873     
   307.000000000000000000000000000000000        0.20302393949853095     
   308.000000000000000000000000000000000        0.19765785620395518     
   309.000000000000000000000000000000000        0.19224506433568189     
   310.000000000000000000000000000000000        0.18679182727446403     
   311.000000000000000000000000000000000        0.18130497739798407     
   312.000000000000000000000000000000000        0.17579117503838509     
   313.000000000000000000000000000000000        0.17025697769198542     
   314.000000000000000000000000000000000        0.16470927962129284     
   315.000000000000000000000000000000000        0.15915488996486951     
   316.000000000000000000000000000000000        0.15360010639235308     
   317.000000000000000000000000000000000        0.14805280247489841     
   318.000000000000000000000000000000000        0.14251855497158783     
   319.000000000000000000000000000000000        0.13700480347954766     
   320.000000000000000000000000000000000        0.13151758783539283     
   321.000000000000000000000000000000000        0.12606471772225128     
   322.000000000000000000000000000000000        0.12065175207521317     
   323.000000000000000000000000000000000        0.11528584420415165     
   324.000000000000000000000000000000000        0.10997321289247057     
   325.000000000000000000000000000000000        0.10472069651642776     
   326.000000000000000000000000000000000         9.9534392991607698E-002
   327.000000000000000000000000000000000         9.4420746999536537E-002
   328.000000000000000000000000000000000         8.9385843872000381E-002
   329.000000000000000000000000000000000         8.4436175974825389E-002
   330.000000000000000000000000000000000         7.9577398501146659E-002
   331.000000000000000000000000000000000         7.4815627271543714E-002
   332.000000000000000000000000000000000         7.0156816456253018E-002
   333.000000000000000000000000000000000         6.5605971238410513E-002
   334.000000000000000000000000000000000         6.1169323330288641E-002
   335.000000000000000000000000000000000         5.6852076396499439E-002
   336.000000000000000000000000000000000         5.2659369322053805E-002
   337.000000000000000000000000000000000         4.8596590843726695E-002
   338.000000000000000000000000000000000         4.4668376040574484E-002
   339.000000000000000000000000000000000         4.0879734478292941E-002
   340.000000000000000000000000000000000         3.7235124018303943E-002
   341.000000000000000000000000000000000         3.3739103050660947E-002
   342.000000000000000000000000000000000         3.0395826656814080E-002
   343.000000000000000000000000000000000         2.7209485001431569E-002
   344.000000000000000000000000000000000         2.4183649629053606E-002
   345.000000000000000000000000000000000         2.1322691975041299E-002
   346.000000000000000000000000000000000         1.8629422411831881E-002
   347.000000000000000000000000000000000         1.6107403837049707E-002
   348.000000000000000000000000000000000         1.3759638165635980E-002
   349.000000000000000000000000000000000         1.1589028948399187E-002
   350.000000000000000000000000000000000         9.5981981757859887E-003
   351.000000000000000000000000000000000         7.7895803786061724E-003
   352.000000000000000000000000000000000         6.1654486039504795E-003
   353.000000000000000000000000000000000         4.7275686602053007E-003
   354.000000000000000000000000000000000         3.4779046571439673E-003
   355.000000000000000000000000000000000         2.4179116073323455E-003
   356.000000000000000000000000000000000         1.5488757164811118E-003
   357.000000000000000000000000000000000         8.7186163760114542E-004
   358.000000000000000000000000000000000         3.8769049332297893E-004
   359.000000000000000000000000000000000         9.6950951482325558E-005
   360.000000000000000000000000000000000         2.4958938471065670E-013
