   1.00000000000000000000000000000000000         9.6952893807195116E-005
   2.00000000000000000000000000000000000         3.8769345305388704E-004
   3.00000000000000000000000000000000000         8.7186745512919531E-004
   4.00000000000000000000000000000000000         1.5488770108837108E-003
   5.00000000000000000000000000000000000         2.4179212717238547E-003
   6.00000000000000000000000000000000000         3.4779172808527643E-003
   7.00000000000000000000000000000000000         4.7275821243763930E-003
   8.00000000000000000000000000000000000         6.1654331869696235E-003
   9.00000000000000000000000000000000000         7.7895975769637048E-003
   10.0000000000000000000000000000000000         9.5982170582374592E-003
   11.0000000000000000000000000000000000         1.1589049797138424E-002
   12.0000000000000000000000000000000000         1.3759608746682426E-002
   13.0000000000000000000000000000000000         1.6107428234622211E-002
   14.0000000000000000000000000000000000         1.8629468881697392E-002
   15.0000000000000000000000000000000000         2.1322719802568283E-002
   16.0000000000000000000000000000000000         2.4183816612741715E-002
   17.0000000000000000000000000000000000         2.7209516123326102E-002
   18.0000000000000000000000000000000000         3.0395875396041491E-002
   19.0000000000000000000000000000000000         3.3739137315353877E-002
   20.0000000000000000000000000000000000         3.7235286388759059E-002
   21.0000000000000000000000000000000000         4.0879771718793645E-002
   22.0000000000000000000000000000000000         4.4668463204535734E-002
   23.0000000000000000000000000000000000         4.8596630878637408E-002
   24.0000000000000000000000000000000000         5.2659448791084175E-002
   25.0000000000000000000000000000000000         5.6852119030710399E-002
   26.0000000000000000000000000000000000         6.1169407960706537E-002
   27.0000000000000000000000000000000000         6.5606016264328756E-002
   28.0000000000000000000000000000000000         7.0156615900257874E-002
   29.0000000000000000000000000000000000         7.4815674469707563E-002
   30.0000000000000000000000000000000000         7.9577517602189118E-002
   31.0000000000000000000000000000000000         8.4436225115315858E-002
   32.0000000000000000000000000000000000         8.9385777868055100E-002
   33.0000000000000000000000000000000000         9.4420797842928686E-002
   34.0000000000000000000000000000000000         9.9534456895640402E-002
   35.0000000000000000000000000000000000        0.10472074881508267     
   36.0000000000000000000000000000000000        0.10997365434069170     
   37.0000000000000000000000000000000000        0.11528589770322890     
   38.0000000000000000000000000000000000        0.12065188612006786     
   39.0000000000000000000000000000000000        0.12606477216111461     
   40.0000000000000000000000000000000000        0.13151783525540992     
   41.0000000000000000000000000000000000        0.13700485859298439     
   42.0000000000000000000000000000000000        0.14251864448073243     
   43.0000000000000000000000000000000000        0.14805285799439083     
   44.0000000000000000000000000000000000        0.15360068820305142     
   45.0000000000000000000000000000000000        0.15915494561988791     
   46.0000000000000000000000000000000000        0.16470941436065534     
   47.0000000000000000000000000000000000        0.17025703321148794     
   48.0000000000000000000000000000000000        0.17579107743775685     
   49.0000000000000000000000000000000000        0.18130503251143187     
   50.0000000000000000000000000000000000        0.18679196922892716     
   51.0000000000000000000000000000000000        0.19224511877459399     
   52.0000000000000000000000000000000000        0.19765821203492098     
   53.0000000000000000000000000000000000        0.20302399299753446     
   54.0000000000000000000000000000000000        0.20833640590376132     
   55.0000000000000000000000000000000000        0.21358914158559383     
   56.0000000000000000000000000000000000        0.21877553474345110     
   57.0000000000000000000000000000000000        0.22388909219393546     
   58.0000000000000000000000000000000000        0.22892391085212968     
   59.0000000000000000000000000000000000        0.23387366449577496     
   60.0000000000000000000000000000000000        0.23873211222049578     
   61.0000000000000000000000000000000000        0.24349421465588594     
   62.0000000000000000000000000000000000        0.24815321200824819     
   63.0000000000000000000000000000000000        0.25270387231812935     
   64.0000000000000000000000000000000000        0.25714047880163871     
   65.0000000000000000000000000000000000        0.26145776895387413     
   66.0000000000000000000000000000000000        0.26565032144789652     
   67.0000000000000000000000000000000000        0.26971325645610744     
   68.0000000000000000000000000000000000        0.27364152538454406     
   69.0000000000000000000000000000000000        0.27743011491736524     
   70.0000000000000000000000000000000000        0.28107488746230480     
   71.0000000000000000000000000000000000        0.28457074857679066     
   72.0000000000000000000000000000000000        0.28791393741693039     
   73.0000000000000000000000000000000000        0.29110036898315284     
   74.0000000000000000000000000000000000        0.29412578795645544     
   75.0000000000000000000000000000000000        0.29698716448037549     
   76.0000000000000000000000000000000000        0.29968024460936366     
   77.0000000000000000000000000000000000        0.30220245519078315     
   78.0000000000000000000000000000000000        0.30455006561785447     
   79.0000000000000000000000000000000000        0.30672083274108342     
   80.0000000000000000000000000000000000        0.30871195992956535     
   81.0000000000000000000000000000000000        0.31052028404866078     
   82.0000000000000000000000000000000000        0.31214451933789250     
   83.0000000000000000000000000000000000        0.31358229856772513     
   84.0000000000000000000000000000000000        0.31483166427575315     
   85.0000000000000000000000000000000000        0.31589195847037660     
   86.0000000000000000000000000000000000        0.31676110799643453     
   87.0000000000000000000000000000000000        0.31743801132529276     
   88.0000000000000000000000000000000000        0.31792218266856170     
   89.0000000000000000000000000000000000        0.31821292491782827     
   90.0000000000000000000000000000000000        0.31830976895842011     
   91.0000000000000000000000000000000000        0.31821292394662670     
   92.0000000000000000000000000000000000        0.31792219637040586     
   93.0000000000000000000000000000000000        0.31743800841645997     
   94.0000000000000000000000000000000000        0.31676103641205078     
   95.0000000000000000000000000000000000        0.31589195363823325     
   96.0000000000000000000000000000000000        0.31483193673669352     
   97.0000000000000000000000000000000000        0.31358229183561792     
   98.0000000000000000000000000000000000        0.31214441286049899     
   99.0000000000000000000000000000000000        0.31052027544938843     
   100.000000000000000000000000000000000        0.30871140012756909     
   101.000000000000000000000000000000000        0.30672082231670528     
   102.000000000000000000000000000000000        0.30455030476906630     
   103.000000000000000000000000000000000        0.30220244299202276     
   104.000000000000000000000000000000000        0.29968030018087238     
   105.000000000000000000000000000000000        0.29698715056659125     
   106.000000000000000000000000000000000        0.29412580851340586     
   107.000000000000000000000000000000000        0.29110035342218160     
   108.000000000000000000000000000000000        0.28791403333050974     
   109.000000000000000000000000000000000        0.28457073144450379     
   110.000000000000000000000000000000000        0.28107478562911331     
   111.000000000000000000000000000000000        0.27743009629707766     
   112.000000000000000000000000000000000        0.27364160540208166     
   113.000000000000000000000000000000000        0.26971323643864858     
   114.000000000000000000000000000000000        0.26565043299893437     
   115.000000000000000000000000000000000        0.26145774763671953     
   116.000000000000000000000000000000000        0.25714029979706976     
   117.000000000000000000000000000000000        0.25270384980524740     
   118.000000000000000000000000000000000        0.24815309845857930     
   119.000000000000000000000000000000000        0.24349419105672104     
   120.000000000000000000000000000000000        0.23873256930592021     
   121.000000000000000000000000000000000        0.23387363992555094     
   122.000000000000000000000000000000000        0.22892397991368782     
   123.000000000000000000000000000000000        0.22388906677218487     
   124.000000000000000000000000000000000        0.21877524776751411     
   125.000000000000000000000000000000000        0.21358911543626127     
   126.000000000000000000000000000000000        0.20833654649024255     
   127.000000000000000000000000000000000        0.20302396624799238     
   128.000000000000000000000000000000000        0.19765790818021972     
   129.000000000000000000000000000000000        0.19224509155520822     
   130.000000000000000000000000000000000        0.18679176258134766     
   131.000000000000000000000000000000000        0.18130500495469232     
   132.000000000000000000000000000000000        0.17579105742243739     
   133.000000000000000000000000000000000        0.17025700545177055     
   134.000000000000000000000000000000000        0.16470922059698151     
   135.000000000000000000000000000000000        0.15915491779234844     
   136.000000000000000000000000000000000        0.15360045146325249     
   137.000000000000000000000000000000000        0.14805283023468921     
   138.000000000000000000000000000000000        0.14251843742441647     
   139.000000000000000000000000000000000        0.13700483103623662     
   140.000000000000000000000000000000000        0.13151790214488307     
   141.000000000000000000000000000000000        0.12606474494169789     
   142.000000000000000000000000000000000        0.12065162372213628     
   143.000000000000000000000000000000000        0.11528587095366477     
   144.000000000000000000000000000000000        0.10997324787133271     
   145.000000000000000000000000000000000        0.10472072266576520     
   146.000000000000000000000000000000000         9.9534626932094250E-002
   147.000000000000000000000000000000000         9.4420772421212454E-002
   148.000000000000000000000000000000000         8.9385991887878921E-002
   149.000000000000000000000000000000000         8.4436200545080622E-002
   150.000000000000000000000000000000000         7.9577422612822843E-002
   151.000000000000000000000000000000000         7.4815650870606265E-002
   152.000000000000000000000000000000000         7.0156601010601616E-002
   153.000000000000000000000000000000000         6.5605993751396557E-002
   154.000000000000000000000000000000000         6.1169386379360653E-002
   155.000000000000000000000000000000000         5.6852097713589553E-002
   156.000000000000000000000000000000000         5.2659511995314538E-002
   157.000000000000000000000000000000000         4.8596610861214348E-002
   158.000000000000000000000000000000000         4.4668406736993065E-002
   159.000000000000000000000000000000000         4.0879753098528711E-002
   160.000000000000000000000000000000000         3.7235142346882272E-002
   161.000000000000000000000000000000000         3.3739120183014983E-002
   162.000000000000000000000000000000000         3.0395930056235334E-002
   163.000000000000000000000000000000000         2.7209500562366731E-002
   164.000000000000000000000000000000000         2.4183880390909747E-002
   165.000000000000000000000000000000000         2.1322705888798723E-002
   166.000000000000000000000000000000000         1.8629494081292598E-002
   167.000000000000000000000000000000000         1.6107416035817772E-002
   168.000000000000000000000000000000000         1.3759655653516549E-002
   169.000000000000000000000000000000000         1.1589039372763902E-002
   170.000000000000000000000000000000000         9.5981492665668383E-003
   171.000000000000000000000000000000000         7.7895889777790210E-003
   172.000000000000000000000000000000000         6.1653817231867546E-003
   173.000000000000000000000000000000000         4.7275753922912346E-003
   174.000000000000000000000000000000000         3.4778806443100880E-003
   175.000000000000000000000000000000000         2.4179164395247712E-003
   176.000000000000000000000000000000000         1.5488895027944117E-003
   177.000000000000000000000000000000000         8.7186454636568585E-004
   178.000000000000000000000000000000000         3.8769020870802119E-004
   179.000000000000000000000000000000000         9.6951922642287563E-005
   180.000000000000000000000000000000000         2.4082059151117596E-015
   181.000000000000000000000000000000000         9.6953864975542030E-005
   182.000000000000000000000000000000000         3.8769585905808668E-004
   183.000000000000000000000000000000000         8.7187036390282840E-004
   184.000000000000000000000000000000000         1.5488893546913469E-003
   185.000000000000000000000000000000000         2.4179261039241721E-003
   186.000000000000000000000000000000000         3.4779232433849966E-003
   187.000000000000000000000000000000000         4.7275888564734360E-003
   188.000000000000000000000000000000000         6.1653974511869979E-003
   189.000000000000000000000000000000000         7.7896061761431384E-003
   190.000000000000000000000000000000000         9.5982506129503476E-003
   191.000000000000000000000000000000000         1.1589060221534178E-002
   192.000000000000000000000000000000000         1.3759679611107932E-002
   193.000000000000000000000000000000000         1.6107440433403487E-002
   194.000000000000000000000000000000000         1.8629499849922411E-002
   195.000000000000000000000000000000000         2.1322733716337146E-002
   196.000000000000000000000000000000000         2.4183905022518964E-002
   197.000000000000000000000000000000000         2.7209531684295005E-002
   198.000000000000000000000000000000000         3.0395889257568889E-002
   199.000000000000000000000000000000000         3.3739154447694687E-002
   200.000000000000000000000000000000000         3.7235211079835247E-002
   201.000000000000000000000000000000000         4.0879790339020408E-002
   202.000000000000000000000000000000000         4.4668388729447527E-002
   203.000000000000000000000000000000000         4.8596650896106021E-002
   204.000000000000000000000000000000000         5.2659548004000183E-002
   205.000000000000000000000000000000000         5.6852140347853929E-002
   206.000000000000000000000000000000000         6.1169449987778859E-002
   207.000000000000000000000000000000000         6.5606038777276679E-002
   208.000000000000000000000000000000000         7.0156658637526514E-002
   209.000000000000000000000000000000000         7.4815698068797717E-002
   210.000000000000000000000000000000000         7.9577449632958069E-002
   211.000000000000000000000000000000000         8.4436249685619899E-002
   212.000000000000000000000000000000000         8.9386031296557256E-002
   213.000000000000000000000000000000000         9.4420823264651815E-002
   214.000000000000000000000000000000000         9.9534440596219270E-002
   215.000000000000000000000000000000000        0.10472077496444779     
   216.000000000000000000000000000000000        0.10997327775665429     
   217.000000000000000000000000000000000        0.11528592445276523     
   218.000000000000000000000000000000000        0.12065191359491990     
   219.000000000000000000000000000000000        0.12606479938056098     
   220.000000000000000000000000000000000        0.13151796145987629     
   221.000000000000000000000000000000000        0.13700488614967088     
   222.000000000000000000000000000000000        0.14251875403005229     
   223.000000000000000000000000000000000        0.14805288575416320     
   224.000000000000000000000000000000000        0.15360049169860718     
   225.000000000000000000000000000000000        0.15915497344741145     
   226.000000000000000000000000000000000        0.16470939829806830     
   227.000000000000000000000000000000000        0.17025706097125526     
   228.000000000000000000000000000000000        0.17579125807849347     
   229.000000000000000000000000000000000        0.18130506006811895     
   230.000000000000000000000000000000000        0.18679209260601587     
   231.000000000000000000000000000000000        0.19224514599407697     
   232.000000000000000000000000000000000        0.19765815081595273     
   233.000000000000000000000000000000000        0.20302401974706630     
   234.000000000000000000000000000000000        0.20833669292491402     
   235.000000000000000000000000000000000        0.21358916773494083     
   236.000000000000000000000000000000000        0.21877560423714704     
   237.000000000000000000000000000000000        0.22388911761565800     
   238.000000000000000000000000000000000        0.22892402397724004     
   239.000000000000000000000000000000000        0.23387368906605052     
   240.000000000000000000000000000000000        0.23873253034257247     
   241.000000000000000000000000000000000        0.24349423825494285     
   242.000000000000000000000000000000000        0.24815331376619040     
   243.000000000000000000000000000000000        0.25270389483109562     
   244.000000000000000000000000000000000        0.25714063152512079     
   245.000000000000000000000000000000000        0.26145779027094207     
   246.000000000000000000000000000000000        0.26565044556287093     
   247.000000000000000000000000000000000        0.26971327647355747     
   248.000000000000000000000000000000000        0.27364134118528510     
   249.000000000000000000000000000000000        0.27743013353762791     
   250.000000000000000000000000000000000        0.28107467016784676     
   251.000000000000000000000000000000000        0.28457076570916617     
   252.000000000000000000000000000000000        0.28791389848310989     
   253.000000000000000000000000000000000        0.29110038454414744     
   254.000000000000000000000000000000000        0.29412594695678318     
   255.000000000000000000000000000000000        0.29698717839413330     
   256.000000000000000000000000000000000        0.29968033832610913     
   257.000000000000000000000000000000000        0.30220246738957851     
   258.000000000000000000000000000000000        0.30455031298437463     
   259.000000000000000000000000000000000        0.30672084316541742     
   260.000000000000000000000000000000000        0.30871146520533638     
   261.000000000000000000000000000000000        0.31052029264784314     
   262.000000000000000000000000000000000        0.31214420903524170     
   263.000000000000000000000000000000000        0.31358230529975323     
   264.000000000000000000000000000000000        0.31483183849526392     
   265.000000000000000000000000000000000        0.31589196330254388     
   266.000000000000000000000000000000000        0.31676092976849413     
   267.000000000000000000000000000000000        0.31743801423402290     
   268.000000000000000000000000000000000        0.31792205312297983     
   269.000000000000000000000000000000000        0.31821292588896727     
   270.000000000000000000000000000000000        0.31830980607203657     
   271.000000000000000000000000000000000        0.31821292297545489     
   272.000000000000000000000000000000000        0.31792204482196568     
   273.000000000000000000000000000000000        0.31743800550773177     
   274.000000000000000000000000000000000        0.31676106437980922     
   275.000000000000000000000000000000000        0.31589194880603916     
   276.000000000000000000000000000000000        0.31483208577287181     
   277.000000000000000000000000000000000        0.31358228510350605     
   278.000000000000000000000000000000000        0.31214455181370421     
   279.000000000000000000000000000000000        0.31052026685027656     
   280.000000000000000000000000000000000        0.30871177972274716     
   281.000000000000000000000000000000000        0.30672081189231126     
   282.000000000000000000000000000000000        0.30455040455949267     
   283.000000000000000000000000000000000        0.30220243079320741     
   284.000000000000000000000000000000000        0.29968049428612270     
   285.000000000000000000000000000000000        0.29698713665280274     
   286.000000000000000000000000000000000        0.29412603566937578     
   287.000000000000000000000000000000000        0.29110033786123957     
   288.000000000000000000000000000000000        0.28791408741738900     
   289.000000000000000000000000000000000        0.28457071431208786     
   290.000000000000000000000000000000000        0.28107462679676321     
   291.000000000000000000000000000000000        0.27743007767684552     
   292.000000000000000000000000000000000        0.27364144864737783     
   293.000000000000000000000000000000000        0.26971321642119706     
   294.000000000000000000000000000000000        0.26565051610824814     
   295.000000000000000000000000000000000        0.26145772631955660     
   296.000000000000000000000000000000000        0.25714049719965160     
   297.000000000000000000000000000000000        0.25270382729227536     
   298.000000000000000000000000000000000        0.24815336168234189     
   299.000000000000000000000000000000000        0.24349416745772934     
   300.000000000000000000000000000000000        0.23873259271419303     
   301.000000000000000000000000000000000        0.23387361535526607     
   302.000000000000000000000000000000000        0.22892396051647593     
   303.000000000000000000000000000000000        0.22388904135049675     
   304.000000000000000000000000000000000        0.21877561195384235     
   305.000000000000000000000000000000000        0.21358908928689707     
   306.000000000000000000000000000000000        0.20833658721556586     
   307.000000000000000000000000000000000        0.20302393949850123     
   308.000000000000000000000000000000000        0.19765789827387570     
   309.000000000000000000000000000000000        0.19224506433570115     
   310.000000000000000000000000000000000        0.18679183949572417     
   311.000000000000000000000000000000000        0.18130497739797316     
   312.000000000000000000000000000000000        0.17579114864438283     
   313.000000000000000000000000000000000        0.17025697769198389     
   314.000000000000000000000000000000000        0.16470929540479656     
   315.000000000000000000000000000000000        0.15915488996484906     
   316.000000000000000000000000000000000        0.15360025518077039     
   317.000000000000000000000000000000000        0.14805280247490407     
   318.000000000000000000000000000000000        0.14251860244097705     
   319.000000000000000000000000000000000        0.13700480347954361     
   320.000000000000000000000000000000000        0.13151772862524419     
   321.000000000000000000000000000000000        0.12606471772225386     
   322.000000000000000000000000000000000        0.12065178291588835     
   323.000000000000000000000000000000000        0.11528584420415165     
   324.000000000000000000000000000000000        0.10997325355638625     
   325.000000000000000000000000000000000        0.10472069651643014     
   326.000000000000000000000000000000000         9.9534396978601003E-002
   327.000000000000000000000000000000000         9.4420746999519647E-002
   328.000000000000000000000000000000000         8.9385892426335184E-002
   329.000000000000000000000000000000000         8.4436175974827513E-002
   330.000000000000000000000000000000000         7.9577409632679175E-002
   331.000000000000000000000000000000000         7.4815627271537705E-002
   332.000000000000000000000000000000000         7.0156719295274075E-002
   333.000000000000000000000000000000000         6.5605971238418020E-002
   334.000000000000000000000000000000000         6.1169327633126713E-002
   335.000000000000000000000000000000000         5.6852076396485457E-002
   336.000000000000000000000000000000000         5.2659406969578847E-002
   337.000000000000000000000000000000000         4.8596590843734772E-002
   338.000000000000000000000000000000000         4.4668394638809575E-002
   339.000000000000000000000000000000000         4.0879734478287751E-002
   340.000000000000000000000000000000000         3.7235134252500447E-002
   341.000000000000000000000000000000000         3.3739103050668011E-002
   342.000000000000000000000000000000000         3.0395839527462797E-002
   343.000000000000000000000000000000000         2.7209485001424619E-002
   344.000000000000000000000000000000000         2.4183740744439533E-002
   345.000000000000000000000000000000000         2.1322691975041833E-002
   346.000000000000000000000000000000000         1.8629431248606283E-002
   347.000000000000000000000000000000000         1.6107403837046685E-002
   348.000000000000000000000000000000000         1.3759641230881163E-002
   349.000000000000000000000000000000000         1.1589028948398496E-002
   350.000000000000000000000000000000000         9.5981984086940669E-003
   351.000000000000000000000000000000000         7.7895803786054447E-003
   352.000000000000000000000000000000000         6.1654188634611895E-003
   353.000000000000000000000000000000000         4.7275686602054898E-003
   354.000000000000000000000000000000000         3.4779051706206494E-003
   355.000000000000000000000000000000000         2.4179116073318276E-003
   356.000000000000000000000000000000000         1.5488763624501520E-003
   357.000000000000000000000000000000000         8.7186163760157812E-004
   358.000000000000000000000000000000000         3.8769010794861809E-004
   359.000000000000000000000000000000000         9.6950951482245516E-005
   360.000000000000000000000000000000000         6.2346831537726105E-014
