   1.00000000000000000000000000000000000         9.6952893806582285E-005
   2.00000000000000000000000000000000000         3.8769345305266070E-004
   3.00000000000000000000000000000000000         8.7186745513085392E-004
   4.00000000000000000000000000000000000         1.5488827483530567E-003
   5.00000000000000000000000000000000000         2.4179212717232437E-003
   6.00000000000000000000000000000000000         3.4779174077259768E-003
   7.00000000000000000000000000000000000         4.7275821243764598E-003
   8.00000000000000000000000000000000000         6.1654041762104527E-003
   9.00000000000000000000000000000000000         7.7895975769593350E-003
   10.0000000000000000000000000000000000         9.5982175677733952E-003
   11.0000000000000000000000000000000000         1.1589049797143064E-002
   12.0000000000000000000000000000000000         1.3759651355346049E-002
   13.0000000000000000000000000000000000         1.6107428234613832E-002
   14.0000000000000000000000000000000000         1.8629469465154980E-002
   15.0000000000000000000000000000000000         2.1322719802569078E-002
   16.0000000000000000000000000000000000         2.4183874458855385E-002
   17.0000000000000000000000000000000000         2.7209516123326716E-002
   18.0000000000000000000000000000000000         3.0395886003067325E-002
   19.0000000000000000000000000000000000         3.3739137315353197E-002
   20.0000000000000000000000000000000000         3.7235213145944600E-002
   21.0000000000000000000000000000000000         4.0879771718786616E-002
   22.0000000000000000000000000000000000         4.4668460349566334E-002
   23.0000000000000000000000000000000000         4.8596630878643854E-002
   24.0000000000000000000000000000000000         5.2659486107378327E-002
   25.0000000000000000000000000000000000         5.6852119030714778E-002
   26.0000000000000000000000000000000000         6.1169386099714784E-002
   27.0000000000000000000000000000000000         6.5606016264322650E-002
   28.0000000000000000000000000000000000         7.0156626014579004E-002
   29.0000000000000000000000000000000000         7.4815674469702068E-002
   30.0000000000000000000000000000000000         7.9577485854661539E-002
   31.0000000000000000000000000000000000         8.4436225115330221E-002
   32.0000000000000000000000000000000000         8.9385944491153210E-002
   33.0000000000000000000000000000000000         9.4420797842928131E-002
   34.0000000000000000000000000000000000         9.9534454917839923E-002
   35.0000000000000000000000000000000000        0.10472074881508681     
   36.0000000000000000000000000000000000        0.10997344545772214     
   37.0000000000000000000000000000000000        0.11528589770323332     
   38.0000000000000000000000000000000000        0.12065188166344125     
   39.0000000000000000000000000000000000        0.12606477216112430     
   40.0000000000000000000000000000000000        0.13151793886967855     
   41.0000000000000000000000000000000000        0.13700485859297701     
   42.0000000000000000000000000000000000        0.14251870149891441     
   43.0000000000000000000000000000000000        0.14805285799440274     
   44.0000000000000000000000000000000000        0.15360056624726651     
   45.0000000000000000000000000000000000        0.15915494561988872     
   46.0000000000000000000000000000000000        0.16470938470840116     
   47.0000000000000000000000000000000000        0.17025703321148108     
   48.0000000000000000000000000000000000        0.17579114183451056     
   49.0000000000000000000000000000000000        0.18130503251140620     
   50.0000000000000000000000000000000000        0.18679192770060574     
   51.0000000000000000000000000000000000        0.19224511877459954     
   52.0000000000000000000000000000000000        0.19765806775586794     
   53.0000000000000000000000000000000000        0.20302399299754362     
   54.0000000000000000000000000000000000        0.20833649305566931     
   55.0000000000000000000000000000000000        0.21358914158558948     
   56.0000000000000000000000000000000000        0.21877546396883243     
   57.0000000000000000000000000000000000        0.22388909219393993     
   58.0000000000000000000000000000000000        0.22892388850459730     
   59.0000000000000000000000000000000000        0.23387366449579519     
   60.0000000000000000000000000000000000        0.23873233016906933     
   61.0000000000000000000000000000000000        0.24349421465586349     
   62.0000000000000000000000000000000000        0.24815324562074934     
   63.0000000000000000000000000000000000        0.25270387231815516     
   64.0000000000000000000000000000000000        0.25714050175870590     
   65.0000000000000000000000000000000000        0.26145776895386291     
   66.0000000000000000000000000000000000        0.26565036837268940     
   67.0000000000000000000000000000000000        0.26971325645609601     
   68.0000000000000000000000000000000000        0.27364145535416656     
   69.0000000000000000000000000000000000        0.27743011491735753     
   70.0000000000000000000000000000000000        0.28107475439666330     
   71.0000000000000000000000000000000000        0.28457074857681802     
   72.0000000000000000000000000000000000        0.28791397895804338     
   73.0000000000000000000000000000000000        0.29110036898316072     
   74.0000000000000000000000000000000000        0.29412593107313811     
   75.0000000000000000000000000000000000        0.29698716448033952     
   76.0000000000000000000000000000000000        0.29968036624575428     
   77.0000000000000000000000000000000000        0.30220245519079120     
   78.0000000000000000000000000000000000        0.30455017267185963     
   79.0000000000000000000000000000000000        0.30672083274106315     
   80.0000000000000000000000000000000000        0.30871174785916489     
   81.0000000000000000000000000000000000        0.31052028404864851     
   82.0000000000000000000000000000000000        0.31214449715294229     
   83.0000000000000000000000000000000000        0.31358229856769232     
   84.0000000000000000000000000000000000        0.31483187840655935     
   85.0000000000000000000000000000000000        0.31589195847038487     
   86.0000000000000000000000000000000000        0.31676102639849985     
   87.0000000000000000000000000000000000        0.31743801132527216     
   88.0000000000000000000000000000000000        0.31792218422886787     
   89.0000000000000000000000000000000000        0.31821292491779934     
   90.0000000000000000000000000000000000        0.31830984670038548     
   91.0000000000000000000000000000000000        0.31821292394662259     
   92.0000000000000000000000000000000000        0.31792218670856354     
   93.0000000000000000000000000000000000        0.31743800841648473     
   94.0000000000000000000000000000000000        0.31676100338978741     
   95.0000000000000000000000000000000000        0.31589195363820033     
   96.0000000000000000000000000000000000        0.31483195125581537     
   97.0000000000000000000000000000000000        0.31358229183559738     
   98.0000000000000000000000000000000000        0.31214446155889192     
   99.0000000000000000000000000000000000        0.31052027544944150     
   100.000000000000000000000000000000000        0.30871158282642924     
   101.000000000000000000000000000000000        0.30672082231668496     
   102.000000000000000000000000000000000        0.30455023213829574     
   103.000000000000000000000000000000000        0.30220244299201066     
   104.000000000000000000000000000000000        0.29968037257857949     
   105.000000000000000000000000000000000        0.29698715056656727     
   106.000000000000000000000000000000000        0.29412592630381229     
   107.000000000000000000000000000000000        0.29110035342219742     
   108.000000000000000000000000000000000        0.28791399432996184     
   109.000000000000000000000000000000000        0.28457073144449208     
   110.000000000000000000000000000000000        0.28107471278560431     
   111.000000000000000000000000000000000        0.27743009629709309     
   112.000000000000000000000000000000000        0.27364146410018708     
   113.000000000000000000000000000000000        0.26971323643864098     
   114.000000000000000000000000000000000        0.26565038506241040     
   115.000000000000000000000000000000000        0.26145774763672702     
   116.000000000000000000000000000000000        0.25714043543921022     
   117.000000000000000000000000000000000        0.25270384980522531     
   118.000000000000000000000000000000000        0.24815319698035307     
   119.000000000000000000000000000000000        0.24349419105675413     
   120.000000000000000000000000000000000        0.23873244205673222     
   121.000000000000000000000000000000000        0.23387363992554866     
   122.000000000000000000000000000000000        0.22892389007915731     
   123.000000000000000000000000000000000        0.22388906677221307     
   124.000000000000000000000000000000000        0.21877536435734746     
   125.000000000000000000000000000000000        0.21358911543625914     
   126.000000000000000000000000000000000        0.20833651380047313     
   127.000000000000000000000000000000000        0.20302396624800109     
   128.000000000000000000000000000000000        0.19765796251365797     
   129.000000000000000000000000000000000        0.19224509155517727     
   130.000000000000000000000000000000000        0.18679184964025478     
   131.000000000000000000000000000000000        0.18130500495468177     
   132.000000000000000000000000000000000        0.17579111632413699     
   133.000000000000000000000000000000000        0.17025700545174147     
   134.000000000000000000000000000000000        0.16470930999802763     
   135.000000000000000000000000000000000        0.15915491779235319     
   136.000000000000000000000000000000000        0.15360047939147964     
   137.000000000000000000000000000000000        0.14805283023466773     
   138.000000000000000000000000000000000        0.14251862312910701     
   139.000000000000000000000000000000000        0.13700483103625047     
   140.000000000000000000000000000000000        0.13151793811328771     
   141.000000000000000000000000000000000        0.12606474494169370     
   142.000000000000000000000000000000000        0.12065178813724436     
   143.000000000000000000000000000000000        0.11528587095368494     
   144.000000000000000000000000000000000        0.10997331159982143     
   145.000000000000000000000000000000000        0.10472072266576138     
   146.000000000000000000000000000000000         9.9534484462015044E-002
   147.000000000000000000000000000000000         9.4420772421211566E-002
   148.000000000000000000000000000000000         8.9385987032214204E-002
   149.000000000000000000000000000000000         8.4436200545081497E-002
   150.000000000000000000000000000000000         7.9577441721176659E-002
   151.000000000000000000000000000000000         7.4815650870611455E-002
   152.000000000000000000000000000000000         7.0156605256364746E-002
   153.000000000000000000000000000000000         6.5605993751379488E-002
   154.000000000000000000000000000000000         6.1169364269398667E-002
   155.000000000000000000000000000000000         5.6852097713589803E-002
   156.000000000000000000000000000000000         5.2659489133873957E-002
   157.000000000000000000000000000000000         4.8596610861199985E-002
   158.000000000000000000000000000000000         4.4668430523721839E-002
   159.000000000000000000000000000000000         4.0879753098530036E-002
   160.000000000000000000000000000000000         3.7235159606354470E-002
   161.000000000000000000000000000000000         3.3739120183013782E-002
   162.000000000000000000000000000000000         3.0395889716416758E-002
   163.000000000000000000000000000000000         2.7209500562368406E-002
   164.000000000000000000000000000000000         2.4183881904234313E-002
   165.000000000000000000000000000000000         2.1322705888802321E-002
   166.000000000000000000000000000000000         1.8629467214607856E-002
   167.000000000000000000000000000000000         1.6107416035822549E-002
   168.000000000000000000000000000000000         1.3759656491861991E-002
   169.000000000000000000000000000000000         1.1589039372767443E-002
   170.000000000000000000000000000000000         9.5981915814136818E-003
   171.000000000000000000000000000000000         7.7895889777788666E-003
   172.000000000000000000000000000000000         6.1653841295005261E-003
   173.000000000000000000000000000000000         4.7275753922894044E-003
   174.000000000000000000000000000000000         3.4779029033188522E-003
   175.000000000000000000000000000000000         2.4179164395247291E-003
   176.000000000000000000000000000000000         1.5488835003323106E-003
   177.000000000000000000000000000000000         8.7186454636475810E-004
   178.000000000000000000000000000000000         3.8769114360917562E-004
   179.000000000000000000000000000000000         9.6951922641949834E-005
   180.000000000000000000000000000000000         2.4258084750449751E-015
   181.000000000000000000000000000000000         9.6953864975697938E-005
   182.000000000000000000000000000000000         3.8769552557673266E-004
   183.000000000000000000000000000000000         8.7187036390321297E-004
   184.000000000000000000000000000000000         1.5488890151691120E-003
   185.000000000000000000000000000000000         2.4179261039256597E-003
   186.000000000000000000000000000000000         3.4779232433804052E-003
   187.000000000000000000000000000000000         4.7275888564701002E-003
   188.000000000000000000000000000000000         6.1653995795949929E-003
   189.000000000000000000000000000000000         7.7896061761418426E-003
   190.000000000000000000000000000000000         9.5982338784531794E-003
   191.000000000000000000000000000000000         1.1589060221527673E-002
   192.000000000000000000000000000000000         1.3759679502041346E-002
   193.000000000000000000000000000000000         1.6107440433401971E-002
   194.000000000000000000000000000000000         1.8629487589214993E-002
   195.000000000000000000000000000000000         2.1322733716338353E-002
   196.000000000000000000000000000000000         2.4183910023143265E-002
   197.000000000000000000000000000000000         2.7209531684290921E-002
   198.000000000000000000000000000000000         3.0395901654549942E-002
   199.000000000000000000000000000000000         3.3739154447695548E-002
   200.000000000000000000000000000000000         3.7235204695121246E-002
   201.000000000000000000000000000000000         4.0879790339035396E-002
   202.000000000000000000000000000000000         4.4668453169876873E-002
   203.000000000000000000000000000000000         4.8596650896102607E-002
   204.000000000000000000000000000000000         5.2659528981386469E-002
   205.000000000000000000000000000000000         5.6852140347848884E-002
   206.000000000000000000000000000000000         6.1169413708171756E-002
   207.000000000000000000000000000000000         6.5606038777271988E-002
   208.000000000000000000000000000000000         7.0156654642772862E-002
   209.000000000000000000000000000000000         7.4815698068791708E-002
   210.000000000000000000000000000000000         7.9577483934632098E-002
   211.000000000000000000000000000000000         8.4436249685599679E-002
   212.000000000000000000000000000000000         8.9386034055116609E-002
   213.000000000000000000000000000000000         9.4420823264648429E-002
   214.000000000000000000000000000000000         9.9534468821067520E-002
   215.000000000000000000000000000000000        0.10472077496442644     
   216.000000000000000000000000000000000        0.10997335801799370     
   217.000000000000000000000000000000000        0.11528592445277519     
   218.000000000000000000000000000000000        0.12065190879831185     
   219.000000000000000000000000000000000        0.12606479938056356     
   220.000000000000000000000000000000000        0.13151799419611068     
   221.000000000000000000000000000000000        0.13700488614968714     
   222.000000000000000000000000000000000        0.14251875231237782     
   223.000000000000000000000000000000000        0.14805288575415756     
   224.000000000000000000000000000000000        0.15360053066448057     
   225.000000000000000000000000000000000        0.15915497344742022     
   226.000000000000000000000000000000000        0.16470940012004495     
   227.000000000000000000000000000000000        0.17025706097123411     
   228.000000000000000000000000000000000        0.17579121273902490     
   229.000000000000000000000000000000000        0.18130506006811581     
   230.000000000000000000000000000000000        0.18679198222798271     
   231.000000000000000000000000000000000        0.19224514599404807     
   232.000000000000000000000000000000000        0.19765806982509951     
   233.000000000000000000000000000000000        0.20302401974708281     
   234.000000000000000000000000000000000        0.20833659315650202     
   235.000000000000000000000000000000000        0.21358916773492218     
   236.000000000000000000000000000000000        0.21877550211793734     
   237.000000000000000000000000000000000        0.22388911761565800     
   238.000000000000000000000000000000000        0.22892393841756636     
   239.000000000000000000000000000000000        0.23387368906605407     
   240.000000000000000000000000000000000        0.23873246562268580     
   241.000000000000000000000000000000000        0.24349423825494104     
   242.000000000000000000000000000000000        0.24815329092869595     
   243.000000000000000000000000000000000        0.25270389483110667     
   244.000000000000000000000000000000000        0.25714056065092672     
   245.000000000000000000000000000000000        0.26145779027097205     
   246.000000000000000000000000000000000        0.26565041828423092     
   247.000000000000000000000000000000000        0.26971327647354604     
   248.000000000000000000000000000000000        0.27364141716547735     
   249.000000000000000000000000000000000        0.27743013353761248     
   250.000000000000000000000000000000000        0.28107470581948096     
   251.000000000000000000000000000000000        0.28457076570916617     
   252.000000000000000000000000000000000        0.28791397968909582     
   253.000000000000000000000000000000000        0.29110038454412768     
   254.000000000000000000000000000000000        0.29412598658691780     
   255.000000000000000000000000000000000        0.29698717839410133     
   256.000000000000000000000000000000000        0.29968040210309160     
   257.000000000000000000000000000000000        0.30220246738957851     
   258.000000000000000000000000000000000        0.30455025069956632     
   259.000000000000000000000000000000000        0.30672084316542553     
   260.000000000000000000000000000000000        0.30871161487362719     
   261.000000000000000000000000000000000        0.31052029264782682     
   262.000000000000000000000000000000000        0.31214441496131068     
   263.000000000000000000000000000000000        0.31358230529976144     
   264.000000000000000000000000000000000        0.31483193179310554     
   265.000000000000000000000000000000000        0.31589196330257269     
   266.000000000000000000000000000000000        0.31676097880807680     
   267.000000000000000000000000000000000        0.31743801423402701     
   268.000000000000000000000000000000000        0.31792214901071830     
   269.000000000000000000000000000000000        0.31821292588895489     
   270.000000000000000000000000000000000        0.31830985718901372     
   271.000000000000000000000000000000000        0.31821292297545073     
   272.000000000000000000000000000000000        0.31792214248708545     
   273.000000000000000000000000000000000        0.31743800550772350     
   274.000000000000000000000000000000000        0.31676100851537015     
   275.000000000000000000000000000000000        0.31589194880599797     
   276.000000000000000000000000000000000        0.31483198922413974     
   277.000000000000000000000000000000000        0.31358228510349784     
   278.000000000000000000000000000000000        0.31214449532566002     
   279.000000000000000000000000000000000        0.31052026685027656     
   280.000000000000000000000000000000000        0.30871168327550441     
   281.000000000000000000000000000000000        0.30672081189229911     
   282.000000000000000000000000000000000        0.30455025222015114     
   283.000000000000000000000000000000000        0.30220243079321146     
   284.000000000000000000000000000000000        0.29968041806223822     
   285.000000000000000000000000000000000        0.29698713665279075     
   286.000000000000000000000000000000000        0.29412597992116418     
   287.000000000000000000000000000000000        0.29110033786123957     
   288.000000000000000000000000000000000        0.28791399788128602     
   289.000000000000000000000000000000000        0.28457071431212694     
   290.000000000000000000000000000000000        0.28107465506608198     
   291.000000000000000000000000000000000        0.27743007767684169     
   292.000000000000000000000000000000000        0.27364140593232278     
   293.000000000000000000000000000000000        0.26971321642118568     
   294.000000000000000000000000000000000        0.26565039371424587     
   295.000000000000000000000000000000000        0.26145772631958658     
   296.000000000000000000000000000000000        0.25714047549565994     
   297.000000000000000000000000000000000        0.25270382729226798     
   298.000000000000000000000000000000000        0.24815325481940564     
   299.000000000000000000000000000000000        0.24349416745769137     
   300.000000000000000000000000000000000        0.23873243138344222     
   301.000000000000000000000000000000000        0.23387361535528378     
   302.000000000000000000000000000000000        0.22892386665450110     
   303.000000000000000000000000000000000        0.22388904135050194     
   304.000000000000000000000000000000000        0.21877544876997759     
   305.000000000000000000000000000000000        0.21358908928691908     
   306.000000000000000000000000000000000        0.20833650632363865     
   307.000000000000000000000000000000000        0.20302393949847153     
   308.000000000000000000000000000000000        0.19765794034380069     
   309.000000000000000000000000000000000        0.19224506433572044     
   310.000000000000000000000000000000000        0.18679185171698473     
   311.000000000000000000000000000000000        0.18130497739796222     
   312.000000000000000000000000000000000        0.17579112225038260     
   313.000000000000000000000000000000000        0.17025697769198239     
   314.000000000000000000000000000000000        0.16470931118830104     
   315.000000000000000000000000000000000        0.15915488996482857     
   316.000000000000000000000000000000000        0.15360040396925975     
   317.000000000000000000000000000000000        0.14805280247490971     
   318.000000000000000000000000000000000        0.14251864991037419     
   319.000000000000000000000000000000000        0.13700480347953953     
   320.000000000000000000000000000000000        0.13151786941517093     
   321.000000000000000000000000000000000        0.12606471772225647     
   322.000000000000000000000000000000000        0.12065181375656746     
   323.000000000000000000000000000000000        0.11528584420415165     
   324.000000000000000000000000000000000        0.10997329422030945     
   325.000000000000000000000000000000000        0.10472069651643251     
   326.000000000000000000000000000000000         9.9534400965594377E-002
   327.000000000000000000000000000000000         9.4420746999502758E-002
   328.000000000000000000000000000000000         8.9385940980683171E-002
   329.000000000000000000000000000000000         8.4436175974829650E-002
   330.000000000000000000000000000000000         7.9577420764212453E-002
   331.000000000000000000000000000000000         7.4815627271531696E-002
   332.000000000000000000000000000000000         7.0156622134362426E-002
   333.000000000000000000000000000000000         6.5605971238425528E-002
   334.000000000000000000000000000000000         6.1169331935964945E-002
   335.000000000000000000000000000000000         5.6852076396471482E-002
   336.000000000000000000000000000000000         5.2659444617117343E-002
   337.000000000000000000000000000000000         4.8596590843742848E-002
   338.000000000000000000000000000000000         4.4668413237048329E-002
   339.000000000000000000000000000000000         4.0879734478282567E-002
   340.000000000000000000000000000000000         3.7235144486698353E-002
   341.000000000000000000000000000000000         3.3739103050675075E-002
   342.000000000000000000000000000000000         3.0395852398114237E-002
   343.000000000000000000000000000000000         2.7209485001417670E-002
   344.000000000000000000000000000000000         2.4183831859997111E-002
   345.000000000000000000000000000000000         2.1322691975042368E-002
   346.000000000000000000000000000000000         1.8629440085382781E-002
   347.000000000000000000000000000000000         1.6107403837043663E-002
   348.000000000000000000000000000000000         1.3759644296126687E-002
   349.000000000000000000000000000000000         1.1589028948397806E-002
   350.000000000000000000000000000000000         9.5981986416020793E-003
   351.000000000000000000000000000000000         7.7895803786047178E-003
   352.000000000000000000000000000000000         6.1653891230436294E-003
   353.000000000000000000000000000000000         4.7275686602056780E-003
   354.000000000000000000000000000000000         3.4779056840973693E-003
   355.000000000000000000000000000000000         2.4179116073313098E-003
   356.000000000000000000000000000000000         1.5488770084193422E-003
   357.000000000000000000000000000000000         8.7186163760201083E-004
   358.000000000000000000000000000000000         3.8768972257444877E-004
   359.000000000000000000000000000000000         9.6950951482165475E-005
   360.000000000000000000000000000000000         4.0911389485946818E-020
