   1.00000000000000000000000000000000000         9.6952893806474989E-005
   2.00000000000000000000000000000000000         3.8769345305243773E-004
   3.00000000000000000000000000000000000         8.7186745513114286E-004
   4.00000000000000000000000000000000000         1.5488837915304432E-003
   5.00000000000000000000000000000000000         2.4179212717231539E-003
   6.00000000000000000000000000000000000         3.4779174307938338E-003
   7.00000000000000000000000000000000000         4.7275821243764424E-003
   8.00000000000000000000000000000000000         6.1653989015343002E-003
   9.00000000000000000000000000000000000         7.7895975769585778E-003
   10.0000000000000000000000000000000000         9.5982176604162937E-003
   11.0000000000000000000000000000000000         1.1589049797143862E-002
   12.0000000000000000000000000000000000         1.3759659102382886E-002
   13.0000000000000000000000000000000000         1.6107428234612354E-002
   14.0000000000000000000000000000000000         1.8629469571238177E-002
   15.0000000000000000000000000000000000         2.1322719802569175E-002
   16.0000000000000000000000000000000000         2.4183884976338030E-002
   17.0000000000000000000000000000000000         2.7209516123326880E-002
   18.0000000000000000000000000000000000         3.0395887931617675E-002
   19.0000000000000000000000000000000000         3.3739137315353017E-002
   20.0000000000000000000000000000000000         3.7235199829076984E-002
   21.0000000000000000000000000000000000         4.0879771718785402E-002
   22.0000000000000000000000000000000000         4.4668459830480997E-002
   23.0000000000000000000000000000000000         4.8596630878644957E-002
   24.0000000000000000000000000000000000         5.2659492892160507E-002
   25.0000000000000000000000000000000000         5.6852119030715652E-002
   26.0000000000000000000000000000000000         6.1169382124989430E-002
   27.0000000000000000000000000000000000         6.5606016264321443E-002
   28.0000000000000000000000000000000000         7.0156627853546566E-002
   29.0000000000000000000000000000000000         7.4815674469701166E-002
   30.0000000000000000000000000000000000         7.9577480082384480E-002
   31.0000000000000000000000000000000000         8.4436225115332733E-002
   32.0000000000000000000000000000000000         8.9385974786278632E-002
   33.0000000000000000000000000000000000         9.4420797842928131E-002
   34.0000000000000000000000000000000000         9.9534454558239838E-002
   35.0000000000000000000000000000000000        0.10472074881508744     
   36.0000000000000000000000000000000000        0.10997340747902172     
   37.0000000000000000000000000000000000        0.11528589770323422     
   38.0000000000000000000000000000000000        0.12065188085314552     
   39.0000000000000000000000000000000000        0.12606477216112597     
   40.0000000000000000000000000000000000        0.13151795770864089     
   41.0000000000000000000000000000000000        0.13700485859297576     
   42.0000000000000000000000000000000000        0.14251871186585779     
   43.0000000000000000000000000000000000        0.14805285799440479     
   44.0000000000000000000000000000000000        0.15360054407349263     
   45.0000000000000000000000000000000000        0.15915494561988897     
   46.0000000000000000000000000000000000        0.16470937931708252     
   47.0000000000000000000000000000000000        0.17025703321147970     
   48.0000000000000000000000000000000000        0.17579115354301250     
   49.0000000000000000000000000000000000        0.18130503251140168     
   50.0000000000000000000000000000000000        0.18679192015000232     
   51.0000000000000000000000000000000000        0.19224511877460043     
   52.0000000000000000000000000000000000        0.19765804152331851     
   53.0000000000000000000000000000000000        0.20302399299754542     
   54.0000000000000000000000000000000000        0.20833650890147271     
   55.0000000000000000000000000000000000        0.21358914158558856     
   56.0000000000000000000000000000000000        0.21877545110072119     
   57.0000000000000000000000000000000000        0.22388909219394088     
   58.0000000000000000000000000000000000        0.22892388444140971     
   59.0000000000000000000000000000000000        0.23387366449579874     
   60.0000000000000000000000000000000000        0.23873236979609341     
   61.0000000000000000000000000000000000        0.24349421465585952     
   62.0000000000000000000000000000000000        0.24815325173211342     
   63.0000000000000000000000000000000000        0.25270387231815983     
   64.0000000000000000000000000000000000        0.25714050593271826     
   65.0000000000000000000000000000000000        0.26145776895386086     
   66.0000000000000000000000000000000000        0.26565037690447035     
   67.0000000000000000000000000000000000        0.26971325645609395     
   68.0000000000000000000000000000000000        0.27364144262137163     
   69.0000000000000000000000000000000000        0.27743011491735614     
   70.0000000000000000000000000000000000        0.28107473020291368     
   71.0000000000000000000000000000000000        0.28457074857682302     
   72.0000000000000000000000000000000000        0.28791398651097333     
   73.0000000000000000000000000000000000        0.29110036898316216     
   74.0000000000000000000000000000000000        0.29412595709435690     
   75.0000000000000000000000000000000000        0.29698716448033297     
   76.0000000000000000000000000000000000        0.29968038836146432     
   77.0000000000000000000000000000000000        0.30220245519079270     
   78.0000000000000000000000000000000000        0.30455019213622619     
   79.0000000000000000000000000000000000        0.30672083274105943     
   80.0000000000000000000000000000000000        0.30871170930091807     
   81.0000000000000000000000000000000000        0.31052028404864629     
   82.0000000000000000000000000000000000        0.31214449311931503     
   83.0000000000000000000000000000000000        0.31358229856768638     
   84.0000000000000000000000000000000000        0.31483191733944099     
   85.0000000000000000000000000000000000        0.31589195847038637     
   86.0000000000000000000000000000000000        0.31676101156251285     
   87.0000000000000000000000000000000000        0.31743801132526839     
   88.0000000000000000000000000000000000        0.31792218451255988     
   89.0000000000000000000000000000000000        0.31821292491779407     
   90.0000000000000000000000000000000000        0.31830986083528928     
   91.0000000000000000000000000000000000        0.31821292394662182     
   92.0000000000000000000000000000000000        0.31792218495186492     
   93.0000000000000000000000000000000000        0.31743800841648923     
   94.0000000000000000000000000000000000        0.31676099738573971     
   95.0000000000000000000000000000000000        0.31589195363819433     
   96.0000000000000000000000000000000000        0.31483195389565577     
   97.0000000000000000000000000000000000        0.31358229183559366     
   98.0000000000000000000000000000000000        0.31214447041314564     
   99.0000000000000000000000000000000000        0.31052027544945116     
   100.000000000000000000000000000000000        0.30871161604440961     
   101.000000000000000000000000000000000        0.30672082231668130     
   102.000000000000000000000000000000000        0.30455021893270201     
   103.000000000000000000000000000000000        0.30220244299200849     
   104.000000000000000000000000000000000        0.29968038574179989     
   105.000000000000000000000000000000000        0.29698715056656294     
   106.000000000000000000000000000000000        0.29412594772025236     
   107.000000000000000000000000000000000        0.29110035342220031     
   108.000000000000000000000000000000000        0.28791398723895345     
   109.000000000000000000000000000000000        0.28457073144448991     
   110.000000000000000000000000000000000        0.28107469954133096     
   111.000000000000000000000000000000000        0.27743009629709592     
   112.000000000000000000000000000000000        0.27364143840893745     
   113.000000000000000000000000000000000        0.26971323643863959     
   114.000000000000000000000000000000000        0.26565037634667921     
   115.000000000000000000000000000000000        0.26145774763672841     
   116.000000000000000000000000000000000        0.25714046010142144     
   117.000000000000000000000000000000000        0.25270384980522126     
   118.000000000000000000000000000000000        0.24815321489340494     
   119.000000000000000000000000000000000        0.24349419105676007     
   120.000000000000000000000000000000000        0.23873241892051986     
   121.000000000000000000000000000000000        0.23387363992554835     
   122.000000000000000000000000000000000        0.22892387374560819     
   123.000000000000000000000000000000000        0.22388906677221812     
   124.000000000000000000000000000000000        0.21877538555550230     
   125.000000000000000000000000000000000        0.21358911543625883     
   126.000000000000000000000000000000000        0.20833650785687899     
   127.000000000000000000000000000000000        0.20302396624800259     
   128.000000000000000000000000000000000        0.19765797239246574     
   129.000000000000000000000000000000000        0.19224509155517172     
   130.000000000000000000000000000000000        0.18679186546914917     
   131.000000000000000000000000000000000        0.18130500495467980     
   132.000000000000000000000000000000000        0.17579112703353797     
   133.000000000000000000000000000000000        0.17025700545173625     
   134.000000000000000000000000000000000        0.16470932625276588     
   135.000000000000000000000000000000000        0.15915491779235399     
   136.000000000000000000000000000000000        0.15360048446933941     
   137.000000000000000000000000000000000        0.14805283023466390     
   138.000000000000000000000000000000000        0.14251865689360921     
   139.000000000000000000000000000000000        0.13700483103625294     
   140.000000000000000000000000000000000        0.13151794465299815     
   141.000000000000000000000000000000000        0.12606474494169301     
   142.000000000000000000000000000000000        0.12065181803091241     
   143.000000000000000000000000000000000        0.11528587095368856     
   144.000000000000000000000000000000000        0.10997332318682136     
   145.000000000000000000000000000000000        0.10472072266576074     
   146.000000000000000000000000000000000         9.9534458558375227E-002
   147.000000000000000000000000000000000         9.4420772421211371E-002
   148.000000000000000000000000000000000         8.9385986149366090E-002
   149.000000000000000000000000000000000         8.4436200545081691E-002
   150.000000000000000000000000000000000         7.9577445195423063E-002
   151.000000000000000000000000000000000         7.4815650870612371E-002
   152.000000000000000000000000000000000         7.0156606028321689E-002
   153.000000000000000000000000000000000         6.5605993751376421E-002
   154.000000000000000000000000000000000         6.1169360249406009E-002
   155.000000000000000000000000000000000         5.6852097713589803E-002
   156.000000000000000000000000000000000         5.2659484977248927E-002
   157.000000000000000000000000000000000         4.8596610861197417E-002
   158.000000000000000000000000000000000         4.4668434848582295E-002
   159.000000000000000000000000000000000         4.0879753098530237E-002
   160.000000000000000000000000000000000         3.7235162744440754E-002
   161.000000000000000000000000000000000         3.3739120183013602E-002
   162.000000000000000000000000000000000         3.0395882381907165E-002
   163.000000000000000000000000000000000         2.7209500562368680E-002
   164.000000000000000000000000000000000         2.4183882179384237E-002
   165.000000000000000000000000000000000         2.1322705888803004E-002
   166.000000000000000000000000000000000         1.8629462329758168E-002
   167.000000000000000000000000000000000         1.6107416035823396E-002
   168.000000000000000000000000000000000         1.3759656644288437E-002
   169.000000000000000000000000000000000         1.1589039372768105E-002
   170.000000000000000000000000000000000         9.5981992750322209E-003
   171.000000000000000000000000000000000         7.7895889777788224E-003
   172.000000000000000000000000000000000         6.1653845670121710E-003
   173.000000000000000000000000000000000         4.7275753922890835E-003
   174.000000000000000000000000000000000         3.4779069504190076E-003
   175.000000000000000000000000000000000         2.4179164395247105E-003
   176.000000000000000000000000000000000         1.5488824089768143E-003
   177.000000000000000000000000000000000         8.7186454636459590E-004
   178.000000000000000000000000000000000         3.8769131359132485E-004
   179.000000000000000000000000000000000         9.6951922641886300E-005
   180.000000000000000000000000000000000         2.4290158271265013E-015
   181.000000000000000000000000000000000         9.6953864975724176E-005
   182.000000000000000000000000000000000         3.8769546494377458E-004
   183.000000000000000000000000000000000         8.7187036390328919E-004
   184.000000000000000000000000000000000         1.5488889534378005E-003
   185.000000000000000000000000000000000         2.4179261039259199E-003
   186.000000000000000000000000000000000         3.4779232433795704E-003
   187.000000000000000000000000000000000         4.7275888564695051E-003
   188.000000000000000000000000000000000         6.1653999665783037E-003
   189.000000000000000000000000000000000         7.7896061761415928E-003
   190.000000000000000000000000000000000         9.5982308358188977E-003
   191.000000000000000000000000000000000         1.1589060221526509E-002
   192.000000000000000000000000000000000         1.3759679482211060E-002
   193.000000000000000000000000000000000         1.6107440433401676E-002
   194.000000000000000000000000000000000         1.8629485359995895E-002
   195.000000000000000000000000000000000         2.1322733716338596E-002
   196.000000000000000000000000000000000         2.4183910932347737E-002
   197.000000000000000000000000000000000         2.7209531684290151E-002
   198.000000000000000000000000000000000         3.0395903908546767E-002
   199.000000000000000000000000000000000         3.3739154447695728E-002
   200.000000000000000000000000000000000         3.7235203534264218E-002
   201.000000000000000000000000000000000         4.0879790339038088E-002
   202.000000000000000000000000000000000         4.4668464886323568E-002
   203.000000000000000000000000000000000         4.8596650896102017E-002
   204.000000000000000000000000000000000         5.2659525522729803E-002
   205.000000000000000000000000000000000         5.6852140347847933E-002
   206.000000000000000000000000000000000         6.1169407111880715E-002
   207.000000000000000000000000000000000         6.5606038777271142E-002
   208.000000000000000000000000000000000         7.0156653916454037E-002
   209.000000000000000000000000000000000         7.4815698068790612E-002
   210.000000000000000000000000000000000         7.9577490171300891E-002
   211.000000000000000000000000000000000         8.4436249685596002E-002
   212.000000000000000000000000000000000         8.9386034556672850E-002
   213.000000000000000000000000000000000         9.4420823264647818E-002
   214.000000000000000000000000000000000         9.9534473952858540E-002
   215.000000000000000000000000000000000        0.10472077496442257     
   216.000000000000000000000000000000000        0.10997337261096764     
   217.000000000000000000000000000000000        0.11528592445277699     
   218.000000000000000000000000000000000        0.12065190792620130     
   219.000000000000000000000000000000000        0.12606479938056403     
   220.000000000000000000000000000000000        0.13151800014815374     
   221.000000000000000000000000000000000        0.13700488614969011     
   222.000000000000000000000000000000000        0.14251875200007338     
   223.000000000000000000000000000000000        0.14805288575415654     
   224.000000000000000000000000000000000        0.15360053774918536     
   225.000000000000000000000000000000000        0.15915497344742183     
   226.000000000000000000000000000000000        0.16470940045131344     
   227.000000000000000000000000000000000        0.17025706097123025     
   228.000000000000000000000000000000000        0.17579120449548580     
   229.000000000000000000000000000000000        0.18130506006811525     
   230.000000000000000000000000000000000        0.18679196215925289     
   231.000000000000000000000000000000000        0.19224514599404280     
   232.000000000000000000000000000000000        0.19765805509949161     
   233.000000000000000000000000000000000        0.20302401974708581     
   234.000000000000000000000000000000000        0.20833657501679331     
   235.000000000000000000000000000000000        0.21358916773491879     
   236.000000000000000000000000000000000        0.21877548355081089     
   237.000000000000000000000000000000000        0.22388911761565800     
   238.000000000000000000000000000000000        0.22892392286126376     
   239.000000000000000000000000000000000        0.23387368906605471     
   240.000000000000000000000000000000000        0.23873245385543462     
   241.000000000000000000000000000000000        0.24349423825494071     
   242.000000000000000000000000000000000        0.24815328677642434     
   243.000000000000000000000000000000000        0.25270389483110867     
   244.000000000000000000000000000000000        0.25714054776471107     
   245.000000000000000000000000000000000        0.26145779027097749     
   246.000000000000000000000000000000000        0.26565041332447836     
   247.000000000000000000000000000000000        0.26971327647354393     
   248.000000000000000000000000000000000        0.27364143098005889     
   249.000000000000000000000000000000000        0.27743013353760965     
   250.000000000000000000000000000000000        0.28107471230159653     
   251.000000000000000000000000000000000        0.28457076570916617     
   252.000000000000000000000000000000000        0.28791399445382176     
   253.000000000000000000000000000000000        0.29110038454412407     
   254.000000000000000000000000000000000        0.29412599379239707     
   255.000000000000000000000000000000000        0.29698717839409550     
   256.000000000000000000000000000000000        0.29968041369890730     
   257.000000000000000000000000000000000        0.30220246738957851     
   258.000000000000000000000000000000000        0.30455023937505638     
   259.000000000000000000000000000000000        0.30672084316542703     
   260.000000000000000000000000000000000        0.30871164208604762     
   261.000000000000000000000000000000000        0.31052029264782383     
   262.000000000000000000000000000000000        0.31214445240242139     
   263.000000000000000000000000000000000        0.31358230529976294     
   264.000000000000000000000000000000000        0.31483194875635090     
   265.000000000000000000000000000000000        0.31589196330257791     
   266.000000000000000000000000000000000        0.31676098772436501     
   267.000000000000000000000000000000000        0.31743801423402779     
   268.000000000000000000000000000000000        0.31792216644485410     
   269.000000000000000000000000000000000        0.31821292588895261     
   270.000000000000000000000000000000000        0.31830986648301002     
   271.000000000000000000000000000000000        0.31821292297545001     
   272.000000000000000000000000000000000        0.31792216024438158     
   273.000000000000000000000000000000000        0.31743800550772200     
   274.000000000000000000000000000000000        0.31676099835819993     
   275.000000000000000000000000000000000        0.31589194880599047     
   276.000000000000000000000000000000000        0.31483197166982640     
   277.000000000000000000000000000000000        0.31358228510349634     
   278.000000000000000000000000000000000        0.31214448505510711     
   279.000000000000000000000000000000000        0.31052026685027656     
   280.000000000000000000000000000000000        0.30871166573964370     
   281.000000000000000000000000000000000        0.30672081189229689     
   282.000000000000000000000000000000000        0.30455022452209313     
   283.000000000000000000000000000000000        0.30220243079321218     
   284.000000000000000000000000000000000        0.29968040420335113     
   285.000000000000000000000000000000000        0.29698713665278859     
   286.000000000000000000000000000000000        0.29412596978512628     
   287.000000000000000000000000000000000        0.29110033786123957     
   288.000000000000000000000000000000000        0.28791398160199611     
   289.000000000000000000000000000000000        0.28457071431213404     
   290.000000000000000000000000000000000        0.28107466020595828     
   291.000000000000000000000000000000000        0.27743007767684097     
   292.000000000000000000000000000000000        0.27364139816594951     
   293.000000000000000000000000000000000        0.26971321642118357     
   294.000000000000000000000000000000000        0.26565037146079395     
   295.000000000000000000000000000000000        0.26145772631959202     
   296.000000000000000000000000000000000        0.25714047154947972     
   297.000000000000000000000000000000000        0.25270382729226665     
   298.000000000000000000000000000000000        0.24815323538978334     
   299.000000000000000000000000000000000        0.24349416745768446     
   300.000000000000000000000000000000000        0.23873240205058430     
   301.000000000000000000000000000000000        0.23387361535528700     
   302.000000000000000000000000000000000        0.22892384958868955     
   303.000000000000000000000000000000000        0.22388904135050289     
   304.000000000000000000000000000000000        0.21877541910019055     
   305.000000000000000000000000000000000        0.21358908928692311     
   306.000000000000000000000000000000000        0.20833649161601722     
   307.000000000000000000000000000000000        0.20302393949846612     
   308.000000000000000000000000000000000        0.19765794799287842     
   309.000000000000000000000000000000000        0.19224506433572394     
   310.000000000000000000000000000000000        0.18679185393903214     
   311.000000000000000000000000000000000        0.18130497739796025     
   312.000000000000000000000000000000000        0.17579111745147366     
   313.000000000000000000000000000000000        0.17025697769198211     
   314.000000000000000000000000000000000        0.16470931405802922     
   315.000000000000000000000000000000000        0.15915488996482485     
   316.000000000000000000000000000000000        0.15360043102172011     
   317.000000000000000000000000000000000        0.14805280247491073     
   318.000000000000000000000000000000000        0.14251865854117451     
   319.000000000000000000000000000000000        0.13700480347953881     
   320.000000000000000000000000000000000        0.13151789501334754     
   321.000000000000000000000000000000000        0.12606471772225694     
   322.000000000000000000000000000000000        0.12065181936396409     
   323.000000000000000000000000000000000        0.11528584420415165     
   324.000000000000000000000000000000000        0.10997330161375085     
   325.000000000000000000000000000000000        0.10472069651643294     
   326.000000000000000000000000000000000         9.9534401690502275E-002
   327.000000000000000000000000000000000         9.4420746999499691E-002
   328.000000000000000000000000000000000         8.9385949808747867E-002
   329.000000000000000000000000000000000         8.4436175974830038E-002
   330.000000000000000000000000000000000         7.9577422788127683E-002
   331.000000000000000000000000000000000         7.4815627271530599E-002
   332.000000000000000000000000000000000         7.0156604468749356E-002
   333.000000000000000000000000000000000         6.5605971238426888E-002
   334.000000000000000000000000000000000         6.1169332718299184E-002
   335.000000000000000000000000000000000         5.6852076396468942E-002
   336.000000000000000000000000000000000         5.2659451462125792E-002
   337.000000000000000000000000000000000         4.8596590843744319E-002
   338.000000000000000000000000000000000         4.4668416618546668E-002
   339.000000000000000000000000000000000         4.0879734478281624E-002
   340.000000000000000000000000000000000         3.7235146347461757E-002
   341.000000000000000000000000000000000         3.3739103050676365E-002
   342.000000000000000000000000000000000         3.0395854738232975E-002
   343.000000000000000000000000000000000         2.7209485001416404E-002
   344.000000000000000000000000000000000         2.4183848426480564E-002
   345.000000000000000000000000000000000         2.1322691975042465E-002
   346.000000000000000000000000000000000         1.8629441692069641E-002
   347.000000000000000000000000000000000         1.6107403837043115E-002
   348.000000000000000000000000000000000         1.3759644853444093E-002
   349.000000000000000000000000000000000         1.1589028948397679E-002
   350.000000000000000000000000000000000         9.5981986839489900E-003
   351.000000000000000000000000000000000         7.7895803786045851E-003
   352.000000000000000000000000000000000         6.1653837157026889E-003
   353.000000000000000000000000000000000         4.7275686602057127E-003
   354.000000000000000000000000000000000         3.4779057774567772E-003
   355.000000000000000000000000000000000         2.4179116073312153E-003
   356.000000000000000000000000000000000         1.5488771258683003E-003
   357.000000000000000000000000000000000         8.7186163760208954E-004
   358.000000000000000000000000000000000         3.8768965250643856E-004
   359.000000000000000000000000000000000         9.6950951482150920E-005
   360.000000000000000000000000000000000         2.0828137973421207E-015
