   1.00000000000000000000000000000000000         9.6952893807725345E-005
   2.00000000000000000000000000000000000         3.8769345305489041E-004
   3.00000000000000000000000000000000000         8.7186745512775256E-004
   4.00000000000000000000000000000000000         1.5488723165985136E-003
   5.00000000000000000000000000000000000         2.4179212717244966E-003
   6.00000000000000000000000000000000000         3.4779171770474098E-003
   7.00000000000000000000000000000000000         4.7275821243761415E-003
   8.00000000000000000000000000000000000         6.1654569230960750E-003
   9.00000000000000000000000000000000000         7.7895975769675290E-003
   10.0000000000000000000000000000000000         9.5982166413444321E-003
   11.0000000000000000000000000000000000         1.1589049797134326E-002
   12.0000000000000000000000000000000000         1.3759573885097624E-002
   13.0000000000000000000000000000000000         1.6107428234629417E-002
   14.0000000000000000000000000000000000         1.8629468404323009E-002
   15.0000000000000000000000000000000000         2.1322719802567211E-002
   16.0000000000000000000000000000000000         2.4183769284154718E-002
   17.0000000000000000000000000000000000         2.7209516123326057E-002
   18.0000000000000000000000000000000000         3.0395866717567180E-002
   19.0000000000000000000000000000000000         3.3739137315353933E-002
   20.0000000000000000000000000000000000         3.7235346314751741E-002
   21.0000000000000000000000000000000000         4.0879771718799952E-002
   22.0000000000000000000000000000000000         4.4668465540419852E-002
   23.0000000000000000000000000000000000         4.8596630878631530E-002
   24.0000000000000000000000000000000000         5.2659418259580607E-002
   25.0000000000000000000000000000000000         5.6852119030707443E-002
   26.0000000000000000000000000000000000         6.1169425846975427E-002
   27.0000000000000000000000000000000000         6.5606016264333086E-002
   28.0000000000000000000000000000000000         7.0156607624904749E-002
   29.0000000000000000000000000000000000         7.4815674469712767E-002
   30.0000000000000000000000000000000000         7.9577543577443677E-002
   31.0000000000000000000000000000000000         8.4436225115303382E-002
   32.0000000000000000000000000000000000         8.9385641540181263E-002
   33.0000000000000000000000000000000000         9.4420797842929907E-002
   34.0000000000000000000000000000000000         9.9534458513840796E-002
   35.0000000000000000000000000000000000        0.10472074881507847     
   36.0000000000000000000000000000000000        0.10997382524508707     
   37.0000000000000000000000000000000000        0.11528589770322616     
   38.0000000000000000000000000000000000        0.12065188976639879     
   39.0000000000000000000000000000000000        0.12606477216110579     
   40.0000000000000000000000000000000000        0.13151775048012956     
   41.0000000000000000000000000000000000        0.13700485859299139     
   42.0000000000000000000000000000000000        0.14251859782950113     
   43.0000000000000000000000000000000000        0.14805285799438014     
   44.0000000000000000000000000000000000        0.15360078798509327     
   45.0000000000000000000000000000000000        0.15915494561988822     
   46.0000000000000000000000000000000000        0.16470943862159254     
   47.0000000000000000000000000000000000        0.17025703321149258     
   48.0000000000000000000000000000000000        0.17579102474951258     
   49.0000000000000000000000000000000000        0.18130503251145386     
   50.0000000000000000000000000000000000        0.18679200320664813     
   51.0000000000000000000000000000000000        0.19224511877458847     
   52.0000000000000000000000000000000000        0.19765833008145806     
   53.0000000000000000000000000000000000        0.20302399299752799     
   54.0000000000000000000000000000000000        0.20833633459766834     
   55.0000000000000000000000000000000000        0.21358914158559636     
   56.0000000000000000000000000000000000        0.21877559264996582     
   57.0000000000000000000000000000000000        0.22388909219393288     
   58.0000000000000000000000000000000000        0.22892392913647516     
   59.0000000000000000000000000000000000        0.23387366449575733     
   60.0000000000000000000000000000000000        0.23873193389900960     
   61.0000000000000000000000000000000000        0.24349421465590540     
   62.0000000000000000000000000000000000        0.24815318450711260     
   63.0000000000000000000000000000000000        0.25270387231810582     
   64.0000000000000000000000000000000000        0.25714046001858454     
   65.0000000000000000000000000000000000        0.26145776895388584     
   66.0000000000000000000000000000000000        0.26565028305488725     
   67.0000000000000000000000000000000000        0.26971325645611421     
   68.0000000000000000000000000000000000        0.27364158268213234     
   69.0000000000000000000000000000000000        0.27743011491737418     
   70.0000000000000000000000000000000000        0.28107499633421673     
   71.0000000000000000000000000000000000        0.28457074857676579     
   72.0000000000000000000000000000000000        0.28791390342874923     
   73.0000000000000000000000000000000000        0.29110036898314889     
   74.0000000000000000000000000000000000        0.29412567086101371     
   75.0000000000000000000000000000000000        0.29698716448040230     
   76.0000000000000000000000000000000000        0.29968014508869878     
   77.0000000000000000000000000000000000        0.30220245519077904     
   78.0000000000000000000000000000000000        0.30454997802822792     
   79.0000000000000000000000000000000000        0.30672083274109757     
   80.0000000000000000000000000000000000        0.30871213344176540     
   81.0000000000000000000000000000000000        0.31052028404867327     
   82.0000000000000000000000000000000000        0.31214453748921600     
   83.0000000000000000000000000000000000        0.31358229856774955     
   84.0000000000000000000000000000000000        0.31483148907787500     
   85.0000000000000000000000000000000000        0.31589195847037227     
   86.0000000000000000000000000000000000        0.31676117475838883     
   87.0000000000000000000000000000000000        0.31743801132530730     
   88.0000000000000000000000000000000000        0.31792218139194761     
   89.0000000000000000000000000000000000        0.31821292491785430     
   90.0000000000000000000000000000000000        0.31830970535136460     
   91.0000000000000000000000000000000000        0.31821292394662787     
   92.0000000000000000000000000000000000        0.31792220427554974     
   93.0000000000000000000000000000000000        0.31743800841644199     
   94.0000000000000000000000000000000000        0.31676106343026755     
   95.0000000000000000000000000000000000        0.31589195363825795     
   96.0000000000000000000000000000000000        0.31483192485741224     
   97.0000000000000000000000000000000000        0.31358229183563696     
   98.0000000000000000000000000000000000        0.31214437301636205     
   99.0000000000000000000000000000000000        0.31052027544934291     
   100.000000000000000000000000000000000        0.30871125064672372     
   101.000000000000000000000000000000000        0.30672082231672393     
   102.000000000000000000000000000000000        0.30455036419424864     
   103.000000000000000000000000000000000        0.30220244299203058     
   104.000000000000000000000000000000000        0.29968024094639129     
   105.000000000000000000000000000000000        0.29698715056661279     
   106.000000000000000000000000000000000        0.29412571213945449     
   107.000000000000000000000000000000000        0.29110035342216678     
   108.000000000000000000000000000000000        0.28791406524005092     
   109.000000000000000000000000000000000        0.28457073144451517     
   110.000000000000000000000000000000000        0.28107484522835502     
   111.000000000000000000000000000000000        0.27743009629706328     
   112.000000000000000000000000000000000        0.27364172101274986     
   113.000000000000000000000000000000000        0.26971323643865658     
   114.000000000000000000000000000000000        0.26565047221972993     
   115.000000000000000000000000000000000        0.26145774763671181     
   116.000000000000000000000000000000000        0.25714018881716322     
   117.000000000000000000000000000000000        0.25270384980526706     
   118.000000000000000000000000000000000        0.24815301784986987     
   119.000000000000000000000000000000000        0.24349419105669295     
   120.000000000000000000000000000000000        0.23873267341891741     
   121.000000000000000000000000000000000        0.23387363992555382     
   122.000000000000000000000000000000000        0.22892405341468045     
   123.000000000000000000000000000000000        0.22388906677216075     
   124.000000000000000000000000000000000        0.21877515237585540     
   125.000000000000000000000000000000000        0.21358911543626405     
   126.000000000000000000000000000000000        0.20833657323641944     
   127.000000000000000000000000000000000        0.20302396624798427     
   128.000000000000000000000000000000000        0.19765786372559399     
   129.000000000000000000000000000000000        0.19224509155523450     
   130.000000000000000000000000000000000        0.18679169135134785     
   131.000000000000000000000000000000000        0.18130500495469998     
   132.000000000000000000000000000000000        0.17579100923014507     
   133.000000000000000000000000000000000        0.17025700545179528     
   134.000000000000000000000000000000000        0.16470914745068907     
   135.000000000000000000000000000000000        0.15915491779234367     
   136.000000000000000000000000000000000        0.15360042861288670     
   137.000000000000000000000000000000000        0.14805283023470767     
   138.000000000000000000000000000000000        0.14251828548430509     
   139.000000000000000000000000000000000        0.13700483103622441     
   140.000000000000000000000000000000000        0.13151787271619203     
   141.000000000000000000000000000000000        0.12606474494170214     
   142.000000000000000000000000000000000        0.12065148920076754     
   143.000000000000000000000000000000000        0.11528587095364747     
   144.000000000000000000000000000000000        0.10997319572985569     
   145.000000000000000000000000000000000        0.10472072266576907     
   146.000000000000000000000000000000000         9.9534743498598532E-002
   147.000000000000000000000000000000000         9.4420772421212454E-002
   148.000000000000000000000000000000000         8.9385995860695608E-002
   149.000000000000000000000000000000000         8.4436200545080622E-002
   150.000000000000000000000000000000000         7.9577406978716875E-002
   151.000000000000000000000000000000000         7.4815650870601338E-002
   152.000000000000000000000000000000000         7.0156597536795512E-002
   153.000000000000000000000000000000000         6.5605993751411143E-002
   154.000000000000000000000000000000000         6.1169404469332521E-002
   155.000000000000000000000000000000000         5.6852097713588942E-002
   156.000000000000000000000000000000000         5.2659530700133246E-002
   157.000000000000000000000000000000000         4.8596610861226477E-002
   158.000000000000000000000000000000000         4.4668387275128785E-002
   159.000000000000000000000000000000000         4.0879753098527295E-002
   160.000000000000000000000000000000000         3.7235128225498904E-002
   161.000000000000000000000000000000000         3.3739120183016273E-002
   162.000000000000000000000000000000000         3.0395963061561355E-002
   163.000000000000000000000000000000000         2.7209500562365093E-002
   164.000000000000000000000000000000000         2.4183879152735139E-002
   165.000000000000000000000000000000000         2.1322705888796017E-002
   166.000000000000000000000000000000000         1.8629516063139978E-002
   167.000000000000000000000000000000000         1.6107416035813657E-002
   168.000000000000000000000000000000000         1.3759654967597571E-002
   169.000000000000000000000000000000000         1.1589039372761173E-002
   170.000000000000000000000000000000000         9.5981146453978892E-003
   171.000000000000000000000000000000000         7.7895889777790115E-003
   172.000000000000000000000000000000000         6.1653797543849273E-003
   173.000000000000000000000000000000000         4.7275753922928392E-003
   174.000000000000000000000000000000000         3.4778624324468079E-003
   175.000000000000000000000000000000000         2.4179164395247317E-003
   176.000000000000000000000000000000000         1.5488944139084181E-003
   177.000000000000000000000000000000000         8.7186454636648902E-004
   178.000000000000000000000000000000000         3.8768944378973319E-004
   179.000000000000000000000000000000000         9.6951922642549439E-005
   180.000000000000000000000000000000000         2.3938514976091635E-015
   181.000000000000000000000000000000000         9.6953864975400148E-005
   182.000000000000000000000000000000000         3.8769613190657278E-004
   183.000000000000000000000000000000000         8.7187036390255605E-004
   184.000000000000000000000000000000000         1.5488896324822941E-003
   185.000000000000000000000000000000000         2.4179261039228863E-003
   186.000000000000000000000000000000000         3.4779232433887531E-003
   187.000000000000000000000000000000000         4.7275888564762645E-003
   188.000000000000000000000000000000000         6.1653957097625479E-003
   189.000000000000000000000000000000000         7.7896061761440769E-003
   190.000000000000000000000000000000000         9.5982643048225166E-003
   191.000000000000000000000000000000000         1.1589060221539646E-002
   192.000000000000000000000000000000000         1.3759679700344227E-002
   193.000000000000000000000000000000000         1.6107440433404556E-002
   194.000000000000000000000000000000000         1.8629509881413302E-002
   195.000000000000000000000000000000000         2.1322733716336341E-002
   196.000000000000000000000000000000000         2.4183900931099466E-002
   197.000000000000000000000000000000000         2.7209531684298138E-002
   198.000000000000000000000000000000000         3.0395879114586268E-002
   199.000000000000000000000000000000000         3.3739154447694222E-002
   200.000000000000000000000000000000000         3.7235216303692559E-002
   201.000000000000000000000000000000000         4.0879790339007904E-002
   202.000000000000000000000000000000000         4.4668336005494455E-002
   203.000000000000000000000000000000000         4.8596650896109081E-002
   204.000000000000000000000000000000000         5.2659563567959415E-002
   205.000000000000000000000000000000000         5.6852140347857780E-002
   206.000000000000000000000000000000000         6.1169479671101763E-002
   207.000000000000000000000000000000000         6.5606038777281175E-002
   208.000000000000000000000000000000000         7.0156661905961398E-002
   209.000000000000000000000000000000000         7.4815698068801936E-002
   210.000000000000000000000000000000000         7.9577421567957565E-002
   211.000000000000000000000000000000000         8.4436249685637163E-002
   212.000000000000000000000000000000000         8.9386029039554185E-002
   213.000000000000000000000000000000000         9.4420823264653828E-002
   214.000000000000000000000000000000000         9.9534417503164579E-002
   215.000000000000000000000000000000000        0.10472077496446601     
   216.000000000000000000000000000000000        0.10997321208830747     
   217.000000000000000000000000000000000        0.11528592445275630     
   218.000000000000000000000000000000000        0.12065191751941748     
   219.000000000000000000000000000000000        0.12606479938055962     
   220.000000000000000000000000000000000        0.13151793467568756     
   221.000000000000000000000000000000000        0.13700488614965675     
   222.000000000000000000000000000000000        0.14251875543542231     
   223.000000000000000000000000000000000        0.14805288575416861     
   224.000000000000000000000000000000000        0.15360045981744169     
   225.000000000000000000000000000000000        0.15915497344740348     
   226.000000000000000000000000000000000        0.16470939680736013     
   227.000000000000000000000000000000000        0.17025706097127341     
   228.000000000000000000000000000000000        0.17579129517442665     
   229.000000000000000000000000000000000        0.18130506006812069     
   230.000000000000000000000000000000000        0.18679218291534000     
   231.000000000000000000000000000000000        0.19224514599410147     
   232.000000000000000000000000000000000        0.19765821708120862     
   233.000000000000000000000000000000000        0.20302401974705198     
   234.000000000000000000000000000000000        0.20833677455363250     
   235.000000000000000000000000000000000        0.21358916773495681     
   236.000000000000000000000000000000000        0.21877568778924542     
   237.000000000000000000000000000000000        0.22388911761565725     
   238.000000000000000000000000000000000        0.22892409398062133     
   239.000000000000000000000000000000000        0.23387368906604838     
   240.000000000000000000000000000000000        0.23873258329521352     
   241.000000000000000000000000000000000        0.24349423825494360     
   242.000000000000000000000000000000000        0.24815333245141394     
   243.000000000000000000000000000000000        0.25270389483108657     
   244.000000000000000000000000000000000        0.25714068951310626     
   245.000000000000000000000000000000000        0.26145779027091753     
   246.000000000000000000000000000000000        0.26565046788175922     
   247.000000000000000000000000000000000        0.26971327647356680     
   248.000000000000000000000000000000000        0.27364127901968111     
   249.000000000000000000000000000000000        0.27743013353764051     
   250.000000000000000000000000000000000        0.28107464099832952     
   251.000000000000000000000000000000000        0.28457076570916617     
   252.000000000000000000000000000000000        0.28791383204185717     
   253.000000000000000000000000000000000        0.29110038454416365     
   254.000000000000000000000000000000000        0.29412591453212961     
   255.000000000000000000000000000000000        0.29698717839415939     
   256.000000000000000000000000000000000        0.29968028614494668     
   257.000000000000000000000000000000000        0.30220246738957851     
   258.000000000000000000000000000000000        0.30455036394467705     
   259.000000000000000000000000000000000        0.30672084316541076     
   260.000000000000000000000000000000000        0.30871134274948908     
   261.000000000000000000000000000000000        0.31052029264785652     
   262.000000000000000000000000000000000        0.31214404055032674     
   263.000000000000000000000000000000000        0.31358230529974657     
   264.000000000000000000000000000000000        0.31483176216067660     
   265.000000000000000000000000000000000        0.31589196330252028     
   266.000000000000000000000000000000000        0.31676088964520199     
   267.000000000000000000000000000000000        0.31743801423401952     
   268.000000000000000000000000000000000        0.31792197466938638     
   269.000000000000000000000000000000000        0.31821292588897743     
   270.000000000000000000000000000000000        0.31830976424905827     
   271.000000000000000000000000000000000        0.31821292297545828     
   272.000000000000000000000000000000000        0.31792196491415153     
   273.000000000000000000000000000000000        0.31743800550773854     
   274.000000000000000000000000000000000        0.31676111008708124     
   275.000000000000000000000000000000000        0.31589194880607285     
   276.000000000000000000000000000000000        0.31483216476729992     
   277.000000000000000000000000000000000        0.31358228510351277     
   278.000000000000000000000000000000000        0.31214459803119871     
   279.000000000000000000000000000000000        0.31052026685027656     
   280.000000000000000000000000000000000        0.30871185863413880     
   281.000000000000000000000000000000000        0.30672081189232120     
   282.000000000000000000000000000000000        0.30455052920080045     
   283.000000000000000000000000000000000        0.30220243079320414     
   284.000000000000000000000000000000000        0.29968055665112636     
   285.000000000000000000000000000000000        0.29698713665281251     
   286.000000000000000000000000000000000        0.29412608128155282     
   287.000000000000000000000000000000000        0.29110033786123957     
   288.000000000000000000000000000000000        0.28791416067421088     
   289.000000000000000000000000000000000        0.28457071431205588     
   290.000000000000000000000000000000000        0.28107460366732157     
   291.000000000000000000000000000000000        0.27743007767684869     
   292.000000000000000000000000000000000        0.27364148359606166     
   293.000000000000000000000000000000000        0.26971321642120644     
   294.000000000000000000000000000000000        0.26565061624881642     
   295.000000000000000000000000000000000        0.26145772631953207     
   296.000000000000000000000000000000000        0.25714051495746360     
   297.000000000000000000000000000000000        0.25270382729228136     
   298.000000000000000000000000000000000        0.24815344911567050     
   299.000000000000000000000000000000000        0.24349416745776040     
   300.000000000000000000000000000000000        0.23873272471212062     
   301.000000000000000000000000000000000        0.23387361535525156     
   302.000000000000000000000000000000000        0.22892403731265143     
   303.000000000000000000000000000000000        0.22388904135049251     
   304.000000000000000000000000000000000        0.21877574546795878     
   305.000000000000000000000000000000000        0.21358908928687906     
   306.000000000000000000000000000000000        0.20833665339988158     
   307.000000000000000000000000000000000        0.20302393949852554     
   308.000000000000000000000000000000000        0.19765786385303130     
   309.000000000000000000000000000000000        0.19224506433568539     
   310.000000000000000000000000000000000        0.18679182949651130     
   311.000000000000000000000000000000000        0.18130497739798210     
   312.000000000000000000000000000000000        0.17579117023947544     
   313.000000000000000000000000000000000        0.17025697769198514     
   314.000000000000000000000000000000000        0.16470928249102074     
   315.000000000000000000000000000000000        0.15915488996486579     
   316.000000000000000000000000000000000        0.15360013344478723     
   317.000000000000000000000000000000000        0.14805280247489944     
   318.000000000000000000000000000000000        0.14251856360238530     
   319.000000000000000000000000000000000        0.13700480347954694     
   320.000000000000000000000000000000000        0.13151761343354201     
   321.000000000000000000000000000000000        0.12606471772225175     
   322.000000000000000000000000000000000        0.12065175768260837     
   323.000000000000000000000000000000000        0.11528584420415165     
   324.000000000000000000000000000000000        0.10997322028590922     
   325.000000000000000000000000000000000        0.10472069651642819     
   326.000000000000000000000000000000000         9.9534393716515568E-002
   327.000000000000000000000000000000000         9.4420746999533456E-002
   328.000000000000000000000000000000000         8.9385852700060275E-002
   329.000000000000000000000000000000000         8.4436175974825778E-002
   330.000000000000000000000000000000000         7.9577400525061612E-002
   331.000000000000000000000000000000000         7.4815627271542631E-002
   332.000000000000000000000000000000000         7.0156798790615468E-002
   333.000000000000000000000000000000000         6.5605971238411873E-002
   334.000000000000000000000000000000000         6.1169324112622825E-002
   335.000000000000000000000000000000000         5.6852076396496899E-002
   336.000000000000000000000000000000000         5.2659376167057362E-002
   337.000000000000000000000000000000000         4.8596590843728166E-002
   338.000000000000000000000000000000000         4.4668379422071483E-002
   339.000000000000000000000000000000000         4.0879734478291997E-002
   340.000000000000000000000000000000000         3.7235125879066834E-002
   341.000000000000000000000000000000000         3.3739103050662231E-002
   342.000000000000000000000000000000000         3.0395828996931825E-002
   343.000000000000000000000000000000000         2.7209485001430306E-002
   344.000000000000000000000000000000000         2.4183666195474643E-002
   345.000000000000000000000000000000000         2.1322691975041396E-002
   346.000000000000000000000000000000000         1.8629424018517981E-002
   347.000000000000000000000000000000000         1.6107403837049158E-002
   348.000000000000000000000000000000000         1.3759638722953261E-002
   349.000000000000000000000000000000000         1.1589028948399060E-002
   350.000000000000000000000000000000000         9.5981982181329150E-003
   351.000000000000000000000000000000000         7.7895803786060406E-003
   352.000000000000000000000000000000000         6.1654431965834557E-003
   353.000000000000000000000000000000000         4.7275686602053345E-003
   354.000000000000000000000000000000000         3.4779047505033613E-003
   355.000000000000000000000000000000000         2.4179116073322513E-003
   356.000000000000000000000000000000000         1.5488758339300176E-003
   357.000000000000000000000000000000000         8.7186163760122413E-004
   358.000000000000000000000000000000000         3.8769042325489906E-004
   359.000000000000000000000000000000000         9.6950951482311002E-005
   360.000000000000000000000000000000000         2.0625551667081692E-013
