   1.00000000000000000000000000000000000         9.6952893807948894E-005
   2.00000000000000000000000000000000000         3.8769345305529921E-004
   3.00000000000000000000000000000000000         8.7186745512714237E-004
   4.00000000000000000000000000000000000         1.5488704041139913E-003
   5.00000000000000000000000000000000000         2.4179212717247950E-003
   6.00000000000000000000000000000000000         3.4779171347563403E-003
   7.00000000000000000000000000000000000         4.7275821243759862E-003
   8.00000000000000000000000000000000000         6.1654665933829136E-003
   9.00000000000000000000000000000000000         7.7895975769691553E-003
   10.0000000000000000000000000000000000         9.5982164714991259E-003
   11.0000000000000000000000000000000000         1.1589049797132576E-002
   12.0000000000000000000000000000000000         1.3759559682242403E-002
   13.0000000000000000000000000000000000         1.6107428234632439E-002
   14.0000000000000000000000000000000000         1.8629468209837151E-002
   15.0000000000000000000000000000000000         2.1322719802566677E-002
   16.0000000000000000000000000000000000         2.4183750002151068E-002
   17.0000000000000000000000000000000000         2.7209516123326158E-002
   18.0000000000000000000000000000000000         3.0395863181892819E-002
   19.0000000000000000000000000000000000         3.3739137315353822E-002
   20.0000000000000000000000000000000000         3.7235370729058880E-002
   21.0000000000000000000000000000000000         4.0879771718802665E-002
   22.0000000000000000000000000000000000         4.4668466492076363E-002
   23.0000000000000000000000000000000000         4.8596630878628977E-002
   24.0000000000000000000000000000000000         5.2659405820822437E-002
   25.0000000000000000000000000000000000         5.6852119030706423E-002
   26.0000000000000000000000000000000000         6.1169433133974611E-002
   27.0000000000000000000000000000000000         6.5606016264334641E-002
   28.0000000000000000000000000000000000         7.0156604253464733E-002
   29.0000000000000000000000000000000000         7.4815674469715099E-002
   30.0000000000000000000000000000000000         7.9577554159956002E-002
   31.0000000000000000000000000000000000         8.4436225115298053E-002
   32.0000000000000000000000000000000000         8.9385585999225428E-002
   33.0000000000000000000000000000000000         9.4420797842930657E-002
   34.0000000000000000000000000000000000         9.9534459173107631E-002
   35.0000000000000000000000000000000000        0.10472074881507649     
   36.0000000000000000000000000000000000        0.10997389487284177     
   37.0000000000000000000000000000000000        0.11528589770322532     
   38.0000000000000000000000000000000000        0.12065189125194103     
   39.0000000000000000000000000000000000        0.12606477216110187     
   40.0000000000000000000000000000000000        0.13151771594206021     
   41.0000000000000000000000000000000000        0.13700485859299455     
   42.0000000000000000000000000000000000        0.14251857882344612     
   43.0000000000000000000000000000000000        0.14805285799437543     
   44.0000000000000000000000000000000000        0.15360082863704555     
   45.0000000000000000000000000000000000        0.15915494561988872     
   46.0000000000000000000000000000000000        0.16470944850567859     
   47.0000000000000000000000000000000000        0.17025703321149410     
   48.0000000000000000000000000000000000        0.17579100328393385     
   49.0000000000000000000000000000000000        0.18130503251146324     
   50.0000000000000000000000000000000000        0.18679201704942422     
   51.0000000000000000000000000000000000        0.19224511877458578     
   52.0000000000000000000000000000000000        0.19765837817450180     
   53.0000000000000000000000000000000000        0.20302399299752580     
   54.0000000000000000000000000000000000        0.20833630554704138     
   55.0000000000000000000000000000000000        0.21358914158559691     
   56.0000000000000000000000000000000000        0.21877561624151104     
   57.0000000000000000000000000000000000        0.22388909219393233     
   58.0000000000000000000000000000000000        0.22892393658565316     
   59.0000000000000000000000000000000000        0.23387366449574967     
   60.0000000000000000000000000000000000        0.23873186124953430     
   61.0000000000000000000000000000000000        0.24349421465591384     
   62.0000000000000000000000000000000000        0.24815317330294667     
   63.0000000000000000000000000000000000        0.25270387231809599     
   64.0000000000000000000000000000000000        0.25714045236622929     
   65.0000000000000000000000000000000000        0.26145776895389083     
   66.0000000000000000000000000000000000        0.26565026741329167     
   67.0000000000000000000000000000000000        0.26971325645611677     
   68.0000000000000000000000000000000000        0.27364160602559595     
   69.0000000000000000000000000000000000        0.27743011491737801     
   70.0000000000000000000000000000000000        0.28107504068944617     
   71.0000000000000000000000000000000000        0.28457074857675535     
   72.0000000000000000000000000000000000        0.28791388958171305     
   73.0000000000000000000000000000000000        0.29110036898314756     
   74.0000000000000000000000000000000000        0.29412562315547008     
   75.0000000000000000000000000000000000        0.29698716448041296     
   76.0000000000000000000000000000000000        0.29968010454324745     
   77.0000000000000000000000000000000000        0.30220245519077765     
   78.0000000000000000000000000000000000        0.30454994234356886     
   79.0000000000000000000000000000000000        0.30672083274110301     
   80.0000000000000000000000000000000000        0.30871220413193490     
   81.0000000000000000000000000000000000        0.31052028404867871     
   82.0000000000000000000000000000000000        0.31214454488419979     
   83.0000000000000000000000000000000000        0.31358229856775910     
   84.0000000000000000000000000000000000        0.31483141770097567     
   85.0000000000000000000000000000000000        0.31589195847037088     
   86.0000000000000000000000000000000000        0.31676120195770563     
   87.0000000000000000000000000000000000        0.31743801132531280     
   88.0000000000000000000000000000000000        0.31792218087184554     
   89.0000000000000000000000000000000000        0.31821292491786535     
   90.0000000000000000000000000000000000        0.31830967943738087     
   91.0000000000000000000000000000000000        0.31821292394662787     
   92.0000000000000000000000000000000000        0.31792220749616390     
   93.0000000000000000000000000000000000        0.31743800841643510     
   94.0000000000000000000000000000000000        0.31676107443768953     
   95.0000000000000000000000000000000000        0.31589195363826761     
   96.0000000000000000000000000000000000        0.31483192001770510     
   97.0000000000000000000000000000000000        0.31358229183564512     
   98.0000000000000000000000000000000000        0.31214435678356628     
   99.0000000000000000000000000000000000        0.31052027544932381     
   100.000000000000000000000000000000000        0.30871118974713041     
   101.000000000000000000000000000000000        0.30672082231673203     
   102.000000000000000000000000000000000        0.30455038840450976     
   103.000000000000000000000000000000000        0.30220244299203325     
   104.000000000000000000000000000000000        0.29968021681382656     
   105.000000000000000000000000000000000        0.29698715056662206     
   106.000000000000000000000000000000000        0.29412567287599733     
   107.000000000000000000000000000000000        0.29110035342216017     
   108.000000000000000000000000000000000        0.28791407824023485     
   109.000000000000000000000000000000000        0.28457073144452039     
   110.000000000000000000000000000000000        0.28107486950952937     
   111.000000000000000000000000000000000        0.27743009629705684     
   112.000000000000000000000000000000000        0.27364176811339941     
   113.000000000000000000000000000000000        0.26971323643866035     
   114.000000000000000000000000000000000        0.26565048819857340     
   115.000000000000000000000000000000000        0.26145774763670809     
   116.000000000000000000000000000000000        0.25714014360313414     
   117.000000000000000000000000000000000        0.25270384980527566     
   118.000000000000000000000000000000000        0.24815298500928828     
   119.000000000000000000000000000000000        0.24349419105668138     
   120.000000000000000000000000000000000        0.23873271583533021     
   121.000000000000000000000000000000000        0.23387363992555507     
   122.000000000000000000000000000000000        0.22892408335953265     
   123.000000000000000000000000000000000        0.22388906677215087     
   124.000000000000000000000000000000000        0.21877511351259299     
   125.000000000000000000000000000000000        0.21358911543626519     
   126.000000000000000000000000000000000        0.20833658413301051     
   127.000000000000000000000000000000000        0.20302396624798097     
   128.000000000000000000000000000000000        0.19765784561445160     
   129.000000000000000000000000000000000        0.19224509155524522     
   130.000000000000000000000000000000000        0.18679166233172220     
   131.000000000000000000000000000000000        0.18130500495470311     
   132.000000000000000000000000000000000        0.17579098959625009     
   133.000000000000000000000000000000000        0.17025700545180536     
   134.000000000000000000000000000000000        0.16470911765035237     
   135.000000000000000000000000000000000        0.15915491779234173     
   136.000000000000000000000000000000000        0.15360041930347892     
   137.000000000000000000000000000000000        0.14805283023471519     
   138.000000000000000000000000000000000        0.14251822358280147     
   139.000000000000000000000000000000000        0.13700483103621944     
   140.000000000000000000000000000000000        0.13151786072672625     
   141.000000000000000000000000000000000        0.12606474494170389     
   142.000000000000000000000000000000000        0.12065143439578696     
   143.000000000000000000000000000000000        0.11528587095364042     
   144.000000000000000000000000000000000        0.10997317448703525     
   145.000000000000000000000000000000000        0.10472072266577065     
   146.000000000000000000000000000000000         9.9534790988675403E-002
   147.000000000000000000000000000000000         9.4420772421212454E-002
   148.000000000000000000000000000000000         8.9385997479250578E-002
   149.000000000000000000000000000000000         8.4436200545080622E-002
   150.000000000000000000000000000000000         7.9577400609266741E-002
   151.000000000000000000000000000000000         7.4815650870599340E-002
   152.000000000000000000000000000000000         7.0156596121541209E-002
   153.000000000000000000000000000000000         6.5605993751417083E-002
   154.000000000000000000000000000000000         6.1169411839321827E-002
   155.000000000000000000000000000000000         5.6852097713588609E-002
   156.000000000000000000000000000000000         5.2659538320615894E-002
   157.000000000000000000000000000000000         4.8596610861231480E-002
   158.000000000000000000000000000000000         4.4668379346222330E-002
   159.000000000000000000000000000000000         4.0879753098526657E-002
   160.000000000000000000000000000000000         3.7235122472343479E-002
   161.000000000000000000000000000000000         3.3739120183016842E-002
   162.000000000000000000000000000000000         3.0395976508180794E-002
   163.000000000000000000000000000000000         2.7209500562364385E-002
   164.000000000000000000000000000000000         2.4183878648293640E-002
   165.000000000000000000000000000000000         2.1322705888794945E-002
   166.000000000000000000000000000000000         1.8629525018711145E-002
   167.000000000000000000000000000000000         1.6107416035811953E-002
   168.000000000000000000000000000000000         1.3759654688149103E-002
   169.000000000000000000000000000000000         1.1589039372760103E-002
   170.000000000000000000000000000000000         9.5981005404951088E-003
   171.000000000000000000000000000000000         7.7895889777789716E-003
   172.000000000000000000000000000000000         6.1653789522805695E-003
   173.000000000000000000000000000000000         4.7275753922935192E-003
   174.000000000000000000000000000000000         3.4778550128124757E-003
   175.000000000000000000000000000000000         2.4179164395246970E-003
   176.000000000000000000000000000000000         1.5488964147348750E-003
   177.000000000000000000000000000000000         8.7186454636682751E-004
   178.000000000000000000000000000000000         3.8768913215657299E-004
   179.000000000000000000000000000000000         9.6951922642652370E-005
   180.000000000000000000000000000000000         2.3880157035055942E-015
   181.000000000000000000000000000000000         9.6953864975338620E-005
   182.000000000000000000000000000000000         3.8769624306709362E-004
   183.000000000000000000000000000000000         8.7187036390245609E-004
   184.000000000000000000000000000000000         1.5488897456563909E-003
   185.000000000000000000000000000000000         2.4179261039223438E-003
   186.000000000000000000000000000000000         3.4779232433902836E-003
   187.000000000000000000000000000000000         4.7275888564774406E-003
   188.000000000000000000000000000000000         6.1653950002933978E-003
   189.000000000000000000000000000000000         7.7896061761444273E-003
   190.000000000000000000000000000000000         9.5982698829954593E-003
   191.000000000000000000000000000000000         1.1589060221541913E-002
   192.000000000000000000000000000000000         1.3759679736699755E-002
   193.000000000000000000000000000000000         1.6107440433404945E-002
   194.000000000000000000000000000000000         1.8629513968317770E-002
   195.000000000000000000000000000000000         2.1322733716336074E-002
   196.000000000000000000000000000000000         2.4183899264224953E-002
   197.000000000000000000000000000000000         2.7209531684299345E-002
   198.000000000000000000000000000000000         3.0395874982260502E-002
   199.000000000000000000000000000000000         3.3739154447694104E-002
   200.000000000000000000000000000000000         3.7235218431930825E-002
   201.000000000000000000000000000000000         4.0879790339002721E-002
   202.000000000000000000000000000000000         4.4668314525374349E-002
   203.000000000000000000000000000000000         4.8596650896110427E-002
   204.000000000000000000000000000000000         5.2659569908832353E-002
   205.000000000000000000000000000000000         5.6852140347859237E-002
   206.000000000000000000000000000000000         6.1169491764309455E-002
   207.000000000000000000000000000000000         6.5606038777283049E-002
   208.000000000000000000000000000000000         7.0156663237546005E-002
   209.000000000000000000000000000000000         7.4815698068803616E-002
   210.000000000000000000000000000000000         7.9577410134069881E-002
   211.000000000000000000000000000000000         8.4436249685644268E-002
   212.000000000000000000000000000000000         8.9386028120034419E-002
   213.000000000000000000000000000000000         9.4420823264654577E-002
   214.000000000000000000000000000000000         9.9534408094883814E-002
   215.000000000000000000000000000000000        0.10472077496447352     
   216.000000000000000000000000000000000        0.10997318533454216     
   217.000000000000000000000000000000000        0.11528592445275257     
   218.000000000000000000000000000000000        0.12065191911828688     
   219.000000000000000000000000000000000        0.12606479938055920     
   220.000000000000000000000000000000000        0.13151792376361146     
   221.000000000000000000000000000000000        0.13700488614965087     
   222.000000000000000000000000000000000        0.14251875600798047     
   223.000000000000000000000000000000000        0.14805288575417097     
   224.000000000000000000000000000000000        0.15360044682881965     
   225.000000000000000000000000000000000        0.15915497344740007     
   226.000000000000000000000000000000000        0.16470939620003458     
   227.000000000000000000000000000000000        0.17025706097128096     
   228.000000000000000000000000000000000        0.17579131028758574     
   229.000000000000000000000000000000000        0.18130506006812119     
   230.000000000000000000000000000000000        0.18679221970803386     
   231.000000000000000000000000000000000        0.19224514599411163     
   232.000000000000000000000000000000000        0.19765824407816790     
   233.000000000000000000000000000000000        0.20302401974704593     
   234.000000000000000000000000000000000        0.20833680780978164     
   235.000000000000000000000000000000000        0.21358916773496359     
   236.000000000000000000000000000000000        0.21877572182899377     
   237.000000000000000000000000000000000        0.22388911761565669     
   238.000000000000000000000000000000000        0.22892412250052047     
   239.000000000000000000000000000000000        0.23387368906604780     
   240.000000000000000000000000000000000        0.23873260486851341     
   241.000000000000000000000000000000000        0.24349423825494360     
   242.000000000000000000000000000000000        0.24815334006391263     
   243.000000000000000000000000000000000        0.25270389483108285     
   244.000000000000000000000000000000000        0.25714071313784298     
   245.000000000000000000000000000000000        0.26145779027090754     
   246.000000000000000000000000000000000        0.26565047697463989     
   247.000000000000000000000000000000000        0.26971327647357057     
   248.000000000000000000000000000000000        0.27364125369295561     
   249.000000000000000000000000000000000        0.27743013353764567     
   250.000000000000000000000000000000000        0.28107462911445252     
   251.000000000000000000000000000000000        0.28457076570916617     
   252.000000000000000000000000000000000        0.28791380497320085     
   253.000000000000000000000000000000000        0.29110038454417020     
   254.000000000000000000000000000000000        0.29412590132208605     
   255.000000000000000000000000000000000        0.29698717839417005     
   256.000000000000000000000000000000000        0.29968026488595589     
   257.000000000000000000000000000000000        0.30220246738957851     
   258.000000000000000000000000000000000        0.30455038470628298     
   259.000000000000000000000000000000000        0.30672084316540804     
   260.000000000000000000000000000000000        0.30871129286007676     
   261.000000000000000000000000000000000        0.31052029264786196     
   262.000000000000000000000000000000000        0.31214397190833737     
   263.000000000000000000000000000000000        0.31358230529974379     
   264.000000000000000000000000000000000        0.31483173106140289     
   265.000000000000000000000000000000000        0.31589196330251068     
   266.000000000000000000000000000000000        0.31676087329867630     
   267.000000000000000000000000000000000        0.31743801423401813     
   268.000000000000000000000000000000000        0.31792194270681401     
   269.000000000000000000000000000000000        0.31821292588898159     
   270.000000000000000000000000000000000        0.31830974721006788     
   271.000000000000000000000000000000000        0.31821292297545967     
   272.000000000000000000000000000000000        0.31792193235911897     
   273.000000000000000000000000000000000        0.31743800550774126     
   274.000000000000000000000000000000000        0.31676112870856338     
   275.000000000000000000000000000000000        0.31589194880608656     
   276.000000000000000000000000000000000        0.31483219695021791     
   277.000000000000000000000000000000000        0.31358228510351549     
   278.000000000000000000000000000000000        0.31214461686054934     
   279.000000000000000000000000000000000        0.31052026685027656     
   280.000000000000000000000000000000000        0.30871189078322714     
   281.000000000000000000000000000000000        0.30672081189232525     
   282.000000000000000000000000000000000        0.30455057998059981     
   283.000000000000000000000000000000000        0.30220243079320280     
   284.000000000000000000000000000000000        0.29968058205909265     
   285.000000000000000000000000000000000        0.29698713665281651     
   286.000000000000000000000000000000000        0.29412609986429261     
   287.000000000000000000000000000000000        0.29110033786123957     
   288.000000000000000000000000000000000        0.28791419051958544     
   289.000000000000000000000000000000000        0.28457071431204284     
   290.000000000000000000000000000000000        0.28107459424421605     
   291.000000000000000000000000000000000        0.27743007767684996     
   292.000000000000000000000000000000000        0.27364149783441499     
   293.000000000000000000000000000000000        0.26971321642121021     
   294.000000000000000000000000000000000        0.26565065704683116     
   295.000000000000000000000000000000000        0.26145772631952208     
   296.000000000000000000000000000000000        0.25714052219212796     
   297.000000000000000000000000000000000        0.25270382729228386     
   298.000000000000000000000000000000000        0.24815348473666063     
   299.000000000000000000000000000000000        0.24349416745777305     
   300.000000000000000000000000000000000        0.23873277848906455     
   301.000000000000000000000000000000000        0.23387361535524567     
   302.000000000000000000000000000000000        0.22892406859998590     
   303.000000000000000000000000000000000        0.22388904135049076     
   304.000000000000000000000000000000000        0.21877579986261050     
   305.000000000000000000000000000000000        0.21358908928687173     
   306.000000000000000000000000000000000        0.20833668036386510     
   307.000000000000000000000000000000000        0.20302393949853545     
   308.000000000000000000000000000000000        0.19765784982972520     
   309.000000000000000000000000000000000        0.19224506433567898     
   310.000000000000000000000000000000000        0.18679182542275796     
   311.000000000000000000000000000000000        0.18130497739798573     
   312.000000000000000000000000000000000        0.17579117903747651     
   313.000000000000000000000000000000000        0.17025697769198564     
   314.000000000000000000000000000000000        0.16470927722985296     
   315.000000000000000000000000000000000        0.15915488996487262     
   316.000000000000000000000000000000000        0.15360008384865978     
   317.000000000000000000000000000000000        0.14805280247489758     
   318.000000000000000000000000000000000        0.14251854777925682     
   319.000000000000000000000000000000000        0.13700480347954830     
   320.000000000000000000000000000000000        0.13151756650360374     
   321.000000000000000000000000000000000        0.12606471772225086     
   322.000000000000000000000000000000000        0.12065174740238395     
   323.000000000000000000000000000000000        0.11528584420415165     
   324.000000000000000000000000000000000        0.10997320673127188     
   325.000000000000000000000000000000000        0.10472069651642740     
   326.000000000000000000000000000000000         9.9534392387517809E-002
   327.000000000000000000000000000000000         9.4420746999539090E-002
   328.000000000000000000000000000000000         8.9385836515284145E-002
   329.000000000000000000000000000000000         8.4436175974825070E-002
   330.000000000000000000000000000000000         7.9577396814550894E-002
   331.000000000000000000000000000000000         7.4815627271544630E-002
   332.000000000000000000000000000000000         7.0156831177619325E-002
   333.000000000000000000000000000000000         6.5605971238409375E-002
   334.000000000000000000000000000000000         6.1169322678343491E-002
   335.000000000000000000000000000000000         5.6852076396501555E-002
   336.000000000000000000000000000000000         5.2659363617884522E-002
   337.000000000000000000000000000000000         4.8596590843725473E-002
   338.000000000000000000000000000000000         4.4668373222660415E-002
   339.000000000000000000000000000000000         4.0879734478293725E-002
   340.000000000000000000000000000000000         3.7235122467668233E-002
   341.000000000000000000000000000000000         3.3739103050659872E-002
   342.000000000000000000000000000000000         3.0395824706716028E-002
   343.000000000000000000000000000000000         2.7209485001432623E-002
   344.000000000000000000000000000000000         2.4183635823707073E-002
   345.000000000000000000000000000000000         2.1322691975041219E-002
   346.000000000000000000000000000000000         1.8629421072926852E-002
   347.000000000000000000000000000000000         1.6107403837050165E-002
   348.000000000000000000000000000000000         1.3759637701204920E-002
   349.000000000000000000000000000000000         1.1589028948399291E-002
   350.000000000000000000000000000000000         9.5981981404968837E-003
   351.000000000000000000000000000000000         7.7895803786062826E-003
   352.000000000000000000000000000000000         6.1654531100914780E-003
   353.000000000000000000000000000000000         4.7275686602052721E-003
   354.000000000000000000000000000000000         3.4779045793444734E-003
   355.000000000000000000000000000000000         2.4179116073324240E-003
   356.000000000000000000000000000000000         1.5488756186070268E-003
   357.000000000000000000000000000000000         8.7186163760107982E-004
   358.000000000000000000000000000000000         3.8769055171305030E-004
   359.000000000000000000000000000000000         9.6950951482337687E-005
   360.000000000000000000000000000000000         2.8885487480865391E-013
