   1.00000000000000000000000000000000000         9.6952893806986557E-005
   2.00000000000000000000000000000000000         3.8769345305347824E-004
   3.00000000000000000000000000000000000         8.7186745512976083E-004
   4.00000000000000000000000000000000000         1.5488789233723120E-003
   5.00000000000000000000000000000000000         2.4179212717236301E-003
   6.00000000000000000000000000000000000         3.4779173231438347E-003
   7.00000000000000000000000000000000000         4.7275821243764442E-003
   8.00000000000000000000000000000000000         6.1654235167089826E-003
   9.00000000000000000000000000000000000         7.7895975769622103E-003
   10.0000000000000000000000000000000000         9.5982172280827706E-003
   11.0000000000000000000000000000000000         1.1589049797140016E-002
   12.0000000000000000000000000000000000         1.3759622949562971E-002
   13.0000000000000000000000000000000000         1.6107428234619355E-002
   14.0000000000000000000000000000000000         1.8629469076183253E-002
   15.0000000000000000000000000000000000         2.1322719802568613E-002
   16.0000000000000000000000000000000000         2.4183835894771920E-002
   17.0000000000000000000000000000000000         2.7209516123326231E-002
   18.0000000000000000000000000000000000         3.0395878931716563E-002
   19.0000000000000000000000000000000000         3.3739137315353739E-002
   20.0000000000000000000000000000000000         3.7235261974479565E-002
   21.0000000000000000000000000000000000         4.0879771718791209E-002
   22.0000000000000000000000000000000000         4.4668462252879258E-002
   23.0000000000000000000000000000000000         4.8596630878639656E-002
   24.0000000000000000000000000000000000         5.2659461229847424E-002
   25.0000000000000000000000000000000000         5.6852119030711745E-002
   26.0000000000000000000000000000000000         6.1169400673708851E-002
   27.0000000000000000000000000000000000         6.5606016264326883E-002
   28.0000000000000000000000000000000000         7.0156619271698167E-002
   29.0000000000000000000000000000000000         7.4815674469705565E-002
   30.0000000000000000000000000000000000         7.9577507019679222E-002
   31.0000000000000000000000000000000000         8.4436225115320826E-002
   32.0000000000000000000000000000000000         8.9385833409070553E-002
   33.0000000000000000000000000000000000         9.4420797842928311E-002
   34.0000000000000000000000000000000000         9.9534456236373567E-002
   35.0000000000000000000000000000000000        0.10472074881508425     
   36.0000000000000000000000000000000000        0.10997358471301315     
   37.0000000000000000000000000000000000        0.11528589770323015     
   38.0000000000000000000000000000000000        0.12065188463452566     
   39.0000000000000000000000000000000000        0.12606477216111808     
   40.0000000000000000000000000000000000        0.13151786979349492     
   41.0000000000000000000000000000000000        0.13700485859298170     
   42.0000000000000000000000000000000000        0.14251866348679182     
   43.0000000000000000000000000000000000        0.14805285799439505     
   44.0000000000000000000000000000000000        0.15360064755111774     
   45.0000000000000000000000000000000000        0.15915494561988791     
   46.0000000000000000000000000000000000        0.16470940447657031     
   47.0000000000000000000000000000000000        0.17025703321148594     
   48.0000000000000000000000000000000000        0.17579109890334010     
   49.0000000000000000000000000000000000        0.18130503251142305     
   50.0000000000000000000000000000000000        0.18679195538615284     
   51.0000000000000000000000000000000000        0.19224511877459616     
   52.0000000000000000000000000000000000        0.19765816394189745     
   53.0000000000000000000000000000000000        0.20302399299753721     
   54.0000000000000000000000000000000000        0.20833643495439530     
   55.0000000000000000000000000000000000        0.21358914158559270     
   56.0000000000000000000000000000000000        0.21877551115191027     
   57.0000000000000000000000000000000000        0.22388909219393663     
   58.0000000000000000000000000000000000        0.22892390340295210     
   59.0000000000000000000000000000000000        0.23387366449578204     
   60.0000000000000000000000000000000000        0.23873218487000925     
   61.0000000000000000000000000000000000        0.24349421465587812     
   62.0000000000000000000000000000000000        0.24815322321241498     
   63.0000000000000000000000000000000000        0.25270387231813796     
   64.0000000000000000000000000000000000        0.25714048645399434     
   65.0000000000000000000000000000000000        0.26145776895387041     
   66.0000000000000000000000000000000000        0.26565033708949365     
   67.0000000000000000000000000000000000        0.26971325645610361     
   68.0000000000000000000000000000000000        0.27364150204108389     
   69.0000000000000000000000000000000000        0.27743011491736269     
   70.0000000000000000000000000000000000        0.28107484310708747     
   71.0000000000000000000000000000000000        0.28457074857679981     
   72.0000000000000000000000000000000000        0.28791395126396774     
   73.0000000000000000000000000000000000        0.29110036898315544     
   74.0000000000000000000000000000000000        0.29412583566201250     
   75.0000000000000000000000000000000000        0.29698716448036350     
   76.0000000000000000000000000000000000        0.29968028515482448     
   77.0000000000000000000000000000000000        0.30220245519078587     
   78.0000000000000000000000000000000000        0.30455010130252075     
   79.0000000000000000000000000000000000        0.30672083274107670     
   80.0000000000000000000000000000000000        0.30871188923942378     
   81.0000000000000000000000000000000000        0.31052028404865667     
   82.0000000000000000000000000000000000        0.31214451194290899     
   83.0000000000000000000000000000000000        0.31358229856771419     
   84.0000000000000000000000000000000000        0.31483173565268047     
   85.0000000000000000000000000000000000        0.31589195847037937     
   86.0000000000000000000000000000000000        0.31676108079712179     
   87.0000000000000000000000000000000000        0.31743801132528593     
   88.0000000000000000000000000000000000        0.31792218318866378     
   89.0000000000000000000000000000000000        0.31821292491781861     
   90.0000000000000000000000000000000000        0.31830979487240751     
   91.0000000000000000000000000000000000        0.31821292394662537     
   92.0000000000000000000000000000000000        0.31792219314979175     
   93.0000000000000000000000000000000000        0.31743800841646824     
   94.0000000000000000000000000000000000        0.31676102540462947     
   95.0000000000000000000000000000000000        0.31589195363822226     
   96.0000000000000000000000000000000000        0.31483194157640076     
   97.0000000000000000000000000000000000        0.31358229183561109     
   98.0000000000000000000000000000000000        0.31214442909329621     
   99.0000000000000000000000000000000000        0.31052027544940614     
   100.000000000000000000000000000000000        0.30871146102718311     
   101.000000000000000000000000000000000        0.30672082231669850     
   102.000000000000000000000000000000000        0.30455028055880845     
   103.000000000000000000000000000000000        0.30220244299201870     
   104.000000000000000000000000000000000        0.29968032431344044     
   105.000000000000000000000000000000000        0.29698715056658326     
   106.000000000000000000000000000000000        0.29412584777687201     
   107.000000000000000000000000000000000        0.29110035342218687     
   108.000000000000000000000000000000000        0.28791402033032681     
   109.000000000000000000000000000000000        0.28457073144449990     
   110.000000000000000000000000000000000        0.28107476134794263     
   111.000000000000000000000000000000000        0.27743009629708282     
   112.000000000000000000000000000000000        0.27364155830144610     
   113.000000000000000000000000000000000        0.26971323643864609     
   114.000000000000000000000000000000000        0.26565041702009257     
   115.000000000000000000000000000000000        0.26145774763672203     
   116.000000000000000000000000000000000        0.25714034501111260     
   117.000000000000000000000000000000000        0.25270384980524002     
   118.000000000000000000000000000000000        0.24815313129916838     
   119.000000000000000000000000000000000        0.24349419105673245     
   120.000000000000000000000000000000000        0.23873252688952043     
   121.000000000000000000000000000000000        0.23387363992554985     
   122.000000000000000000000000000000000        0.22892394996884236     
   123.000000000000000000000000000000000        0.22388906677219458     
   124.000000000000000000000000000000000        0.21877528663078843     
   125.000000000000000000000000000000000        0.21358911543626025     
   126.000000000000000000000000000000000        0.20833653559365245     
   127.000000000000000000000000000000000        0.20302396624799557     
   128.000000000000000000000000000000000        0.19765792629136497     
   129.000000000000000000000000000000000        0.19224509155519762     
   130.000000000000000000000000000000000        0.18679179160098111     
   131.000000000000000000000000000000000        0.18130500495468907     
   132.000000000000000000000000000000000        0.17579107705633615     
   133.000000000000000000000000000000000        0.17025700545176062     
   134.000000000000000000000000000000000        0.16470925039732751     
   135.000000000000000000000000000000000        0.15915491779235028     
   136.000000000000000000000000000000000        0.15360046077266126     
   137.000000000000000000000000000000000        0.14805283023468183     
   138.000000000000000000000000000000000        0.14251849932596655     
   139.000000000000000000000000000000000        0.13700483103624142     
   140.000000000000000000000000000000000        0.13151791413435074     
   141.000000000000000000000000000000000        0.12606474494169631     
   142.000000000000000000000000000000000        0.12065167852715986     
   143.000000000000000000000000000000000        0.11528587095367167     
   144.000000000000000000000000000000000        0.10997326911416024     
   145.000000000000000000000000000000000        0.10472072266576375     
   146.000000000000000000000000000000000         9.9534579442056514E-002
   147.000000000000000000000000000000000         9.4420772421212315E-002
   148.000000000000000000000000000000000         8.9385990269324006E-002
   149.000000000000000000000000000000000         8.4436200545080789E-002
   150.000000000000000000000000000000000         7.9577428982273865E-002
   151.000000000000000000000000000000000         7.4815650870608111E-002
   152.000000000000000000000000000000000         7.0156602425855974E-002
   153.000000000000000000000000000000000         6.5605993751390757E-002
   154.000000000000000000000000000000000         6.1169379009372880E-002
   155.000000000000000000000000000000000         5.6852097713589698E-002
   156.000000000000000000000000000000000         5.2659504374833792E-002
   157.000000000000000000000000000000000         4.8596610861209505E-002
   158.000000000000000000000000000000000         4.4668414665901955E-002
   159.000000000000000000000000000000000         4.0879753098529203E-002
   160.000000000000000000000000000000000         3.7235148100039230E-002
   161.000000000000000000000000000000000         3.3739120183014538E-002
   162.000000000000000000000000000000000         3.0395916609626168E-002
   163.000000000000000000000000000000000         2.7209500562367334E-002
   164.000000000000000000000000000000000         2.4183880895351263E-002
   165.000000000000000000000000000000000         2.1322705888799882E-002
   166.000000000000000000000000000000000         1.8629485125728866E-002
   167.000000000000000000000000000000000         1.6107416035819399E-002
   168.000000000000000000000000000000000         1.3759655932965027E-002
   169.000000000000000000000000000000000         1.1589039372765052E-002
   170.000000000000000000000000000000000         9.5981633715054217E-003
   171.000000000000000000000000000000000         7.7895889777789941E-003
   172.000000000000000000000000000000000         6.1653825252912927E-003
   173.000000000000000000000000000000000         4.7275753922906066E-003
   174.000000000000000000000000000000000         3.4778880639717616E-003
   175.000000000000000000000000000000000         2.4179164395247677E-003
   176.000000000000000000000000000000000         1.5488875019724190E-003
   177.000000000000000000000000000000000         8.7186454636537013E-004
   178.000000000000000000000000000000000         3.8769052034161409E-004
   179.000000000000000000000000000000000         9.6951922642177191E-005
   180.000000000000000000000000000000000         2.4140663129940471E-015
   181.000000000000000000000000000000000         9.6953864975596104E-005
   182.000000000000000000000000000000000         3.8769574789761940E-004
   183.000000000000000000000000000000000         8.7187036390295027E-004
   184.000000000000000000000000000000000         1.5488892415172644E-003
   185.000000000000000000000000000000000         2.4179261039246783E-003
   186.000000000000000000000000000000000         3.4779232433834661E-003
   187.000000000000000000000000000000000         4.7275888564723085E-003
   188.000000000000000000000000000000000         6.1653981606562885E-003
   189.000000000000000000000000000000000         7.7896061761427264E-003
   190.000000000000000000000000000000000         9.5982450347830029E-003
   191.000000000000000000000000000000000         1.1589060221531985E-002
   192.000000000000000000000000000000000         1.3759679574752404E-002
   193.000000000000000000000000000000000         1.6107440433403022E-002
   194.000000000000000000000000000000000         1.8629495763019491E-002
   195.000000000000000000000000000000000         2.1322733716337500E-002
   196.000000000000000000000000000000000         2.4183906689393672E-002
   197.000000000000000000000000000000000         2.7209531684293697E-002
   198.000000000000000000000000000000000         3.0395893389895623E-002
   199.000000000000000000000000000000000         3.3739154447694909E-002
   200.000000000000000000000000000000000         3.7235208951597182E-002
   201.000000000000000000000000000000000         4.0879790339025474E-002
   202.000000000000000000000000000000000         4.4668410209585480E-002
   203.000000000000000000000000000000000         4.8596650896104807E-002
   204.000000000000000000000000000000000         5.2659541663128563E-002
   205.000000000000000000000000000000000         5.6852140347852326E-002
   206.000000000000000000000000000000000         6.1169437894575296E-002
   207.000000000000000000000000000000000         6.5606038777275125E-002
   208.000000000000000000000000000000000         7.0156657305941950E-002
   209.000000000000000000000000000000000         7.4815698068795719E-002
   210.000000000000000000000000000000000         7.9577461066848598E-002
   211.000000000000000000000000000000000         8.4436249685613168E-002
   212.000000000000000000000000000000000         8.9386032216077035E-002
   213.000000000000000000000000000000000         9.4420823264650677E-002
   214.000000000000000000000000000000000         9.9534450004501576E-002
   215.000000000000000000000000000000000        0.10472077496444067     
   216.000000000000000000000000000000000        0.10997330451043083     
   217.000000000000000000000000000000000        0.11528592445276856     
   218.000000000000000000000000000000000        0.12065191199605055     
   219.000000000000000000000000000000000        0.12606479938056184     
   220.000000000000000000000000000000000        0.13151797237195398     
   221.000000000000000000000000000000000        0.13700488614967629     
   222.000000000000000000000000000000000        0.14251875345749412     
   223.000000000000000000000000000000000        0.14805288575416131     
   224.000000000000000000000000000000000        0.15360050468723108     
   225.000000000000000000000000000000000        0.15915497344741436     
   226.000000000000000000000000000000000        0.16470939890539385     
   227.000000000000000000000000000000000        0.17025706097124821     
   228.000000000000000000000000000000000        0.17579124296533663     
   229.000000000000000000000000000000000        0.18130506006811789     
   230.000000000000000000000000000000000        0.18679205581333452     
   231.000000000000000000000000000000000        0.19224514599406733     
   232.000000000000000000000000000000000        0.19765812381899980     
   233.000000000000000000000000000000000        0.20302401974707179     
   234.000000000000000000000000000000000        0.20833665966877402     
   235.000000000000000000000000000000000        0.21358916773493461     
   236.000000000000000000000000000000000        0.21877557019740781     
   237.000000000000000000000000000000000        0.22388911761565800     
   238.000000000000000000000000000000000        0.22892399545734704     
   239.000000000000000000000000000000000        0.23387368906605172     
   240.000000000000000000000000000000000        0.23873250876927593     
   241.000000000000000000000000000000000        0.24349423825494224     
   242.000000000000000000000000000000000        0.24815330615369213     
   243.000000000000000000000000000000000        0.25270389483109928     
   244.000000000000000000000000000000000        0.25714060790038779     
   245.000000000000000000000000000000000        0.26145779027095206     
   246.000000000000000000000000000000000        0.26565043646999076     
   247.000000000000000000000000000000000        0.26971327647355364     
   248.000000000000000000000000000000000        0.27364136651201465     
   249.000000000000000000000000000000000        0.27743013353762275     
   250.000000000000000000000000000000000        0.28107468205172459     
   251.000000000000000000000000000000000        0.28457076570916617     
   252.000000000000000000000000000000000        0.28791392555177059     
   253.000000000000000000000000000000000        0.29110038454414083     
   254.000000000000000000000000000000000        0.29412596016682774     
   255.000000000000000000000000000000000        0.29698717839412264     
   256.000000000000000000000000000000000        0.29968035958510253     
   257.000000000000000000000000000000000        0.30220246738957851     
   258.000000000000000000000000000000000        0.30455029222277114     
   259.000000000000000000000000000000000        0.30672084316542014     
   260.000000000000000000000000000000000        0.30871151509476263     
   261.000000000000000000000000000000000        0.31052029264783770     
   262.000000000000000000000000000000000        0.31214427767725716     
   263.000000000000000000000000000000000        0.31358230529975600     
   264.000000000000000000000000000000000        0.31483186959454290     
   265.000000000000000000000000000000000        0.31589196330255348     
   266.000000000000000000000000000000000        0.31676094611502126     
   267.000000000000000000000000000000000        0.31743801423402429     
   268.000000000000000000000000000000000        0.31792208508555769     
   269.000000000000000000000000000000000        0.31821292588896316     
   270.000000000000000000000000000000000        0.31830982311102851     
   271.000000000000000000000000000000000        0.31821292297545350     
   272.000000000000000000000000000000000        0.31792207737700395     
   273.000000000000000000000000000000000        0.31743800550772899     
   274.000000000000000000000000000000000        0.31676104575832897     
   275.000000000000000000000000000000000        0.31589194880602545     
   276.000000000000000000000000000000000        0.31483205358995947     
   277.000000000000000000000000000000000        0.31358228510350328     
   278.000000000000000000000000000000000        0.31214453298435557     
   279.000000000000000000000000000000000        0.31052026685027656     
   280.000000000000000000000000000000000        0.30871174757366454     
   281.000000000000000000000000000000000        0.30672081189230721     
   282.000000000000000000000000000000000        0.30455035377970796     
   283.000000000000000000000000000000000        0.30220243079320874     
   284.000000000000000000000000000000000        0.29968046887816013     
   285.000000000000000000000000000000000        0.29698713665279874     
   286.000000000000000000000000000000000        0.29412601708663799     
   287.000000000000000000000000000000000        0.29110033786123957     
   288.000000000000000000000000000000000        0.28791405757201982     
   289.000000000000000000000000000000000        0.28457071431210090     
   290.000000000000000000000000000000000        0.28107463621986928     
   291.000000000000000000000000000000000        0.27743007767684424     
   292.000000000000000000000000000000000        0.27364143440902577     
   293.000000000000000000000000000000000        0.26971321642119328     
   294.000000000000000000000000000000000        0.26565047531024427     
   295.000000000000000000000000000000000        0.26145772631956660     
   296.000000000000000000000000000000000        0.25714048996498762     
   297.000000000000000000000000000000000        0.25270382729227292     
   298.000000000000000000000000000000000        0.24815332606136059     
   299.000000000000000000000000000000000        0.24349416745771668     
   300.000000000000000000000000000000000        0.23873253893727003     
   301.000000000000000000000000000000000        0.23387361535527199     
   302.000000000000000000000000000000000        0.22892392922914884     
   303.000000000000000000000000000000000        0.22388904135049847     
   304.000000000000000000000000000000000        0.21877555755921402     
   305.000000000000000000000000000000000        0.21358908928690443     
   306.000000000000000000000000000000000        0.20833656025158837     
   307.000000000000000000000000000000000        0.20302393949849132     
   308.000000000000000000000000000000000        0.19765791229718352     
   309.000000000000000000000000000000000        0.19224506433570759     
   310.000000000000000000000000000000000        0.18679184356947764     
   311.000000000000000000000000000000000        0.18130497739796952     
   312.000000000000000000000000000000000        0.17579113984638253     
   313.000000000000000000000000000000000        0.17025697769198339     
   314.000000000000000000000000000000000        0.16470930066596465     
   315.000000000000000000000000000000000        0.15915488996484223     
   316.000000000000000000000000000000000        0.15360030477692549     
   317.000000000000000000000000000000000        0.14805280247490593     
   318.000000000000000000000000000000000        0.14251861826410855     
   319.000000000000000000000000000000000        0.13700480347954225     
   320.000000000000000000000000000000000        0.13151777555521141     
   321.000000000000000000000000000000000        0.12606471772225475     
   322.000000000000000000000000000000000        0.12065179319611427     
   323.000000000000000000000000000000000        0.11528584420415165     
   324.000000000000000000000000000000000        0.10997326711102648     
   325.000000000000000000000000000000000        0.10472069651643093     
   326.000000000000000000000000000000000         9.9534398307598790E-002
   327.000000000000000000000000000000000         9.4420746999514013E-002
   328.000000000000000000000000000000000         8.9385908611116380E-002
   329.000000000000000000000000000000000         8.4436175974828220E-002
   330.000000000000000000000000000000000         7.9577413343190184E-002
   331.000000000000000000000000000000000         7.4815627271535706E-002
   332.000000000000000000000000000000000         7.0156686908296059E-002
   333.000000000000000000000000000000000         6.5605971238420518E-002
   334.000000000000000000000000000000000         6.1169329067406110E-002
   335.000000000000000000000000000000000         5.6852076396480801E-002
   336.000000000000000000000000000000000         5.2659419518756849E-002
   337.000000000000000000000000000000000         4.8596590843737464E-002
   338.000000000000000000000000000000000         4.4668400838222135E-002
   339.000000000000000000000000000000000         4.0879734478286023E-002
   340.000000000000000000000000000000000         3.7235137663899590E-002
   341.000000000000000000000000000000000         3.3739103050670370E-002
   342.000000000000000000000000000000000         3.0395843817679642E-002
   343.000000000000000000000000000000000         2.7209485001422302E-002
   344.000000000000000000000000000000000         2.4183771116272988E-002
   345.000000000000000000000000000000000         2.1322691975042010E-002
   346.000000000000000000000000000000000         1.8629434194198217E-002
   347.000000000000000000000000000000000         1.6107403837045679E-002
   348.000000000000000000000000000000000         1.3759642252629633E-002
   349.000000000000000000000000000000000         1.1589028948398266E-002
   350.000000000000000000000000000000000         9.5981984863300705E-003
   351.000000000000000000000000000000000         7.7895803786052027E-003
   352.000000000000000000000000000000000         6.1654089499806998E-003
   353.000000000000000000000000000000000         4.7275686602055523E-003
   354.000000000000000000000000000000000         3.4779053417795520E-003
   355.000000000000000000000000000000000         2.4179116073316550E-003
   356.000000000000000000000000000000000         1.5488765777732004E-003
   357.000000000000000000000000000000000         8.7186163760172243E-004
   358.000000000000000000000000000000000         3.8768997949054036E-004
   359.000000000000000000000000000000000         9.6950951482218832E-005
   360.000000000000000000000000000000000         2.7687261046743187E-014
