   1.00000000000000000000000000000000000         9.6952893807330086E-005
   2.00000000000000000000000000000000000         3.8769345305414719E-004
   3.00000000000000000000000000000000000         8.7186745512882863E-004
   4.00000000000000000000000000000000000         1.5488757938461248E-003
   5.00000000000000000000000000000000000         2.4179212717240087E-003
   6.00000000000000000000000000000000000         3.4779172539402647E-003
   7.00000000000000000000000000000000000         4.7275821243763453E-003
   8.00000000000000000000000000000000000         6.1654393407757973E-003
   9.00000000000000000000000000000000000         7.7895975769646754E-003
   10.0000000000000000000000000000000000         9.5982169501540818E-003
   11.0000000000000000000000000000000000         1.1589049797137386E-002
   12.0000000000000000000000000000000000         1.3759599708489533E-002
   13.0000000000000000000000000000000000         1.6107428234624036E-002
   14.0000000000000000000000000000000000         1.8629468757933663E-002
   15.0000000000000000000000000000000000         2.1322719802568054E-002
   16.0000000000000000000000000000000000         2.4183804342362863E-002
   17.0000000000000000000000000000000000         2.7209516123326040E-002
   18.0000000000000000000000000000000000         3.0395873146066548E-002
   19.0000000000000000000000000000000000         3.3739137315353954E-002
   20.0000000000000000000000000000000000         3.7235301925122900E-002
   21.0000000000000000000000000000000000         4.0879771718795213E-002
   22.0000000000000000000000000000000000         4.4668463810135312E-002
   23.0000000000000000000000000000000000         4.8596630878635950E-002
   24.0000000000000000000000000000000000         5.2659440875508327E-002
   25.0000000000000000000000000000000000         5.6852119030709559E-002
   26.0000000000000000000000000000000000         6.1169412597887114E-002
   27.0000000000000000000000000000000000         6.5606016264329950E-002
   28.0000000000000000000000000000000000         7.0156613754795899E-002
   29.0000000000000000000000000000000000         7.4815674469708840E-002
   30.0000000000000000000000000000000000         7.9577524336513966E-002
   31.0000000000000000000000000000000000         8.4436225115312707E-002
   32.0000000000000000000000000000000000         8.9385742523781536E-002
   33.0000000000000000000000000000000000         9.4420797842928922E-002
   34.0000000000000000000000000000000000         9.9534457315173838E-002
   35.0000000000000000000000000000000000        0.10472074881508167     
   36.0000000000000000000000000000000000        0.10997369864922590     
   37.0000000000000000000000000000000000        0.11528589770322811     
   38.0000000000000000000000000000000000        0.12065188706541291     
   39.0000000000000000000000000000000000        0.12606477216111242     
   40.0000000000000000000000000000000000        0.13151781327663090     
   41.0000000000000000000000000000000000        0.13700485859298611     
   42.0000000000000000000000000000000000        0.14251863238596804     
   43.0000000000000000000000000000000000        0.14805285799438814     
   44.0000000000000000000000000000000000        0.15360071407246656     
   45.0000000000000000000000000000000000        0.15915494561988791     
   46.0000000000000000000000000000000000        0.16470942065052777     
   47.0000000000000000000000000000000000        0.17025703321148924     
   48.0000000000000000000000000000000000        0.17579106377784090     
   49.0000000000000000000000000000000000        0.18130503251143751     
   50.0000000000000000000000000000000000        0.18679197803796563     
   51.0000000000000000000000000000000000        0.19224511877459263     
   52.0000000000000000000000000000000000        0.19765824263957535     
   53.0000000000000000000000000000000000        0.20302399299753271     
   54.0000000000000000000000000000000000        0.20833638741699531     
   55.0000000000000000000000000000000000        0.21358914158559456     
   56.0000000000000000000000000000000000        0.21877554975625049     
   57.0000000000000000000000000000000000        0.22388909219393474     
   58.0000000000000000000000000000000000        0.22892391559251546     
   59.0000000000000000000000000000000000        0.23387366449577043     
   60.0000000000000000000000000000000000        0.23873206598899296     
   61.0000000000000000000000000000000000        0.24349421465589091     
   62.0000000000000000000000000000000000        0.24815320487832399     
   63.0000000000000000000000000000000000        0.25270387231812369     
   64.0000000000000000000000000000000000        0.25714047393195794     
   65.0000000000000000000000000000000000        0.26145776895387673     
   66.0000000000000000000000000000000000        0.26565031149415308     
   67.0000000000000000000000000000000000        0.26971325645610961     
   68.0000000000000000000000000000000000        0.27364154023947379     
   69.0000000000000000000000000000000000        0.27743011491736713     
   70.0000000000000000000000000000000000        0.28107491568835402     
   71.0000000000000000000000000000000000        0.28457074857678477     
   72.0000000000000000000000000000000000        0.28791392860517950     
   73.0000000000000000000000000000000000        0.29110036898315128     
   74.0000000000000000000000000000000000        0.29412575759837573     
   75.0000000000000000000000000000000000        0.29698716448038298     
   76.0000000000000000000000000000000000        0.29968021880770823     
   77.0000000000000000000000000000000000        0.30220245519078148     
   78.0000000000000000000000000000000000        0.30455004290943155     
   79.0000000000000000000000000000000000        0.30672083274108775     
   80.0000000000000000000000000000000000        0.30871200491420514     
   81.0000000000000000000000000000000000        0.31052028404866339     
   82.0000000000000000000000000000000000        0.31214452404379112     
   83.0000000000000000000000000000000000        0.31358229856773212     
   84.0000000000000000000000000000000000        0.31483161885407634     
   85.0000000000000000000000000000000000        0.31589195847037488     
   86.0000000000000000000000000000000000        0.31676112530508865     
   87.0000000000000000000000000000000000        0.31743801132529714     
   88.0000000000000000000000000000000000        0.31792218233758768     
   89.0000000000000000000000000000000000        0.31821292491783437     
   90.0000000000000000000000000000000000        0.31830975246770138     
   91.0000000000000000000000000000000000        0.31821292394662759     
   92.0000000000000000000000000000000000        0.31792219841988761     
   93.0000000000000000000000000000000000        0.31743800841645470     
   94.0000000000000000000000000000000000        0.31676104341677352     
   95.0000000000000000000000000000000000        0.31589195363824024     
   96.0000000000000000000000000000000000        0.31483193365687984     
   97.0000000000000000000000000000000000        0.31358229183562225     
   98.0000000000000000000000000000000000        0.31214440253053732     
   99.0000000000000000000000000000000000        0.31052027544937716     
   100.000000000000000000000000000000000        0.30871136137327237     
   101.000000000000000000000000000000000        0.30672082231670955     
   102.000000000000000000000000000000000        0.30455032017559447     
   103.000000000000000000000000000000000        0.30220244299202531     
   104.000000000000000000000000000000000        0.29968028482378412     
   105.000000000000000000000000000000000        0.29698715056659630     
   106.000000000000000000000000000000000        0.29412578352756508     
   107.000000000000000000000000000000000        0.29110035342217827     
   108.000000000000000000000000000000000        0.28791404160335360     
   109.000000000000000000000000000000000        0.28457073144450629     
   110.000000000000000000000000000000000        0.28107480108076799     
   111.000000000000000000000000000000000        0.27743009629707438     
   112.000000000000000000000000000000000        0.27364163537521552     
   113.000000000000000000000000000000000        0.26971323643865019     
   114.000000000000000000000000000000000        0.26565044316728847     
   115.000000000000000000000000000000000        0.26145774763671797     
   116.000000000000000000000000000000000        0.25714027102449910     
   117.000000000000000000000000000000000        0.25270384980525207     
   118.000000000000000000000000000000000        0.24815307756002375     
   119.000000000000000000000000000000000        0.24349419105671377     
   120.000000000000000000000000000000000        0.23873259629817656     
   121.000000000000000000000000000000000        0.23387363992555169     
   122.000000000000000000000000000000000        0.22892399896949958     
   123.000000000000000000000000000000000        0.22388906677217862     
   124.000000000000000000000000000000000        0.21877522303634134     
   125.000000000000000000000000000000000        0.21358911543626199     
   126.000000000000000000000000000000000        0.20833655342443638     
   127.000000000000000000000000000000000        0.20302396624799027     
   128.000000000000000000000000000000000        0.19765789665494590     
   129.000000000000000000000000000000000        0.19224509155521505     
   130.000000000000000000000000000000000        0.18679174411430938     
   131.000000000000000000000000000000000        0.18130500495469432     
   132.000000000000000000000000000000000        0.17579104492813874     
   133.000000000000000000000000000000000        0.17025700545177697     
   134.000000000000000000000000000000000        0.16470920163312636     
   135.000000000000000000000000000000000        0.15915491779234722     
   136.000000000000000000000000000000000        0.15360044553908342     
   137.000000000000000000000000000000000        0.14805283023469401     
   138.000000000000000000000000000000000        0.14251839803252797     
   139.000000000000000000000000000000000        0.13700483103623345     
   140.000000000000000000000000000000000        0.13151789451522211     
   141.000000000000000000000000000000000        0.12606474494169900     
   142.000000000000000000000000000000000        0.12065158884621867     
   143.000000000000000000000000000000000        0.11528587095366029     
   144.000000000000000000000000000000000        0.10997323435317082     
   145.000000000000000000000000000000000        0.10472072266576619     
   146.000000000000000000000000000000000         9.9534657153033251E-002
   147.000000000000000000000000000000000         9.4420772421212454E-002
   148.000000000000000000000000000000000         8.9385992917868431E-002
   149.000000000000000000000000000000000         8.4436200545080622E-002
   150.000000000000000000000000000000000         7.9577418559535970E-002
   151.000000000000000000000000000000000         7.4815650870604988E-002
   152.000000000000000000000000000000000         7.0156600109985215E-002
   153.000000000000000000000000000000000         6.5605993751400332E-002
   154.000000000000000000000000000000000         6.1169391069353103E-002
   155.000000000000000000000000000000000         5.6852097713589456E-002
   156.000000000000000000000000000000000         5.2659516844711658E-002
   157.000000000000000000000000000000000         4.8596610861217436E-002
   158.000000000000000000000000000000000         4.4668401691324140E-002
   159.000000000000000000000000000000000         4.0879753098528399E-002
   160.000000000000000000000000000000000         3.7235138685782619E-002
   161.000000000000000000000000000000000         3.3739120183015274E-002
   162.000000000000000000000000000000000         3.0395938613169991E-002
   163.000000000000000000000000000000000         2.7209500562366346E-002
   164.000000000000000000000000000000000         2.4183880069901513E-002
   165.000000000000000000000000000000000         2.1322705888797984E-002
   166.000000000000000000000000000000000         1.8629499780288820E-002
   167.000000000000000000000000000000000         1.6107416035816738E-002
   168.000000000000000000000000000000000         1.3759655475685702E-002
   169.000000000000000000000000000000000         1.1589039372763179E-002
   170.000000000000000000000000000000000         9.5981402907022260E-003
   171.000000000000000000000000000000000         7.7895889777790306E-003
   172.000000000000000000000000000000000         6.1653812127566206E-003
   173.000000000000000000000000000000000         4.7275753922916414E-003
   174.000000000000000000000000000000000         3.4778759227113258E-003
   175.000000000000000000000000000000000         2.4179164395247673E-003
   176.000000000000000000000000000000000         1.5488907760454434E-003
   177.000000000000000000000000000000000         8.7186454636589033E-004
   178.000000000000000000000000000000000         3.8769001039579999E-004
   179.000000000000000000000000000000000         9.6951922642356735E-005
   180.000000000000000000000000000000000         2.4044802792154430E-015
   181.000000000000000000000000000000000         9.6953864975506468E-005
   182.000000000000000000000000000000000         3.8769592979657412E-004
   183.000000000000000000000000000000000         8.7187036390275403E-004
   184.000000000000000000000000000000000         1.5488894267112197E-003
   185.000000000000000000000000000000000         2.4179261039238447E-003
   186.000000000000000000000000000000000         3.4779232433859702E-003
   187.000000000000000000000000000000000         4.7275888564741577E-003
   188.000000000000000000000000000000000         6.1653969997065615E-003
   189.000000000000000000000000000000000         7.7896061761433951E-003
   190.000000000000000000000000000000000         9.5982541626940462E-003
   191.000000000000000000000000000000000         1.1589060221535580E-002
   192.000000000000000000000000000000000         1.3759679634243268E-002
   193.000000000000000000000000000000000         1.6107440433403782E-002
   194.000000000000000000000000000000000         1.8629502450679049E-002
   195.000000000000000000000000000000000         2.1322733716336917E-002
   196.000000000000000000000000000000000         2.4183903961780540E-002
   197.000000000000000000000000000000000         2.7209531684295837E-002
   198.000000000000000000000000000000000         3.0395886627906564E-002
   199.000000000000000000000000000000000         3.3739154447694548E-002
   200.000000000000000000000000000000000         3.7235212434168587E-002
   201.000000000000000000000000000000000         4.0879790339017189E-002
   202.000000000000000000000000000000000         4.4668375060271520E-002
   203.000000000000000000000000000000000         4.8596650896106791E-002
   204.000000000000000000000000000000000         5.2659552039100506E-002
   205.000000000000000000000000000000000         5.6852140347854949E-002
   206.000000000000000000000000000000000         6.1169457683454477E-002
   207.000000000000000000000000000000000         6.5606038777277761E-002
   208.000000000000000000000000000000000         7.0156659484898520E-002
   209.000000000000000000000000000000000         7.4815698068798911E-002
   210.000000000000000000000000000000000         7.9577442356846356E-002
   211.000000000000000000000000000000000         8.4436249685624257E-002
   212.000000000000000000000000000000000         8.9386030711408312E-002
   213.000000000000000000000000000000000         9.4420823264652454E-002
   214.000000000000000000000000000000000         9.9534434609130765E-002
   215.000000000000000000000000000000000        0.10472077496445235     
   216.000000000000000000000000000000000        0.10997326073152545     
   217.000000000000000000000000000000000        0.11528592445276309     
   218.000000000000000000000000000000000        0.12065191461238224     
   219.000000000000000000000000000000000        0.12606479938056042     
   220.000000000000000000000000000000000        0.13151795451582710     
   221.000000000000000000000000000000000        0.13700488614966744     
   222.000000000000000000000000000000000        0.14251875439440748     
   223.000000000000000000000000000000000        0.14805288575416439     
   224.000000000000000000000000000000000        0.15360048343311949     
   225.000000000000000000000000000000000        0.15915497344740959     
   226.000000000000000000000000000000000        0.16470939791158840     
   227.000000000000000000000000000000000        0.17025706097125975     
   228.000000000000000000000000000000000        0.17579126769595727     
   229.000000000000000000000000000000000        0.18130506006811958     
   230.000000000000000000000000000000000        0.18679211601954224     
   231.000000000000000000000000000000000        0.19224514599408310     
   232.000000000000000000000000000000000        0.19765816799583283     
   233.000000000000000000000000000000000        0.20302401974706280     
   234.000000000000000000000000000000000        0.20833671408791357     
   235.000000000000000000000000000000000        0.21358916773494477     
   236.000000000000000000000000000000000        0.21877562589880065     
   237.000000000000000000000000000000000        0.22388911761565800     
   238.000000000000000000000000000000000        0.22892404212626380     
   239.000000000000000000000000000000000        0.23387368906604977     
   240.000000000000000000000000000000000        0.23873254407103439     
   241.000000000000000000000000000000000        0.24349423825494323     
   242.000000000000000000000000000000000        0.24815331861050755     
   243.000000000000000000000000000000000        0.25270389483109323     
   244.000000000000000000000000000000000        0.25714064655904229     
   245.000000000000000000000000000000000        0.26145779027093574     
   246.000000000000000000000000000000000        0.26565045134924931     
   247.000000000000000000000000000000000        0.26971327647355986     
   248.000000000000000000000000000000000        0.27364132506827599     
   249.000000000000000000000000000000000        0.27743013353763119     
   250.000000000000000000000000000000000        0.28107466260537917     
   251.000000000000000000000000000000000        0.28457076570916617     
   252.000000000000000000000000000000000        0.28791388125759920     
   253.000000000000000000000000000000000        0.29110038454415166     
   254.000000000000000000000000000000000        0.29412593855039132     
   255.000000000000000000000000000000000        0.29698717839414007     
   256.000000000000000000000000000000000        0.29968032479765916     
   257.000000000000000000000000000000000        0.30220246738957851     
   258.000000000000000000000000000000000        0.30455032619630446     
   259.000000000000000000000000000000000        0.30672084316541570     
   260.000000000000000000000000000000000        0.30871143345752178     
   261.000000000000000000000000000000000        0.31052029264784664     
   262.000000000000000000000000000000000        0.31214416535396311     
   263.000000000000000000000000000000000        0.31358230529975151     
   264.000000000000000000000000000000000        0.31483181870481447     
   265.000000000000000000000000000000000        0.31589196330253771     
   266.000000000000000000000000000000000        0.31676091936615886     
   267.000000000000000000000000000000000        0.31743801423402201     
   268.000000000000000000000000000000000        0.31792203278315834     
   269.000000000000000000000000000000000        0.31821292588896993     
   270.000000000000000000000000000000000        0.31830979522904190     
   271.000000000000000000000000000000000        0.31821292297545578     
   272.000000000000000000000000000000000        0.31792202410512399     
   273.000000000000000000000000000000000        0.31743800550773354     
   274.000000000000000000000000000000000        0.31676107622984240     
   275.000000000000000000000000000000000        0.31589194880604787     
   276.000000000000000000000000000000000        0.31483210625290775     
   277.000000000000000000000000000000000        0.31358228510350777     
   278.000000000000000000000000000000000        0.31214456379601729     
   279.000000000000000000000000000000000        0.31052026685027656     
   280.000000000000000000000000000000000        0.30871180018125510     
   281.000000000000000000000000000000000        0.30672081189231382     
   282.000000000000000000000000000000000        0.30455043687390337     
   283.000000000000000000000000000000000        0.30220243079320658     
   284.000000000000000000000000000000000        0.29968051045482674     
   285.000000000000000000000000000000000        0.29698713665280524     
   286.000000000000000000000000000000000        0.29412604749475468     
   287.000000000000000000000000000000000        0.29110033786123957     
   288.000000000000000000000000000000000        0.28791410640989751     
   289.000000000000000000000000000000000        0.28457071431207959     
   290.000000000000000000000000000000000        0.28107462080024120     
   291.000000000000000000000000000000000        0.27743007767684635     
   292.000000000000000000000000000000000        0.27364145770814746     
   293.000000000000000000000000000000000        0.26971321642119950     
   294.000000000000000000000000000000000        0.26565054207061589     
   295.000000000000000000000000000000000        0.26145772631955028     
   296.000000000000000000000000000000000        0.25714050180352871     
   297.000000000000000000000000000000000        0.25270382729227692     
   298.000000000000000000000000000000000        0.24815338435024042     
   299.000000000000000000000000000000000        0.24349416745773739     
   300.000000000000000000000000000000000        0.23873262693587446     
   301.000000000000000000000000000000000        0.23387361535526230     
   302.000000000000000000000000000000000        0.22892398042659426     
   303.000000000000000000000000000000000        0.22388904135049564     
   304.000000000000000000000000000000000        0.21877564656860937     
   305.000000000000000000000000000000000        0.21358908928689241     
   306.000000000000000000000000000000000        0.20833660437446150     
   307.000000000000000000000000000000000        0.20302393949850753     
   308.000000000000000000000000000000000        0.19765788934995279     
   309.000000000000000000000000000000000        0.19224506433569707     
   310.000000000000000000000000000000000        0.18679183690333562     
   311.000000000000000000000000000000000        0.18130497739797546     
   312.000000000000000000000000000000000        0.17579115424311043     
   313.000000000000000000000000000000000        0.17025697769198422     
   314.000000000000000000000000000000000        0.16470929205678056     
   315.000000000000000000000000000000000        0.15915488996485339     
   316.000000000000000000000000000000000        0.15360022361958492     
   317.000000000000000000000000000000000        0.14805280247490288     
   318.000000000000000000000000000000000        0.14251859237171202     
   319.000000000000000000000000000000000        0.13700480347954447     
   320.000000000000000000000000000000000        0.13151769876072397     
   321.000000000000000000000000000000000        0.12606471772225331     
   322.000000000000000000000000000000000        0.12065177637392661     
   323.000000000000000000000000000000000        0.11528584420415165     
   324.000000000000000000000000000000000        0.10997324493070654     
   325.000000000000000000000000000000000        0.10472069651642964     
   326.000000000000000000000000000000000         9.9534396132875139E-002
   327.000000000000000000000000000000000         9.4420746999523228E-002
   328.000000000000000000000000000000000         8.9385882126929730E-002
   329.000000000000000000000000000000000         8.4436175974827068E-002
   330.000000000000000000000000000000000         7.9577407271444939E-002
   331.000000000000000000000000000000000         7.4815627271538981E-002
   332.000000000000000000000000000000000         7.0156739905173085E-002
   333.000000000000000000000000000000000         6.5605971238416425E-002
   334.000000000000000000000000000000000         6.1169326720403476E-002
   335.000000000000000000000000000000000         5.6852076396488427E-002
   336.000000000000000000000000000000000         5.2659398983739079E-002
   337.000000000000000000000000000000000         4.8596590843733058E-002
   338.000000000000000000000000000000000         4.4668390693729083E-002
   339.000000000000000000000000000000000         4.0879734478288854E-002
   340.000000000000000000000000000000000         3.7235132081610160E-002
   341.000000000000000000000000000000000         3.3739103050666512E-002
   342.000000000000000000000000000000000         3.0395836797324962E-002
   343.000000000000000000000000000000000         2.7209485001426094E-002
   344.000000000000000000000000000000000         2.4183721416919084E-002
   345.000000000000000000000000000000000         2.1322691975041719E-002
   346.000000000000000000000000000000000         1.8629429374138810E-002
   347.000000000000000000000000000000000         1.6107403837047327E-002
   348.000000000000000000000000000000000         1.3759640580677610E-002
   349.000000000000000000000000000000000         1.1589028948398642E-002
   350.000000000000000000000000000000000         9.5981983592893384E-003
   351.000000000000000000000000000000000         7.7895803786055991E-003
   352.000000000000000000000000000000000         6.1654251720438327E-003
   353.000000000000000000000000000000000         4.7275686602054490E-003
   354.000000000000000000000000000000000         3.4779050617013501E-003
   355.000000000000000000000000000000000         2.4179116073319374E-003
   356.000000000000000000000000000000000         1.5488762254264026E-003
   357.000000000000000000000000000000000         8.7186163760148640E-004
   358.000000000000000000000000000000000         3.8769018969467864E-004
   359.000000000000000000000000000000000         9.6950951482262498E-005
   360.000000000000000000000000000000000         9.1628296542871773E-014
