   1.00000000000000000000000000000000000         9.6952893807080841E-005
   2.00000000000000000000000000000000000         3.8769345305366407E-004
   3.00000000000000000000000000000000000         8.7186745512950561E-004
   4.00000000000000000000000000000000000         1.5488780540591652E-003
   5.00000000000000000000000000000000000         2.4179212717237298E-003
   6.00000000000000000000000000000000000         3.4779173039206209E-003
   7.00000000000000000000000000000000000         4.7275821243764251E-003
   8.00000000000000000000000000000000000         6.1654279122810608E-003
   9.00000000000000000000000000000000000         7.7895975769628843E-003
   10.0000000000000000000000000000000000         9.5982171508803560E-003
   11.0000000000000000000000000000000000         1.1589049797139300E-002
   12.0000000000000000000000000000000000         1.3759616493707268E-002
   13.0000000000000000000000000000000000         1.6107428234620646E-002
   14.0000000000000000000000000000000000         1.8629468987780590E-002
   15.0000000000000000000000000000000000         2.1322719802568477E-002
   16.0000000000000000000000000000000000         2.4183827130211784E-002
   17.0000000000000000000000000000000000         2.7209516123326158E-002
   18.0000000000000000000000000000000000         3.0395877324591505E-002
   19.0000000000000000000000000000000000         3.3739137315353822E-002
   20.0000000000000000000000000000000000         3.7235273071878343E-002
   21.0000000000000000000000000000000000         4.0879771718792292E-002
   22.0000000000000000000000000000000000         4.4668462685450383E-002
   23.0000000000000000000000000000000000         4.8596630878638657E-002
   24.0000000000000000000000000000000000         5.2659455575863948E-002
   25.0000000000000000000000000000000000         5.6852119030711114E-002
   26.0000000000000000000000000000000000         6.1169403985980475E-002
   27.0000000000000000000000000000000000         6.5606016264327729E-002
   28.0000000000000000000000000000000000         7.0156617739225297E-002
   29.0000000000000000000000000000000000         7.4815674469706481E-002
   30.0000000000000000000000000000000000         7.9577511829910907E-002
   31.0000000000000000000000000000000000         8.4436225115318578E-002
   32.0000000000000000000000000000000000         8.9385808163152294E-002
   33.0000000000000000000000000000000000         9.4420797842928478E-002
   34.0000000000000000000000000000000000         9.9534456536040303E-002
   35.0000000000000000000000000000000000        0.10472074881508353     
   36.0000000000000000000000000000000000        0.10997361636195521     
   37.0000000000000000000000000000000000        0.11528589770322958     
   38.0000000000000000000000000000000000        0.12065188530977211     
   39.0000000000000000000000000000000000        0.12606477216111650     
   40.0000000000000000000000000000000000        0.13151785409436481     
   41.0000000000000000000000000000000000        0.13700485859298292     
   42.0000000000000000000000000000000000        0.14251865484767376     
   43.0000000000000000000000000000000000        0.14805285799439313     
   44.0000000000000000000000000000000000        0.15360066602926875     
   45.0000000000000000000000000000000000        0.15915494561988791     
   46.0000000000000000000000000000000000        0.16470940896933620     
   47.0000000000000000000000000000000000        0.17025703321148686     
   48.0000000000000000000000000000000000        0.17579108914625663     
   49.0000000000000000000000000000000000        0.18130503251142707     
   50.0000000000000000000000000000000000        0.18679196167832290     
   51.0000000000000000000000000000000000        0.19224511877459519     
   52.0000000000000000000000000000000000        0.19765818580236197     
   53.0000000000000000000000000000000000        0.20302399299753596     
   54.0000000000000000000000000000000000        0.20833642174956141     
   55.0000000000000000000000000000000000        0.21358914158559322     
   56.0000000000000000000000000000000000        0.21877552187533778     
   57.0000000000000000000000000000000000        0.22388909219393610     
   58.0000000000000000000000000000000000        0.22892390678894189     
   59.0000000000000000000000000000000000        0.23387366449577882     
   60.0000000000000000000000000000000000        0.23873215184750177     
   61.0000000000000000000000000000000000        0.24349421465588167     
   62.0000000000000000000000000000000000        0.24815321811961186     
   63.0000000000000000000000000000000000        0.25270387231813407     
   64.0000000000000000000000000000000000        0.25714048297565084     
   65.0000000000000000000000000000000000        0.26145776895387213     
   66.0000000000000000000000000000000000        0.26565032997967669     
   67.0000000000000000000000000000000000        0.26971325645610539     
   68.0000000000000000000000000000000000        0.27364151265174746     
   69.0000000000000000000000000000000000        0.27743011491736386     
   70.0000000000000000000000000000000000        0.28107486326854947     
   71.0000000000000000000000000000000000        0.28457074857679565     
   72.0000000000000000000000000000000000        0.28791394496985978     
   73.0000000000000000000000000000000000        0.29110036898315428     
   74.0000000000000000000000000000000000        0.29412581397766790     
   75.0000000000000000000000000000000000        0.29698716448036894     
   76.0000000000000000000000000000000000        0.29968026672506920     
   77.0000000000000000000000000000000000        0.30220245519078465     
   78.0000000000000000000000000000000000        0.30455008508221765     
   79.0000000000000000000000000000000000        0.30672083274107975     
   80.0000000000000000000000000000000000        0.30871192137130532     
   81.0000000000000000000000000000000000        0.31052028404865856     
   82.0000000000000000000000000000000000        0.31214451530426512     
   83.0000000000000000000000000000000000        0.31358229856771919     
   84.0000000000000000000000000000000000        0.31483170320862158     
   85.0000000000000000000000000000000000        0.31589195847037810     
   86.0000000000000000000000000000000000        0.31676109316044559     
   87.0000000000000000000000000000000000        0.31743801132528904     
   88.0000000000000000000000000000000000        0.31792218295225372     
   89.0000000000000000000000000000000000        0.31821292491782299     
   90.0000000000000000000000000000000000        0.31830978309332220     
   91.0000000000000000000000000000000000        0.31821292394662598     
   92.0000000000000000000000000000000000        0.31792219461370724     
   93.0000000000000000000000000000000000        0.31743800841646447     
   94.0000000000000000000000000000000000        0.31676103040800274     
   95.0000000000000000000000000000000000        0.31589195363822725     
   96.0000000000000000000000000000000000        0.31483193937653381     
   97.0000000000000000000000000000000000        0.31358229183561420     
   98.0000000000000000000000000000000000        0.31214442171475193     
   99.0000000000000000000000000000000000        0.31052027544939809     
   100.000000000000000000000000000000000        0.30871143334553963     
   101.000000000000000000000000000000000        0.30672082231670156     
   102.000000000000000000000000000000000        0.30455029156347102     
   103.000000000000000000000000000000000        0.30220244299202054     
   104.000000000000000000000000000000000        0.29968031334409123     
   105.000000000000000000000000000000000        0.29698715056658687     
   106.000000000000000000000000000000000        0.29412582992984160     
   107.000000000000000000000000000000000        0.29110035342218449     
   108.000000000000000000000000000000000        0.28791402623950085     
   109.000000000000000000000000000000000        0.28457073144450168     
   110.000000000000000000000000000000000        0.28107477238483825     
   111.000000000000000000000000000000000        0.27743009629708049     
   112.000000000000000000000000000000000        0.27364157971082542     
   113.000000000000000000000000000000000        0.26971323643864720     
   114.000000000000000000000000000000000        0.26565042428320240     
   115.000000000000000000000000000000000        0.26145774763672092     
   116.000000000000000000000000000000000        0.25714032445927443     
   117.000000000000000000000000000000000        0.25270384980524341     
   118.000000000000000000000000000000000        0.24815311637162762     
   119.000000000000000000000000000000000        0.24349419105672729     
   120.000000000000000000000000000000000        0.23873254616970169     
   121.000000000000000000000000000000000        0.23387363992555027     
   122.000000000000000000000000000000000        0.22892396358013550     
   123.000000000000000000000000000000000        0.22388906677219023     
   124.000000000000000000000000000000000        0.21877526896566332     
   125.000000000000000000000000000000000        0.21358911543626066     
   126.000000000000000000000000000000000        0.20833654054664794     
   127.000000000000000000000000000000000        0.20302396624799418     
   128.000000000000000000000000000000000        0.19765791805902613     
   129.000000000000000000000000000000000        0.19224509155520239     
   130.000000000000000000000000000000000        0.18679177841023836     
   131.000000000000000000000000000000000        0.18130500495469062     
   132.000000000000000000000000000000000        0.17579106813183659     
   133.000000000000000000000000000000000        0.17025700545176506     
   134.000000000000000000000000000000000        0.16470923685171535     
   135.000000000000000000000000000000000        0.15915491779234953     
   136.000000000000000000000000000000000        0.15360045654111179     
   137.000000000000000000000000000000000        0.14805283023468513     
   138.000000000000000000000000000000000        0.14251847118889666     
   139.000000000000000000000000000000000        0.13700483103623934     
   140.000000000000000000000000000000000        0.13151790868459262     
   141.000000000000000000000000000000000        0.12606474494169695     
   142.000000000000000000000000000000000        0.12065165361578396     
   143.000000000000000000000000000000000        0.11528587095366861     
   144.000000000000000000000000000000000        0.10997325945832929     
   145.000000000000000000000000000000000        0.10472072266576432     
   146.000000000000000000000000000000000         9.9534601028435907E-002
   147.000000000000000000000000000000000         9.4420772421212454E-002
   148.000000000000000000000000000000000         8.9385991005030779E-002
   149.000000000000000000000000000000000         8.4436200545080622E-002
   150.000000000000000000000000000000000         7.9577426087068817E-002
   151.000000000000000000000000000000000         7.4815650870607348E-002
   152.000000000000000000000000000000000         7.0156601782558545E-002
   153.000000000000000000000000000000000         6.5605993751393310E-002
   154.000000000000000000000000000000000         6.1169382359367266E-002
   155.000000000000000000000000000000000         5.6852097713589629E-002
   156.000000000000000000000000000000000         5.2659507838688606E-002
   157.000000000000000000000000000000000         4.8596610861211711E-002
   158.000000000000000000000000000000000         4.4668411061852376E-002
   159.000000000000000000000000000000000         4.0879753098528981E-002
   160.000000000000000000000000000000000         3.7235145484967827E-002
   161.000000000000000000000000000000000         3.3739120183014740E-002
   162.000000000000000000000000000000000         3.0395922721720876E-002
   163.000000000000000000000000000000000         2.7209500562367060E-002
   164.000000000000000000000000000000000         2.4183880666059664E-002
   165.000000000000000000000000000000000         2.1322705888799354E-002
   166.000000000000000000000000000000000         1.8629489196439385E-002
   167.000000000000000000000000000000000         1.6107416035818660E-002
   168.000000000000000000000000000000000         1.3759655805942992E-002
   169.000000000000000000000000000000000         1.1589039372764528E-002
   170.000000000000000000000000000000000         9.5981569601684170E-003
   171.000000000000000000000000000000000         7.7895889777790063E-003
   172.000000000000000000000000000000000         6.1653821606983145E-003
   173.000000000000000000000000000000000         4.7275753922908911E-003
   174.000000000000000000000000000000000         3.4778846913972924E-003
   175.000000000000000000000000000000000         2.4179164395247712E-003
   176.000000000000000000000000000000000         1.5488884114368009E-003
   177.000000000000000000000000000000000         8.7186454636551292E-004
   178.000000000000000000000000000000000         3.8769037868996540E-004
   179.000000000000000000000000000000000         9.6951922642227607E-005
   180.000000000000000000000000000000000         2.4114016128685036E-015
   181.000000000000000000000000000000000         9.6953864975571818E-005
   182.000000000000000000000000000000000         3.8769579842510253E-004
   183.000000000000000000000000000000000         8.7187036390289421E-004
   184.000000000000000000000000000000000         1.5488892929600288E-003
   185.000000000000000000000000000000000         2.4179261039244497E-003
   186.000000000000000000000000000000000         3.4779232433841617E-003
   187.000000000000000000000000000000000         4.7275888564728185E-003
   188.000000000000000000000000000000000         6.1653978381702420E-003
   189.000000000000000000000000000000000         7.7896061761429181E-003
   190.000000000000000000000000000000000         9.5982475703134135E-003
   191.000000000000000000000000000000000         1.1589060221532978E-002
   192.000000000000000000000000000000000         1.3759679591277644E-002
   193.000000000000000000000000000000000         1.6107440433403234E-002
   194.000000000000000000000000000000000         1.8629497620702581E-002
   195.000000000000000000000000000000000         2.1322733716337340E-002
   196.000000000000000000000000000000000         2.4183905931723343E-002
   197.000000000000000000000000000000000         2.7209531684294290E-002
   198.000000000000000000000000000000000         3.0395891511565253E-002
   199.000000000000000000000000000000000         3.3739154447694812E-002
   200.000000000000000000000000000000000         3.7235209918978114E-002
   201.000000000000000000000000000000000         4.0879790339023170E-002
   202.000000000000000000000000000000000         4.4668400445885770E-002
   203.000000000000000000000000000000000         4.8596650896105355E-002
   204.000000000000000000000000000000000         5.2659544545342891E-002
   205.000000000000000000000000000000000         5.6852140347853054E-002
   206.000000000000000000000000000000000         6.1169443391485862E-002
   207.000000000000000000000000000000000         6.5606038777275832E-002
   208.000000000000000000000000000000000         7.0156657911207662E-002
   209.000000000000000000000000000000000         7.4815698068796621E-002
   210.000000000000000000000000000000000         7.9577455869625530E-002
   211.000000000000000000000000000000000         8.4436249685616221E-002
   212.000000000000000000000000000000000         8.9386031798113497E-002
   213.000000000000000000000000000000000         9.4420823264651191E-002
   214.000000000000000000000000000000000         9.9534445728009555E-002
   215.000000000000000000000000000000000        0.10472077496444390     
   216.000000000000000000000000000000000        0.10997329234962291     
   217.000000000000000000000000000000000        0.11528592445276704     
   218.000000000000000000000000000000000        0.12065191272280934     
   219.000000000000000000000000000000000        0.12606479938056145     
   220.000000000000000000000000000000000        0.13151796741191862     
   221.000000000000000000000000000000000        0.13700488614967385     
   222.000000000000000000000000000000000        0.14251875371774783     
   223.000000000000000000000000000000000        0.14805288575416217     
   224.000000000000000000000000000000000        0.15360049878331106     
   225.000000000000000000000000000000000        0.15915497344741306     
   226.000000000000000000000000000000000        0.16470939862933678     
   227.000000000000000000000000000000000        0.17025706097125143     
   228.000000000000000000000000000000000        0.17579124983495328     
   229.000000000000000000000000000000000        0.18130506006811836     
   230.000000000000000000000000000000000        0.18679207253728014     
   231.000000000000000000000000000000000        0.19224514599407172     
   232.000000000000000000000000000000000        0.19765813609034183     
   233.000000000000000000000000000000000        0.20302401974706930     
   234.000000000000000000000000000000000        0.20833667478520096     
   235.000000000000000000000000000000000        0.21358916773493744     
   236.000000000000000000000000000000000        0.21877558567001623     
   237.000000000000000000000000000000000        0.22388911761565800     
   238.000000000000000000000000000000000        0.22892400842093455     
   239.000000000000000000000000000000000        0.23387368906605116     
   240.000000000000000000000000000000000        0.23873251857531969     
   241.000000000000000000000000000000000        0.24349423825494251     
   242.000000000000000000000000000000000        0.24815330961391863     
   243.000000000000000000000000000000000        0.25270389483109762     
   244.000000000000000000000000000000000        0.25714061863890264     
   245.000000000000000000000000000000000        0.26145779027094751     
   246.000000000000000000000000000000000        0.26565044060311810     
   247.000000000000000000000000000000000        0.26971327647355536     
   248.000000000000000000000000000000000        0.27364135499986475     
   249.000000000000000000000000000000000        0.27743013353762508     
   250.000000000000000000000000000000000        0.28107467664996189     
   251.000000000000000000000000000000000        0.28457076570916617     
   252.000000000000000000000000000000000        0.28791391324783377     
   253.000000000000000000000000000000000        0.29110038454414383     
   254.000000000000000000000000000000000        0.29412595416226200     
   255.000000000000000000000000000000000        0.29698717839412747     
   256.000000000000000000000000000000000        0.29968034992192361     
   257.000000000000000000000000000000000        0.30220246738957851     
   258.000000000000000000000000000000000        0.30455030165986352     
   259.000000000000000000000000000000000        0.30672084316541887     
   260.000000000000000000000000000000000        0.30871149241775020     
   261.000000000000000000000000000000000        0.31052029264784020     
   262.000000000000000000000000000000000        0.31214424647634009     
   263.000000000000000000000000000000000        0.31358230529975473     
   264.000000000000000000000000000000000        0.31483185545850684     
   265.000000000000000000000000000000000        0.31589196330254909     
   266.000000000000000000000000000000000        0.31676093868478161     
   267.000000000000000000000000000000000        0.31743801423402362     
   268.000000000000000000000000000000000        0.31792207055711302     
   269.000000000000000000000000000000000        0.31821292588896505     
   270.000000000000000000000000000000000        0.31830981536603209     
   271.000000000000000000000000000000000        0.31821292297545412     
   272.000000000000000000000000000000000        0.31792206257925903     
   273.000000000000000000000000000000000        0.31743800550773027     
   274.000000000000000000000000000000000        0.31676105422263812     
   275.000000000000000000000000000000000        0.31589194880603166     
   276.000000000000000000000000000000000        0.31483206821855575     
   277.000000000000000000000000000000000        0.31358228510350455     
   278.000000000000000000000000000000000        0.31214454154315036     
   279.000000000000000000000000000000000        0.31052026685027656     
   280.000000000000000000000000000000000        0.30871176218688368     
   281.000000000000000000000000000000000        0.30672081189230904     
   282.000000000000000000000000000000000        0.30455037686142777     
   283.000000000000000000000000000000000        0.30220243079320813     
   284.000000000000000000000000000000000        0.29968048042723389     
   285.000000000000000000000000000000000        0.29698713665280052     
   286.000000000000000000000000000000000        0.29412602553333694     
   287.000000000000000000000000000000000        0.29110033786123957     
   288.000000000000000000000000000000000        0.28791407113809653     
   289.000000000000000000000000000000000        0.28457071431209496     
   290.000000000000000000000000000000000        0.28107463193663923     
   291.000000000000000000000000000000000        0.27743007767684480     
   292.000000000000000000000000000000000        0.27364144088100389     
   293.000000000000000000000000000000000        0.26971321642119500     
   294.000000000000000000000000000000000        0.26565049385479106     
   295.000000000000000000000000000000000        0.26145772631956204     
   296.000000000000000000000000000000000        0.25714049325347121     
   297.000000000000000000000000000000000        0.25270382729227403     
   298.000000000000000000000000000000000        0.24815334225271540     
   299.000000000000000000000000000000000        0.24349416745772243     
   300.000000000000000000000000000000000        0.23873256338132520     
   301.000000000000000000000000000000000        0.23387361535526929     
   302.000000000000000000000000000000000        0.22892394345066089     
   303.000000000000000000000000000000000        0.22388904135049770     
   304.000000000000000000000000000000000        0.21877558228404423     
   305.000000000000000000000000000000000        0.21358908928690110     
   306.000000000000000000000000000000000        0.20833657250794155     
   307.000000000000000000000000000000000        0.20302393949849581     
   308.000000000000000000000000000000000        0.19765790592295263     
   309.000000000000000000000000000000000        0.19224506433570468     
   310.000000000000000000000000000000000        0.18679184171777152     
   311.000000000000000000000000000000000        0.18130497739797116     
   312.000000000000000000000000000000000        0.17579114384547356     
   313.000000000000000000000000000000000        0.17025697769198361     
   314.000000000000000000000000000000000        0.16470929827452460     
   315.000000000000000000000000000000000        0.15915488996484534     
   316.000000000000000000000000000000000        0.15360028223321764     
   317.000000000000000000000000000000000        0.14805280247490510     
   318.000000000000000000000000000000000        0.14251861107177596     
   319.000000000000000000000000000000000        0.13700480347954286     
   320.000000000000000000000000000000000        0.13151775422340709     
   321.000000000000000000000000000000000        0.12606471772225433     
   322.000000000000000000000000000000000        0.12065178852328426     
   323.000000000000000000000000000000000        0.11528584420415165     
   324.000000000000000000000000000000000        0.10997326094982628     
   325.000000000000000000000000000000000        0.10472069651643057     
   326.000000000000000000000000000000000         9.9534397703508887E-002
   327.000000000000000000000000000000000         9.4420746999516580E-002
   328.000000000000000000000000000000000         8.9385901254397479E-002
   329.000000000000000000000000000000000         8.4436175974827901E-002
   330.000000000000000000000000000000000         7.9577411656594252E-002
   331.000000000000000000000000000000000         7.4815627271536608E-002
   332.000000000000000000000000000000000         7.0156701629648779E-002
   333.000000000000000000000000000000000         6.5605971238419380E-002
   334.000000000000000000000000000000000         6.1169328415460932E-002
   335.000000000000000000000000000000000         5.6852076396482917E-002
   336.000000000000000000000000000000000         5.2659413814584846E-002
   337.000000000000000000000000000000000         4.8596590843736243E-002
   338.000000000000000000000000000000000         4.4668398020307282E-002
   339.000000000000000000000000000000000         4.0879734478286807E-002
   340.000000000000000000000000000000000         3.7235136113263595E-002
   341.000000000000000000000000000000000         3.3739103050669295E-002
   342.000000000000000000000000000000000         3.0395841867581038E-002
   343.000000000000000000000000000000000         2.7209485001423356E-002
   344.000000000000000000000000000000000         2.4183757310891781E-002
   345.000000000000000000000000000000000         2.1322691975041930E-002
   346.000000000000000000000000000000000         1.8629432855292762E-002
   347.000000000000000000000000000000000         1.6107403837046137E-002
   348.000000000000000000000000000000000         1.3759641788198506E-002
   349.000000000000000000000000000000000         1.1589028948398370E-002
   350.000000000000000000000000000000000         9.5981984510409776E-003
   351.000000000000000000000000000000000         7.7895803786053128E-003
   352.000000000000000000000000000000000         6.1654134561072074E-003
   353.000000000000000000000000000000000         4.7275686602055236E-003
   354.000000000000000000000000000000000         3.4779052639800504E-003
   355.000000000000000000000000000000000         2.4179116073317335E-003
   356.000000000000000000000000000000000         1.5488764798990856E-003
   357.000000000000000000000000000000000         8.7186163760165684E-004
   358.000000000000000000000000000000000         3.8769003788057308E-004
   359.000000000000000000000000000000000         9.6950951482230961E-005
   360.000000000000000000000000000000000         4.1721283962158690E-014
