   1.00000000000000000000000000000000000         9.6952893807271986E-005
   2.00000000000000000000000000000000000         3.8769345305403568E-004
   3.00000000000000000000000000000000000         8.7186745512898638E-004
   4.00000000000000000000000000000000000         1.5488763154336031E-003
   5.00000000000000000000000000000000000         2.4179212717239410E-003
   6.00000000000000000000000000000000000         3.4779172654741931E-003
   7.00000000000000000000000000000000000         4.7275821243763679E-003
   8.00000000000000000000000000000000000         6.1654367034299183E-003
   9.00000000000000000000000000000000000         7.7895975769642564E-003
   10.0000000000000000000000000000000000         9.5982169964755285E-003
   11.0000000000000000000000000000000000         1.1589049797137835E-002
   12.0000000000000000000000000000000000         1.3759603582000410E-002
   13.0000000000000000000000000000000000         1.6107428234623251E-002
   14.0000000000000000000000000000000000         1.8629468810975262E-002
   15.0000000000000000000000000000000000         2.1322719802568151E-002
   16.0000000000000000000000000000000000         2.4183809601096277E-002
   17.0000000000000000000000000000000000         2.7209516123326064E-002
   18.0000000000000000000000000000000000         3.0395874110341514E-002
   19.0000000000000000000000000000000000         3.3739137315353919E-002
   20.0000000000000000000000000000000000         3.7235295266680860E-002
   21.0000000000000000000000000000000000         4.0879771718794540E-002
   22.0000000000000000000000000000000000         4.4668463550592633E-002
   23.0000000000000000000000000000000000         4.8596630878636575E-002
   24.0000000000000000000000000000000000         5.2659444267897905E-002
   25.0000000000000000000000000000000000         5.6852119030709920E-002
   26.0000000000000000000000000000000000         6.1169410610523986E-002
   27.0000000000000000000000000000000000         6.5606016264329436E-002
   28.0000000000000000000000000000000000         7.0156614674279597E-002
   29.0000000000000000000000000000000000         7.4815674469708299E-002
   30.0000000000000000000000000000000000         7.9577521450374722E-002
   31.0000000000000000000000000000000000         8.4436225115314054E-002
   32.0000000000000000000000000000000000         8.9385757671326491E-002
   33.0000000000000000000000000000000000         9.4420797842928825E-002
   34.0000000000000000000000000000000000         9.9534457135373788E-002
   35.0000000000000000000000000000000000        0.10472074881508210     
   36.0000000000000000000000000000000000        0.10997367965985301     
   37.0000000000000000000000000000000000        0.11528589770322846     
   38.0000000000000000000000000000000000        0.12065188666026504     
   39.0000000000000000000000000000000000        0.12606477216111336     
   40.0000000000000000000000000000000000        0.13151782269610740     
   41.0000000000000000000000000000000000        0.13700485859298539     
   42.0000000000000000000000000000000000        0.14251863756943842     
   43.0000000000000000000000000000000000        0.14805285799438928     
   44.0000000000000000000000000000000000        0.15360070298557410     
   45.0000000000000000000000000000000000        0.15915494561988791     
   46.0000000000000000000000000000000000        0.16470941795486813     
   47.0000000000000000000000000000000000        0.17025703321148869     
   48.0000000000000000000000000000000000        0.17579106963209051     
   49.0000000000000000000000000000000000        0.18130503251143509     
   50.0000000000000000000000000000000000        0.18679197426266339     
   51.0000000000000000000000000000000000        0.19224511877459322     
   52.0000000000000000000000000000000000        0.19765822952329462     
   53.0000000000000000000000000000000000        0.20302399299753346     
   54.0000000000000000000000000000000000        0.20833639533989493     
   55.0000000000000000000000000000000000        0.21358914158559425     
   56.0000000000000000000000000000000000        0.21877554332219354     
   57.0000000000000000000000000000000000        0.22388909219393505     
   58.0000000000000000000000000000000000        0.22892391356092154     
   59.0000000000000000000000000000000000        0.23387366449577238     
   60.0000000000000000000000000000000000        0.23873208580249361     
   61.0000000000000000000000000000000000        0.24349421465588877     
   62.0000000000000000000000000000000000        0.24815320793400578     
   63.0000000000000000000000000000000000        0.25270387231812624     
   64.0000000000000000000000000000000000        0.25714047601896400     
   65.0000000000000000000000000000000000        0.26145776895387551     
   66.0000000000000000000000000000000000        0.26565031576004311     
   67.0000000000000000000000000000000000        0.26971325645610883     
   68.0000000000000000000000000000000000        0.27364153387307527     
   69.0000000000000000000000000000000000        0.27743011491736619     
   70.0000000000000000000000000000000000        0.28107490359147558     
   71.0000000000000000000000000000000000        0.28457074857678738     
   72.0000000000000000000000000000000000        0.28791393238164414     
   73.0000000000000000000000000000000000        0.29110036898315184     
   74.0000000000000000000000000000000000        0.29412577060898115     
   75.0000000000000000000000000000000000        0.29698716448037982     
   76.0000000000000000000000000000000000        0.29968022986556042     
   77.0000000000000000000000000000000000        0.30220245519078220     
   78.0000000000000000000000000000000000        0.30455005264161272     
   79.0000000000000000000000000000000000        0.30672083274108591     
   80.0000000000000000000000000000000000        0.30871198563507340     
   81.0000000000000000000000000000000000        0.31052028404866228     
   82.0000000000000000000000000000000000        0.31214452202697740     
   83.0000000000000000000000000000000000        0.31358229856772912     
   84.0000000000000000000000000000000000        0.31483163832050887     
   85.0000000000000000000000000000000000        0.31589195847037560     
   86.0000000000000000000000000000000000        0.31676111788709399     
   87.0000000000000000000000000000000000        0.31743801132529531     
   88.0000000000000000000000000000000000        0.31792218247943371     
   89.0000000000000000000000000000000000        0.31821292491783176     
   90.0000000000000000000000000000000000        0.31830975953515223     
   91.0000000000000000000000000000000000        0.31821292394662726     
   92.0000000000000000000000000000000000        0.31792219754153828     
   93.0000000000000000000000000000000000        0.31743800841645697     
   94.0000000000000000000000000000000000        0.31676104041474945     
   95.0000000000000000000000000000000000        0.31589195363823724     
   96.0000000000000000000000000000000000        0.31483193497679995     
   97.0000000000000000000000000000000000        0.31358229183562042     
   98.0000000000000000000000000000000000        0.31214440695766371     
   99.0000000000000000000000000000000000        0.31052027544938199     
   100.000000000000000000000000000000000        0.30871137798225640     
   101.000000000000000000000000000000000        0.30672082231670772     
   102.000000000000000000000000000000000        0.30455031357279666     
   103.000000000000000000000000000000000        0.30220244299202420     
   104.000000000000000000000000000000000        0.29968029140539332     
   105.000000000000000000000000000000000        0.29698715056659414     
   106.000000000000000000000000000000000        0.29412579423578245     
   107.000000000000000000000000000000000        0.29110035342217971     
   108.000000000000000000000000000000000        0.28791403805784910     
   109.000000000000000000000000000000000        0.28457073144450523     
   110.000000000000000000000000000000000        0.28107479445863021     
   111.000000000000000000000000000000000        0.27743009629707577     
   112.000000000000000000000000000000000        0.27364162252958651     
   113.000000000000000000000000000000000        0.26971323643864953     
   114.000000000000000000000000000000000        0.26565043880942241     
   115.000000000000000000000000000000000        0.26145774763671864     
   116.000000000000000000000000000000000        0.25714028335560063     
   117.000000000000000000000000000000000        0.25270384980525007     
   118.000000000000000000000000000000000        0.24815308651654747     
   119.000000000000000000000000000000000        0.24349419105671688     
   120.000000000000000000000000000000000        0.23873258473006650     
   121.000000000000000000000000000000000        0.23387363992555135     
   122.000000000000000000000000000000000        0.22892399080272302     
   123.000000000000000000000000000000000        0.22388906677218129     
   124.000000000000000000000000000000000        0.21877523363541521     
   125.000000000000000000000000000000000        0.21358911543626169     
   126.000000000000000000000000000000000        0.20833655045263902     
   127.000000000000000000000000000000000        0.20302396624799118     
   128.000000000000000000000000000000000        0.19765790159434893     
   129.000000000000000000000000000000000        0.19224509155521213     
   130.000000000000000000000000000000000        0.18679175202875425     
   131.000000000000000000000000000000000        0.18130500495469346     
   132.000000000000000000000000000000000        0.17579105028283812     
   133.000000000000000000000000000000000        0.17025700545177422     
   134.000000000000000000000000000000000        0.16470920976049272     
   135.000000000000000000000000000000000        0.15915491779234775     
   136.000000000000000000000000000000000        0.15360044807801301     
   137.000000000000000000000000000000000        0.14805283023469196     
   138.000000000000000000000000000000000        0.14251841491476522     
   139.000000000000000000000000000000000        0.13700483103623481     
   140.000000000000000000000000000000000        0.13151789778507678     
   141.000000000000000000000000000000000        0.12606474494169853     
   142.000000000000000000000000000000000        0.12065160379303988     
   143.000000000000000000000000000000000        0.11528587095366220     
   144.000000000000000000000000000000000        0.10997324014666866     
   145.000000000000000000000000000000000        0.10472072266576576     
   146.000000000000000000000000000000000         9.9534644201201686E-002
   147.000000000000000000000000000000000         9.4420772421212454E-002
   148.000000000000000000000000000000000         8.9385992476444354E-002
   149.000000000000000000000000000000000         8.4436200545080622E-002
   150.000000000000000000000000000000000         7.9577420296658902E-002
   151.000000000000000000000000000000000         7.4815650870605530E-002
   152.000000000000000000000000000000000         7.0156600495963672E-002
   153.000000000000000000000000000000000         6.5605993751398708E-002
   154.000000000000000000000000000000000         6.1169389059356316E-002
   155.000000000000000000000000000000000         5.6852097713589497E-002
   156.000000000000000000000000000000000         5.2659514766398581E-002
   157.000000000000000000000000000000000         4.8596610861216111E-002
   158.000000000000000000000000000000000         4.4668403853753647E-002
   159.000000000000000000000000000000000         4.0879753098528530E-002
   160.000000000000000000000000000000000         3.7235140254825307E-002
   161.000000000000000000000000000000000         3.3739120183015149E-002
   162.000000000000000000000000000000000         3.0395934945912133E-002
   163.000000000000000000000000000000000         2.7209500562366512E-002
   164.000000000000000000000000000000000         2.4183880207476468E-002
   165.000000000000000000000000000000000         2.1322705888798300E-002
   166.000000000000000000000000000000000         1.8629497337861761E-002
   167.000000000000000000000000000000000         1.6107416035817182E-002
   168.000000000000000000000000000000000         1.3759655551898922E-002
   169.000000000000000000000000000000000         1.1589039372763482E-002
   170.000000000000000000000000000000000         9.5981441375008313E-003
   171.000000000000000000000000000000000         7.7895889777790306E-003
   172.000000000000000000000000000000000         6.1653814315123902E-003
   173.000000000000000000000000000000000         4.7275753922914636E-003
   174.000000000000000000000000000000000         3.4778779462532601E-003
   175.000000000000000000000000000000000         2.4179164395247694E-003
   176.000000000000000000000000000000000         1.5488902303663658E-003
   177.000000000000000000000000000000000         8.7186454636580240E-004
   178.000000000000000000000000000000000         3.8769009538674570E-004
   179.000000000000000000000000000000000         9.6951922642327191E-005
   180.000000000000000000000000000000000         2.4060766271505047E-015
   181.000000000000000000000000000000000         9.6953864975521796E-005
   182.000000000000000000000000000000000         3.8769589948007871E-004
   183.000000000000000000000000000000000         8.7187036390278558E-004
   184.000000000000000000000000000000000         1.5488893958455598E-003
   185.000000000000000000000000000000000         2.4179261039239857E-003
   186.000000000000000000000000000000000         3.4779232433855530E-003
   187.000000000000000000000000000000000         4.7275888564738489E-003
   188.000000000000000000000000000000000         6.1653971931981749E-003
   189.000000000000000000000000000000000         7.7896061761432850E-003
   190.000000000000000000000000000000000         9.5982526413752375E-003
   191.000000000000000000000000000000000         1.1589060221534980E-002
   192.000000000000000000000000000000000         1.3759679624328123E-002
   193.000000000000000000000000000000000         1.6107440433403657E-002
   194.000000000000000000000000000000000         1.8629501336069040E-002
   195.000000000000000000000000000000000         2.1322733716337014E-002
   196.000000000000000000000000000000000         2.4183904416382719E-002
   197.000000000000000000000000000000000         2.7209531684295480E-002
   198.000000000000000000000000000000000         3.0395887754904691E-002
   199.000000000000000000000000000000000         3.3739154447694604E-002
   200.000000000000000000000000000000000         3.7235211853740006E-002
   201.000000000000000000000000000000000         4.0879790339018569E-002
   202.000000000000000000000000000000000         4.4668380918489556E-002
   203.000000000000000000000000000000000         4.8596650896106458E-002
   204.000000000000000000000000000000000         5.2659550309771777E-002
   205.000000000000000000000000000000000         5.6852140347854511E-002
   206.000000000000000000000000000000000         6.1169454385307721E-002
   207.000000000000000000000000000000000         6.5606038777277248E-002
   208.000000000000000000000000000000000         7.0156659121739087E-002
   209.000000000000000000000000000000000         7.4815698068798453E-002
   210.000000000000000000000000000000000         7.9577445475179906E-002
   211.000000000000000000000000000000000         8.4436249685622355E-002
   212.000000000000000000000000000000000         8.9386030962186433E-002
   213.000000000000000000000000000000000         9.4420823264652218E-002
   214.000000000000000000000000000000000         9.9534437175025817E-002
   215.000000000000000000000000000000000        0.10472077496445037     
   216.000000000000000000000000000000000        0.10997326802800908     
   217.000000000000000000000000000000000        0.11528592445276403     
   218.000000000000000000000000000000000        0.12065191417632695     
   219.000000000000000000000000000000000        0.12606479938056064     
   220.000000000000000000000000000000000        0.13151795749184816     
   221.000000000000000000000000000000000        0.13700488614966891     
   222.000000000000000000000000000000000        0.14251875423825525     
   223.000000000000000000000000000000000        0.14805288575416389     
   224.000000000000000000000000000000000        0.15360048697547132     
   225.000000000000000000000000000000000        0.15915497344741039     
   226.000000000000000000000000000000000        0.16470939807722265     
   227.000000000000000000000000000000000        0.17025706097125784     
   228.000000000000000000000000000000000        0.17579126357418703     
   229.000000000000000000000000000000000        0.18130506006811931     
   230.000000000000000000000000000000000        0.18679210598517362     
   231.000000000000000000000000000000000        0.19224514599408049     
   232.000000000000000000000000000000000        0.19765816063302696     
   233.000000000000000000000000000000000        0.20302401974706430     
   234.000000000000000000000000000000000        0.20833670501805648     
   235.000000000000000000000000000000000        0.21358916773494308     
   236.000000000000000000000000000000000        0.21877561661523467     
   237.000000000000000000000000000000000        0.22388911761565800     
   238.000000000000000000000000000000000        0.22892403434811068     
   239.000000000000000000000000000000000        0.23387368906605011     
   240.000000000000000000000000000000000        0.23873253818740781     
   241.000000000000000000000000000000000        0.24349423825494307     
   242.000000000000000000000000000000000        0.24815331653437164     
   243.000000000000000000000000000000000        0.25270389483109429     
   244.000000000000000000000000000000000        0.25714064011593302     
   245.000000000000000000000000000000000        0.26145779027093846     
   246.000000000000000000000000000000000        0.26565044886937283     
   247.000000000000000000000000000000000        0.26971327647355881     
   248.000000000000000000000000000000000        0.27364133197556556     
   249.000000000000000000000000000000000        0.27743013353762974     
   250.000000000000000000000000000000000        0.28107466584643670     
   251.000000000000000000000000000000000        0.28457076570916617     
   252.000000000000000000000000000000000        0.28791388863996087     
   253.000000000000000000000000000000000        0.29110038454414983     
   254.000000000000000000000000000000000        0.29412594215313070     
   255.000000000000000000000000000000000        0.29698717839413713     
   256.000000000000000000000000000000000        0.29968033059556626     
   257.000000000000000000000000000000000        0.30220246738957851     
   258.000000000000000000000000000000000        0.30455032053404879     
   259.000000000000000000000000000000000        0.30672084316541642     
   260.000000000000000000000000000000000        0.30871144706372788     
   261.000000000000000000000000000000000        0.31052029264784514     
   262.000000000000000000000000000000000        0.31214418407451072     
   263.000000000000000000000000000000000        0.31358230529975228     
   264.000000000000000000000000000000000        0.31483182718643560     
   265.000000000000000000000000000000000        0.31589196330254038     
   266.000000000000000000000000000000000        0.31676092382430254     
   267.000000000000000000000000000000000        0.31743801423402240     
   268.000000000000000000000000000000000        0.31792204150022463     
   269.000000000000000000000000000000000        0.31821292588896877     
   270.000000000000000000000000000000000        0.31830979987603958     
   271.000000000000000000000000000000000        0.31821292297545539     
   272.000000000000000000000000000000000        0.31792203298377031     
   273.000000000000000000000000000000000        0.31743800550773277     
   274.000000000000000000000000000000000        0.31676107115125673     
   275.000000000000000000000000000000000        0.31589194880604415     
   276.000000000000000000000000000000000        0.31483209747574942     
   277.000000000000000000000000000000000        0.31358228510350700     
   278.000000000000000000000000000000000        0.31214455866074026     
   279.000000000000000000000000000000000        0.31052026685027656     
   280.000000000000000000000000000000000        0.30871179141332306     
   281.000000000000000000000000000000000        0.30672081189231271     
   282.000000000000000000000000000000000        0.30455042302487001     
   283.000000000000000000000000000000000        0.30220243079320691     
   284.000000000000000000000000000000000        0.29968050352538211     
   285.000000000000000000000000000000000        0.29698713665280418     
   286.000000000000000000000000000000000        0.29412604242673512     
   287.000000000000000000000000000000000        0.29110033786123957     
   288.000000000000000000000000000000000        0.28791409827025094     
   289.000000000000000000000000000000000        0.28457071431208314     
   290.000000000000000000000000000000000        0.28107462337017919     
   291.000000000000000000000000000000000        0.27743007767684597     
   292.000000000000000000000000000000000        0.27364145382496047     
   293.000000000000000000000000000000000        0.26971321642119844     
   294.000000000000000000000000000000000        0.26565053094388669     
   295.000000000000000000000000000000000        0.26145772631955300     
   296.000000000000000000000000000000000        0.25714049983043852     
   297.000000000000000000000000000000000        0.25270382729227625     
   298.000000000000000000000000000000000        0.24815337463542664     
   299.000000000000000000000000000000000        0.24349416745773392     
   300.000000000000000000000000000000000        0.23873261226943926     
   301.000000000000000000000000000000000        0.23387361535526391     
   302.000000000000000000000000000000000        0.22892397189368630     
   303.000000000000000000000000000000000        0.22388904135049612     
   304.000000000000000000000000000000000        0.21877563173370890     
   305.000000000000000000000000000000000        0.21358908928689441     
   306.000000000000000000000000000000000        0.20833659702064899     
   307.000000000000000000000000000000000        0.20302393949850484     
   308.000000000000000000000000000000000        0.19765789317449114     
   309.000000000000000000000000000000000        0.19224506433569882     
   310.000000000000000000000000000000000        0.18679183801435928     
   311.000000000000000000000000000000000        0.18130497739797449     
   312.000000000000000000000000000000000        0.17579115184365574     
   313.000000000000000000000000000000000        0.17025697769198408     
   314.000000000000000000000000000000000        0.16470929349164457     
   315.000000000000000000000000000000000        0.15915488996485153     
   316.000000000000000000000000000000000        0.15360023714580687     
   317.000000000000000000000000000000000        0.14805280247490338     
   318.000000000000000000000000000000000        0.14251859668711128     
   319.000000000000000000000000000000000        0.13700480347954411     
   320.000000000000000000000000000000000        0.13151771155980366     
   321.000000000000000000000000000000000        0.12606471772225356     
   322.000000000000000000000000000000000        0.12065177917762447     
   323.000000000000000000000000000000000        0.11528584420415165     
   324.000000000000000000000000000000000        0.10997324862742637     
   325.000000000000000000000000000000000        0.10472069651642985     
   326.000000000000000000000000000000000         9.9534396495329081E-002
   327.000000000000000000000000000000000         9.4420746999521687E-002
   328.000000000000000000000000000000000         8.9385886540960566E-002
   329.000000000000000000000000000000000         8.4436175974827263E-002
   330.000000000000000000000000000000000         7.9577408283402457E-002
   331.000000000000000000000000000000000         7.4815627271538440E-002
   332.000000000000000000000000000000000         7.0156731072358855E-002
   333.000000000000000000000000000000000         6.5605971238417105E-002
   334.000000000000000000000000000000000         6.1169327111570575E-002
   335.000000000000000000000000000000000         5.6852076396487157E-002
   336.000000000000000000000000000000000         5.2659402406241763E-002
   337.000000000000000000000000000000000         4.8596590843733793E-002
   338.000000000000000000000000000000000         4.4668392384477840E-002
   339.000000000000000000000000000000000         4.0879734478288382E-002
   340.000000000000000000000000000000000         3.7235133011991703E-002
   341.000000000000000000000000000000000         3.3739103050667157E-002
   342.000000000000000000000000000000000         3.0395837967384019E-002
   343.000000000000000000000000000000000         2.7209485001425462E-002
   344.000000000000000000000000000000000         2.4183729700141189E-002
   345.000000000000000000000000000000000         2.1322691975041767E-002
   346.000000000000000000000000000000000         1.8629430177482000E-002
   347.000000000000000000000000000000000         1.6107403837047053E-002
   348.000000000000000000000000000000000         1.3759640859336274E-002
   349.000000000000000000000000000000000         1.1589028948398580E-002
   350.000000000000000000000000000000000         9.5981983804627937E-003
   351.000000000000000000000000000000000         7.7895803786055332E-003
   352.000000000000000000000000000000000         6.1654224683651620E-003
   353.000000000000000000000000000000000         4.7275686602054664E-003
   354.000000000000000000000000000000000         3.4779051083810497E-003
   355.000000000000000000000000000000000         2.4179116073318905E-003
   356.000000000000000000000000000000000         1.5488762841508652E-003
   357.000000000000000000000000000000000         8.7186163760152565E-004
   358.000000000000000000000000000000000         3.8769015466065163E-004
   359.000000000000000000000000000000000         9.6950951482255220E-005
   360.000000000000000000000000000000000         7.8390966331824391E-014
