   1.00000000000000000000000000000000000         9.6952893807887515E-005
   2.00000000000000000000000000000000000         3.8769345305518770E-004
   3.00000000000000000000000000000000000         8.7186745512730999E-004
   4.00000000000000000000000000000000000         1.5488709257005621E-003
   5.00000000000000000000000000000000000         2.4179212717247108E-003
   6.00000000000000000000000000000000000         3.4779171462902682E-003
   7.00000000000000000000000000000000000         4.7275821243760322E-003
   8.00000000000000000000000000000000000         6.1654639560312060E-003
   9.00000000000000000000000000000000000         7.7895975769687069E-003
   10.0000000000000000000000000000000000         9.5982165178205726E-003
   11.0000000000000000000000000000000000         1.1589049797133060E-002
   12.0000000000000000000000000000000000         1.3759563555747645E-002
   13.0000000000000000000000000000000000         1.6107428234631616E-002
   14.0000000000000000000000000000000000         1.8629468262878750E-002
   15.0000000000000000000000000000000000         2.1322719802566822E-002
   16.0000000000000000000000000000000000         2.4183755260878573E-002
   17.0000000000000000000000000000000000         2.7209516123326130E-002
   18.0000000000000000000000000000000000         3.0395864146167625E-002
   19.0000000000000000000000000000000000         3.3739137315353850E-002
   20.0000000000000000000000000000000000         3.7235364070610684E-002
   21.0000000000000000000000000000000000         4.0879771718801923E-002
   22.0000000000000000000000000000000000         4.4668466232533677E-002
   23.0000000000000000000000000000000000         4.8596630878629671E-002
   24.0000000000000000000000000000000000         5.2659409213210884E-002
   25.0000000000000000000000000000000000         5.6852119030706701E-002
   26.0000000000000000000000000000000000         6.1169431146611157E-002
   27.0000000000000000000000000000000000         6.5606016264334210E-002
   28.0000000000000000000000000000000000         7.0156605172948361E-002
   29.0000000000000000000000000000000000         7.4815674469714460E-002
   30.0000000000000000000000000000000000         7.9577551273816202E-002
   31.0000000000000000000000000000000000         8.4436225115299510E-002
   32.0000000000000000000000000000000000         8.9385601146757129E-002
   33.0000000000000000000000000000000000         9.4420797842930462E-002
   34.0000000000000000000000000000000000         9.9534458993307595E-002
   35.0000000000000000000000000000000000        0.10472074881507704     
   36.0000000000000000000000000000000000        0.10997387588345195     
   37.0000000000000000000000000000000000        0.11528589770322555     
   38.0000000000000000000000000000000000        0.12065189084679315     
   39.0000000000000000000000000000000000        0.12606477216110296     
   40.0000000000000000000000000000000000        0.13151772536153322     
   41.0000000000000000000000000000000000        0.13700485859299369     
   42.0000000000000000000000000000000000        0.14251858400691553     
   43.0000000000000000000000000000000000        0.14805285799437673     
   44.0000000000000000000000000000000000        0.15360081755014895     
   45.0000000000000000000000000000000000        0.15915494561988858     
   46.0000000000000000000000000000000000        0.16470944581001873     
   47.0000000000000000000000000000000000        0.17025703321149369     
   48.0000000000000000000000000000000000        0.17579100913818246     
   49.0000000000000000000000000000000000        0.18130503251146068     
   50.0000000000000000000000000000000000        0.18679201327412159     
   51.0000000000000000000000000000000000        0.19224511877458650     
   52.0000000000000000000000000000000000        0.19765836505821657     
   53.0000000000000000000000000000000000        0.20302399299752641     
   54.0000000000000000000000000000000000        0.20833631346993944     
   55.0000000000000000000000000000000000        0.21358914158559675     
   56.0000000000000000000000000000000000        0.21877560980745311     
   57.0000000000000000000000000000000000        0.22388909219393247     
   58.0000000000000000000000000000000000        0.22892393455405916     
   59.0000000000000000000000000000000000        0.23387366449575175     
   60.0000000000000000000000000000000000        0.23873188106302645     
   61.0000000000000000000000000000000000        0.24349421465591153     
   62.0000000000000000000000000000000000        0.24815317635862827     
   63.0000000000000000000000000000000000        0.25270387231809865     
   64.0000000000000000000000000000000000        0.25714045445323525     
   65.0000000000000000000000000000000000        0.26145776895388945     
   66.0000000000000000000000000000000000        0.26565027167918132     
   67.0000000000000000000000000000000000        0.26971325645611610     
   68.0000000000000000000000000000000000        0.27364159965919665     
   69.0000000000000000000000000000000000        0.27743011491737696     
   70.0000000000000000000000000000000000        0.28107502859256506     
   71.0000000000000000000000000000000000        0.28457074857675824     
   72.0000000000000000000000000000000000        0.28791389335817746     
   73.0000000000000000000000000000000000        0.29110036898314789     
   74.0000000000000000000000000000000000        0.29412563616607251     
   75.0000000000000000000000000000000000        0.29698716448041007     
   76.0000000000000000000000000000000000        0.29968011560109753     
   77.0000000000000000000000000000000000        0.30220245519077804     
   78.0000000000000000000000000000000000        0.30454995207574836     
   79.0000000000000000000000000000000000        0.30672083274110151     
   80.0000000000000000000000000000000000        0.30871218485279694     
   81.0000000000000000000000000000000000        0.31052028404867721     
   82.0000000000000000000000000000000000        0.31214454286738602     
   83.0000000000000000000000000000000000        0.31358229856775649     
   84.0000000000000000000000000000000000        0.31483143716740192     
   85.0000000000000000000000000000000000        0.31589195847037127     
   86.0000000000000000000000000000000000        0.31676119453971002     
   87.0000000000000000000000000000000000        0.31743801132531130     
   88.0000000000000000000000000000000000        0.31792218101369157     
   89.0000000000000000000000000000000000        0.31821292491786235     
   90.0000000000000000000000000000000000        0.31830968650483088     
   91.0000000000000000000000000000000000        0.31821292394662787     
   92.0000000000000000000000000000000000        0.31792220661781462     
   93.0000000000000000000000000000000000        0.31743800841643693     
   94.0000000000000000000000000000000000        0.31676107143566529     
   95.0000000000000000000000000000000000        0.31589195363826494     
   96.0000000000000000000000000000000000        0.31483192133762522     
   97.0000000000000000000000000000000000        0.31358229183564290     
   98.0000000000000000000000000000000000        0.31214436121069239     
   99.0000000000000000000000000000000000        0.31052027544932903     
   100.000000000000000000000000000000000        0.30871120635610982     
   101.000000000000000000000000000000000        0.30672082231672987     
   102.000000000000000000000000000000000        0.30455038180171118     
   103.000000000000000000000000000000000        0.30220244299203253     
   104.000000000000000000000000000000000        0.29968022339543499     
   105.000000000000000000000000000000000        0.29698715056661956     
   106.000000000000000000000000000000000        0.29412568358421270     
   107.000000000000000000000000000000000        0.29110035342216195     
   108.000000000000000000000000000000000        0.28791407469473013     
   109.000000000000000000000000000000000        0.28457073144451894     
   110.000000000000000000000000000000000        0.28107486288739075     
   111.000000000000000000000000000000000        0.27743009629705861     
   112.000000000000000000000000000000000        0.27364175526776729     
   113.000000000000000000000000000000000        0.26971323643865935     
   114.000000000000000000000000000000000        0.26565048384070694     
   115.000000000000000000000000000000000        0.26145774763670909     
   116.000000000000000000000000000000000        0.25714015593423256     
   117.000000000000000000000000000000000        0.25270384980527327     
   118.000000000000000000000000000000000        0.24815299396581031     
   119.000000000000000000000000000000000        0.24349419105668463     
   120.000000000000000000000000000000000        0.23873270426721724     
   121.000000000000000000000000000000000        0.23387363992555468     
   122.000000000000000000000000000000000        0.22892407519275459     
   123.000000000000000000000000000000000        0.22388906677215362     
   124.000000000000000000000000000000000        0.21877512411166422     
   125.000000000000000000000000000000000        0.21358911543626488     
   126.000000000000000000000000000000000        0.20833658116121292     
   127.000000000000000000000000000000000        0.20302396624798186     
   128.000000000000000000000000000000000        0.19765785055385399     
   129.000000000000000000000000000000000        0.19224509155524230     
   130.000000000000000000000000000000000        0.18679167024616533     
   131.000000000000000000000000000000000        0.18130500495470225     
   132.000000000000000000000000000000000        0.17579099495094860     
   133.000000000000000000000000000000000        0.17025700545180261     
   134.000000000000000000000000000000000        0.16470912577771665     
   135.000000000000000000000000000000000        0.15915491779234225     
   136.000000000000000000000000000000000        0.15360042184240830     
   137.000000000000000000000000000000000        0.14805283023471313     
   138.000000000000000000000000000000000        0.14251824046502840     
   139.000000000000000000000000000000000        0.13700483103622080     
   140.000000000000000000000000000000000        0.13151786399658050     
   141.000000000000000000000000000000000        0.12606474494170342     
   142.000000000000000000000000000000000        0.12065144934259861     
   143.000000000000000000000000000000000        0.11528587095364234     
   144.000000000000000000000000000000000        0.10997318028053153     
   145.000000000000000000000000000000000        0.10472072266577022     
   146.000000000000000000000000000000000         9.9534778036835136E-002
   147.000000000000000000000000000000000         9.4420772421212454E-002
   148.000000000000000000000000000000000         8.9385997037826501E-002
   149.000000000000000000000000000000000         8.4436200545080622E-002
   150.000000000000000000000000000000000         7.9577402346389478E-002
   151.000000000000000000000000000000000         7.4815650870599881E-002
   152.000000000000000000000000000000000         7.0156596507519653E-002
   153.000000000000000000000000000000000         6.5605993751415459E-002
   154.000000000000000000000000000000000         6.1169409829324700E-002
   155.000000000000000000000000000000000         5.6852097713588727E-002
   156.000000000000000000000000000000000         5.2659536242302393E-002
   157.000000000000000000000000000000000         4.8596610861230100E-002
   158.000000000000000000000000000000000         4.4668381508651295E-002
   159.000000000000000000000000000000000         4.0879753098526851E-002
   160.000000000000000000000000000000000         3.7235124041385827E-002
   161.000000000000000000000000000000000         3.3739120183016676E-002
   162.000000000000000000000000000000000         3.0395972840920653E-002
   163.000000000000000000000000000000000         2.7209500562364580E-002
   164.000000000000000000000000000000000         2.4183878785868591E-002
   165.000000000000000000000000000000000         2.1322705888795236E-002
   166.000000000000000000000000000000000         1.8629522576282431E-002
   167.000000000000000000000000000000000         1.6107416035812418E-002
   168.000000000000000000000000000000000         1.3759654764362321E-002
   169.000000000000000000000000000000000         1.1589039372760391E-002
   170.000000000000000000000000000000000         9.5981043872857483E-003
   171.000000000000000000000000000000000         7.7895889777789863E-003
   172.000000000000000000000000000000000         6.1653791710362983E-003
   173.000000000000000000000000000000000         4.7275753922933301E-003
   174.000000000000000000000000000000000         3.4778570363483267E-003
   175.000000000000000000000000000000000         2.4179164395247070E-003
   176.000000000000000000000000000000000         1.5488958690548043E-003
   177.000000000000000000000000000000000         8.7186454636673449E-004
   178.000000000000000000000000000000000         3.8768921714742242E-004
   179.000000000000000000000000000000000         9.6951922642624533E-005
   180.000000000000000000000000000000000         2.3896065773832841E-015
   181.000000000000000000000000000000000         9.6953864975355601E-005
   182.000000000000000000000000000000000         3.8769621275058634E-004
   183.000000000000000000000000000000000         8.7187036390248276E-004
   184.000000000000000000000000000000000         1.5488897147907278E-003
   185.000000000000000000000000000000000         2.4179261039224934E-003
   186.000000000000000000000000000000000         3.4779232433898659E-003
   187.000000000000000000000000000000000         4.7275888564771197E-003
   188.000000000000000000000000000000000         6.1653951937849808E-003
   189.000000000000000000000000000000000         7.7896061761443310E-003
   190.000000000000000000000000000000000         9.5982683616754050E-003
   191.000000000000000000000000000000000         1.1589060221541296E-002
   192.000000000000000000000000000000000         1.3759679726784612E-002
   193.000000000000000000000000000000000         1.6107440433404840E-002
   194.000000000000000000000000000000000         1.8629512853707418E-002
   195.000000000000000000000000000000000         2.1322733716336147E-002
   196.000000000000000000000000000000000         2.4183899718827086E-002
   197.000000000000000000000000000000000         2.7209531684299015E-002
   198.000000000000000000000000000000000         3.0395876109258410E-002
   199.000000000000000000000000000000000         3.3739154447694139E-002
   200.000000000000000000000000000000000         3.7235217851502203E-002
   201.000000000000000000000000000000000         4.0879790339004136E-002
   202.000000000000000000000000000000000         4.4668320383588415E-002
   203.000000000000000000000000000000000         4.8596650896110059E-002
   204.000000000000000000000000000000000         5.2659568179503333E-002
   205.000000000000000000000000000000000         5.6852140347858841E-002
   206.000000000000000000000000000000000         6.1169488466161784E-002
   207.000000000000000000000000000000000         6.5606038777282535E-002
   208.000000000000000000000000000000000         7.0156662874386572E-002
   209.000000000000000000000000000000000         7.4815698068803158E-002
   210.000000000000000000000000000000000         7.9577413252402807E-002
   211.000000000000000000000000000000000         8.4436249685642326E-002
   212.000000000000000000000000000000000         8.9386028370812540E-002
   213.000000000000000000000000000000000         9.4420823264654369E-002
   214.000000000000000000000000000000000         9.9534410660778519E-002
   215.000000000000000000000000000000000        0.10472077496447146     
   216.000000000000000000000000000000000        0.10997319263102329     
   217.000000000000000000000000000000000        0.11528592445275358     
   218.000000000000000000000000000000000        0.12065191868223159     
   219.000000000000000000000000000000000        0.12606479938055931     
   220.000000000000000000000000000000000        0.13151792673963217     
   221.000000000000000000000000000000000        0.13700488614965248     
   222.000000000000000000000000000000000        0.14251875585182824     
   223.000000000000000000000000000000000        0.14805288575417033     
   224.000000000000000000000000000000000        0.15360045037117107     
   225.000000000000000000000000000000000        0.15915497344740101     
   226.000000000000000000000000000000000        0.16470939636566884     
   227.000000000000000000000000000000000        0.17025706097127891     
   228.000000000000000000000000000000000        0.17579130616581501     
   229.000000000000000000000000000000000        0.18130506006812105     
   230.000000000000000000000000000000000        0.18679220967366245     
   231.000000000000000000000000000000000        0.19224514599410886     
   232.000000000000000000000000000000000        0.19765823671536065     
   233.000000000000000000000000000000000        0.20302401974704759     
   234.000000000000000000000000000000000        0.20833679873992253     
   235.000000000000000000000000000000000        0.21358916773496175     
   236.000000000000000000000000000000000        0.21877571254542577     
   237.000000000000000000000000000000000        0.22388911761565683     
   238.000000000000000000000000000000000        0.22892411472236598     
   239.000000000000000000000000000000000        0.23387368906604794     
   240.000000000000000000000000000000000        0.23873259898488608     
   241.000000000000000000000000000000000        0.24349423825494360     
   242.000000000000000000000000000000000        0.24815333798777661     
   243.000000000000000000000000000000000        0.25270389483108391     
   244.000000000000000000000000000000000        0.25714070669473288     
   245.000000000000000000000000000000000        0.26145779027091032     
   246.000000000000000000000000000000000        0.26565047449476337     
   247.000000000000000000000000000000000        0.26971327647356957     
   248.000000000000000000000000000000000        0.27364126060024424     
   249.000000000000000000000000000000000        0.27743013353764429     
   250.000000000000000000000000000000000        0.28107463235550989     
   251.000000000000000000000000000000000        0.28457076570916617     
   252.000000000000000000000000000000000        0.28791381235556157     
   253.000000000000000000000000000000000        0.29110038454416842     
   254.000000000000000000000000000000000        0.29412590492482515     
   255.000000000000000000000000000000000        0.29698717839416716     
   256.000000000000000000000000000000000        0.29968027068386244     
   257.000000000000000000000000000000000        0.30220246738957851     
   258.000000000000000000000000000000000        0.30455037904402671     
   259.000000000000000000000000000000000        0.30672084316540882     
   260.000000000000000000000000000000000        0.30871130646627976     
   261.000000000000000000000000000000000        0.31052029264786046     
   262.000000000000000000000000000000000        0.31214399062887921     
   263.000000000000000000000000000000000        0.31358230529974457     
   264.000000000000000000000000000000000        0.31483173954302285     
   265.000000000000000000000000000000000        0.31589196330251329     
   266.000000000000000000000000000000000        0.31676087775681960     
   267.000000000000000000000000000000000        0.31743801423401852     
   268.000000000000000000000000000000000        0.31792195142387908     
   269.000000000000000000000000000000000        0.31821292588898042     
   270.000000000000000000000000000000000        0.31830975185706523     
   271.000000000000000000000000000000000        0.31821292297545928     
   272.000000000000000000000000000000000        0.31792194123776407     
   273.000000000000000000000000000000000        0.31743800550774054     
   274.000000000000000000000000000000000        0.31676112362997727     
   275.000000000000000000000000000000000        0.31589194880608285     
   276.000000000000000000000000000000000        0.31483218817305830     
   277.000000000000000000000000000000000        0.31358228510351471     
   278.000000000000000000000000000000000        0.31214461172527180     
   279.000000000000000000000000000000000        0.31052026685027656     
   280.000000000000000000000000000000000        0.30871188201529381     
   281.000000000000000000000000000000000        0.30672081189232414     
   282.000000000000000000000000000000000        0.30455056613156317     
   283.000000000000000000000000000000000        0.30220243079320314     
   284.000000000000000000000000000000000        0.29968057512964719     
   285.000000000000000000000000000000000        0.29698713665281545     
   286.000000000000000000000000000000000        0.29412609479627261     
   287.000000000000000000000000000000000        0.29110033786123957     
   288.000000000000000000000000000000000        0.28791418237993766     
   289.000000000000000000000000000000000        0.28457071431204639     
   290.000000000000000000000000000000000        0.28107459681415387     
   291.000000000000000000000000000000000        0.27743007767684963     
   292.000000000000000000000000000000000        0.27364149395122767     
   293.000000000000000000000000000000000        0.26971321642120921     
   294.000000000000000000000000000000000        0.26565064592009952     
   295.000000000000000000000000000000000        0.26145772631952480     
   296.000000000000000000000000000000000        0.25714052021903766     
   297.000000000000000000000000000000000        0.25270382729228319     
   298.000000000000000000000000000000000        0.24815347502184487     
   299.000000000000000000000000000000000        0.24349416745776958     
   300.000000000000000000000000000000000        0.23873276382262468     
   301.000000000000000000000000000000000        0.23387361535524728     
   302.000000000000000000000000000000000        0.22892406006707630     
   303.000000000000000000000000000000000        0.22388904135049123     
   304.000000000000000000000000000000000        0.21877578502770481     
   305.000000000000000000000000000000000        0.21358908928687373     
   306.000000000000000000000000000000000        0.20833667301005124     
   307.000000000000000000000000000000000        0.20302393949853276     
   308.000000000000000000000000000000000        0.19765785365426317     
   309.000000000000000000000000000000000        0.19224506433568073     
   310.000000000000000000000000000000000        0.18679182653378160     
   311.000000000000000000000000000000000        0.18130497739798473     
   312.000000000000000000000000000000000        0.17579117663802166     
   313.000000000000000000000000000000000        0.17025697769198550     
   314.000000000000000000000000000000000        0.16470927866471688     
   315.000000000000000000000000000000000        0.15915488996487073     
   316.000000000000000000000000000000000        0.15360009737487557     
   317.000000000000000000000000000000000        0.14805280247489808     
   318.000000000000000000000000000000000        0.14251855209465542     
   319.000000000000000000000000000000000        0.13700480347954791     
   320.000000000000000000000000000000000        0.13151757930267699     
   321.000000000000000000000000000000000        0.12606471772225111     
   322.000000000000000000000000000000000        0.12065175020608147     
   323.000000000000000000000000000000000        0.11528584420415165     
   324.000000000000000000000000000000000        0.10997321042799107     
   325.000000000000000000000000000000000        0.10472069651642762     
   326.000000000000000000000000000000000         9.9534392749971751E-002
   327.000000000000000000000000000000000         9.4420746999537550E-002
   328.000000000000000000000000000000000         8.9385840929313856E-002
   329.000000000000000000000000000000000         8.4436175974825251E-002
   330.000000000000000000000000000000000         7.9577397826508356E-002
   331.000000000000000000000000000000000         7.4815627271544088E-002
   332.000000000000000000000000000000000         7.0156822344799349E-002
   333.000000000000000000000000000000000         6.5605971238410055E-002
   334.000000000000000000000000000000000         6.1169323069510582E-002
   335.000000000000000000000000000000000         5.6852076396500285E-002
   336.000000000000000000000000000000000         5.2659367040386054E-002
   337.000000000000000000000000000000000         4.8596590843726202E-002
   338.000000000000000000000000000000000         4.4668374913408845E-002
   339.000000000000000000000000000000000         4.0879734478293253E-002
   340.000000000000000000000000000000000         3.7235123398049651E-002
   341.000000000000000000000000000000000         3.3739103050660517E-002
   342.000000000000000000000000000000000         3.0395825876774852E-002
   343.000000000000000000000000000000000         2.7209485001431988E-002
   344.000000000000000000000000000000000         2.4183644106914520E-002
   345.000000000000000000000000000000000         2.1322691975041268E-002
   346.000000000000000000000000000000000         1.8629421876269862E-002
   347.000000000000000000000000000000000         1.6107403837049891E-002
   348.000000000000000000000000000000000         1.3759637979863555E-002
   349.000000000000000000000000000000000         1.1589028948399228E-002
   350.000000000000000000000000000000000         9.5981981616703460E-003
   351.000000000000000000000000000000000         7.7895803786062166E-003
   352.000000000000000000000000000000000         6.1654504064066811E-003
   353.000000000000000000000000000000000         4.7275686602052894E-003
   354.000000000000000000000000000000000         3.4779046260241700E-003
   355.000000000000000000000000000000000         2.4179116073323771E-003
   356.000000000000000000000000000000000         1.5488756773314775E-003
   357.000000000000000000000000000000000         8.7186163760111918E-004
   358.000000000000000000000000000000000         3.8769051667900698E-004
   359.000000000000000000000000000000000         9.6950951482330410E-005
   360.000000000000000000000000000000000         2.6495151528823582E-013
