   1.00000000000000000000000000000000000         9.6952893807765651E-005
   2.00000000000000000000000000000000000         3.8769345305496474E-004
   3.00000000000000000000000000000000000         8.7186745512764252E-004
   4.00000000000000000000000000000000000         1.5488719688739672E-003
   5.00000000000000000000000000000000000         2.4179212717245491E-003
   6.00000000000000000000000000000000000         3.4779171693581244E-003
   7.00000000000000000000000000000000000         4.7275821243761146E-003
   8.00000000000000000000000000000000000         6.1654586813294819E-003
   9.00000000000000000000000000000000000         7.7895975769678230E-003
   10.0000000000000000000000000000000000         9.5982166104634677E-003
   11.0000000000000000000000000000000000         1.1589049797134010E-002
   12.0000000000000000000000000000000000         1.3759571302759765E-002
   13.0000000000000000000000000000000000         1.6107428234629965E-002
   14.0000000000000000000000000000000000         1.8629468368961944E-002
   15.0000000000000000000000000000000000         2.1322719802567114E-002
   16.0000000000000000000000000000000000         2.4183765778335302E-002
   17.0000000000000000000000000000000000         2.7209516123326075E-002
   18.0000000000000000000000000000000000         3.0395866074717282E-002
   19.0000000000000000000000000000000000         3.3739137315353912E-002
   20.0000000000000000000000000000000000         3.7235350753716076E-002
   21.0000000000000000000000000000000000         4.0879771718800445E-002
   22.0000000000000000000000000000000000         4.4668465713448305E-002
   23.0000000000000000000000000000000000         4.8596630878631066E-002
   24.0000000000000000000000000000000000         5.2659415997988103E-002
   25.0000000000000000000000000000000000         5.6852119030707256E-002
   26.0000000000000000000000000000000000         6.1169427171884339E-002
   27.0000000000000000000000000000000000         6.5606016264333364E-002
   28.0000000000000000000000000000000000         7.0156607011915645E-002
   29.0000000000000000000000000000000000         7.4815674469713184E-002
   30.0000000000000000000000000000000000         7.9577545501536770E-002
   31.0000000000000000000000000000000000         8.4436225115302410E-002
   32.0000000000000000000000000000000000         8.9385631441824376E-002
   33.0000000000000000000000000000000000         9.4420797842930046E-002
   34.0000000000000000000000000000000000         9.9534458633707495E-002
   35.0000000000000000000000000000000000        0.10472074881507810     
   36.0000000000000000000000000000000000        0.10997383790467720     
   37.0000000000000000000000000000000000        0.11528589770322600     
   38.0000000000000000000000000000000000        0.12065189003649737     
   39.0000000000000000000000000000000000        0.12606477216110507     
   40.0000000000000000000000000000000000        0.13151774420048024     
   41.0000000000000000000000000000000000        0.13700485859299197     
   42.0000000000000000000000000000000000        0.14251859437385467     
   43.0000000000000000000000000000000000        0.14805285799437928     
   44.0000000000000000000000000000000000        0.15360079537635693     
   45.0000000000000000000000000000000000        0.15915494561988830     
   46.0000000000000000000000000000000000        0.16470944041869906     
   47.0000000000000000000000000000000000        0.17025703321149285     
   48.0000000000000000000000000000000000        0.17579102084667997     
   49.0000000000000000000000000000000000        0.18130503251145558     
   50.0000000000000000000000000000000000        0.18679200572351648     
   51.0000000000000000000000000000000000        0.19224511877458797     
   52.0000000000000000000000000000000000        0.19765833882564740     
   53.0000000000000000000000000000000000        0.20302399299752760     
   54.0000000000000000000000000000000000        0.20833632931573604     
   55.0000000000000000000000000000000000        0.21358914158559644     
   56.0000000000000000000000000000000000        0.21877559693933757     
   57.0000000000000000000000000000000000        0.22388909219393280     
   58.0000000000000000000000000000000000        0.22892393049087115     
   59.0000000000000000000000000000000000        0.23387366449575595     
   60.0000000000000000000000000000000000        0.23873192069001326     
   61.0000000000000000000000000000000000        0.24349421465590693     
   62.0000000000000000000000000000000000        0.24815318246999149     
   63.0000000000000000000000000000000000        0.25270387231810404     
   64.0000000000000000000000000000000000        0.25714045862724721     
   65.0000000000000000000000000000000000        0.26145776895388673     
   66.0000000000000000000000000000000000        0.26565028021096071     
   67.0000000000000000000000000000000000        0.26971325645611471     
   68.0000000000000000000000000000000000        0.27364158692639834     
   69.0000000000000000000000000000000000        0.27743011491737485     
   70.0000000000000000000000000000000000        0.28107500439880362     
   71.0000000000000000000000000000000000        0.28457074857676390     
   72.0000000000000000000000000000000000        0.28791390091110630     
   73.0000000000000000000000000000000000        0.29110036898314862     
   74.0000000000000000000000000000000000        0.29412566218727820     
   75.0000000000000000000000000000000000        0.29698716448040424     
   76.0000000000000000000000000000000000        0.29968013771679836     
   77.0000000000000000000000000000000000        0.30220245519077876     
   78.0000000000000000000000000000000000        0.30454997154010793     
   79.0000000000000000000000000000000000        0.30672083274109857     
   80.0000000000000000000000000000000000        0.30871214629452287     
   81.0000000000000000000000000000000000        0.31052028404867427     
   82.0000000000000000000000000000000000        0.31214453883375848     
   83.0000000000000000000000000000000000        0.31358229856775127     
   84.0000000000000000000000000000000000        0.31483147610025630     
   85.0000000000000000000000000000000000        0.31589195847037199     
   86.0000000000000000000000000000000000        0.31676117970371909     
   87.0000000000000000000000000000000000        0.31743801132530830     
   88.0000000000000000000000000000000000        0.31792218129738359     
   89.0000000000000000000000000000000000        0.31821292491785630     
   90.0000000000000000000000000000000000        0.31830970063973113     
   91.0000000000000000000000000000000000        0.31821292394662787     
   92.0000000000000000000000000000000000        0.31792220486111594     
   93.0000000000000000000000000000000000        0.31743800841644071     
   94.0000000000000000000000000000000000        0.31676106543161697     
   95.0000000000000000000000000000000000        0.31589195363825973     
   96.0000000000000000000000000000000000        0.31483192397746551     
   97.0000000000000000000000000000000000        0.31358229183563846     
   98.0000000000000000000000000000000000        0.31214437006494461     
   99.0000000000000000000000000000000000        0.31052027544933941     
   100.000000000000000000000000000000000        0.30871123957406993     
   101.000000000000000000000000000000000        0.30672082231672543     
   102.000000000000000000000000000000000        0.30455036859611423     
   103.000000000000000000000000000000000        0.30220244299203103     
   104.000000000000000000000000000000000        0.29968023655865217     
   105.000000000000000000000000000000000        0.29698715056661446     
   106.000000000000000000000000000000000        0.29412570500064389     
   107.000000000000000000000000000000000        0.29110035342216556     
   108.000000000000000000000000000000000        0.28791406760372068     
   109.000000000000000000000000000000000        0.28457073144451611     
   110.000000000000000000000000000000000        0.28107484964311391     
   111.000000000000000000000000000000000        0.27743009629706211     
   112.000000000000000000000000000000000        0.27364172957650401     
   113.000000000000000000000000000000000        0.26971323643865724     
   114.000000000000000000000000000000000        0.26565047512497414     
   115.000000000000000000000000000000000        0.26145774763671115     
   116.000000000000000000000000000000000        0.25714018059643040     
   117.000000000000000000000000000000000        0.25270384980526861     
   118.000000000000000000000000000000000        0.24815301187885486     
   119.000000000000000000000000000000000        0.24349419105669087     
   120.000000000000000000000000000000000        0.23873268113099219     
   121.000000000000000000000000000000000        0.23387363992555404     
   122.000000000000000000000000000000000        0.22892405885919889     
   123.000000000000000000000000000000000        0.22388906677215897     
   124.000000000000000000000000000000000        0.21877514530980743     
   125.000000000000000000000000000000000        0.21358911543626427     
   126.000000000000000000000000000000000        0.20833657521761778     
   127.000000000000000000000000000000000        0.20302396624798366     
   128.000000000000000000000000000000000        0.19765786043265895     
   129.000000000000000000000000000000000        0.19224509155523645     
   130.000000000000000000000000000000000        0.18679168607505212     
   131.000000000000000000000000000000000        0.18130500495470056     
   132.000000000000000000000000000000000        0.17579100566034592     
   133.000000000000000000000000000000000        0.17025700545179712     
   134.000000000000000000000000000000000        0.16470914203244583     
   135.000000000000000000000000000000000        0.15915491779234331     
   136.000000000000000000000000000000000        0.15360042692026710     
   137.000000000000000000000000000000000        0.14805283023470905     
   138.000000000000000000000000000000000        0.14251827422948526     
   139.000000000000000000000000000000000        0.13700483103622352     
   140.000000000000000000000000000000000        0.13151787053628911     
   141.000000000000000000000000000000000        0.12606474494170247     
   142.000000000000000000000000000000000        0.12065147923622470     
   143.000000000000000000000000000000000        0.11528587095364619     
   144.000000000000000000000000000000000        0.10997319186752454     
   145.000000000000000000000000000000000        0.10472072266576936     
   146.000000000000000000000000000000000         9.9534752133157114E-002
   147.000000000000000000000000000000000         9.4420772421212454E-002
   148.000000000000000000000000000000000         8.9385996154978331E-002
   149.000000000000000000000000000000000         8.4436200545080622E-002
   150.000000000000000000000000000000000         7.9577405820635022E-002
   151.000000000000000000000000000000000         7.4815650870600978E-002
   152.000000000000000000000000000000000         7.0156597279476554E-002
   153.000000000000000000000000000000000         6.5605993751412225E-002
   154.000000000000000000000000000000000         6.1169405809330543E-002
   155.000000000000000000000000000000000         5.6852097713588887E-002
   156.000000000000000000000000000000000         5.2659532085675503E-002
   157.000000000000000000000000000000000         4.8596610861227386E-002
   158.000000000000000000000000000000000         4.4668385833509378E-002
   159.000000000000000000000000000000000         4.0879753098527184E-002
   160.000000000000000000000000000000000         3.7235127179470612E-002
   161.000000000000000000000000000000000         3.3739120183016370E-002
   162.000000000000000000000000000000000         3.0395965506401033E-002
   163.000000000000000000000000000000000         2.7209500562364965E-002
   164.000000000000000000000000000000000         2.4183879061018501E-002
   165.000000000000000000000000000000000         2.1322705888795822E-002
   166.000000000000000000000000000000000         1.8629517691425485E-002
   167.000000000000000000000000000000000         1.6107416035813348E-002
   168.000000000000000000000000000000000         1.3759654916788759E-002
   169.000000000000000000000000000000000         1.1589039372760975E-002
   170.000000000000000000000000000000000         9.5981120808693414E-003
   171.000000000000000000000000000000000         7.7895889777790063E-003
   172.000000000000000000000000000000000         6.1653796085477672E-003
   173.000000000000000000000000000000000         4.7275753922929615E-003
   174.000000000000000000000000000000000         3.4778610834217951E-003
   175.000000000000000000000000000000000         2.4179164395247265E-003
   176.000000000000000000000000000000000         1.5488947776949506E-003
   177.000000000000000000000000000000000         8.7186454636655007E-004
   178.000000000000000000000000000000000         3.8768938712914930E-004
   179.000000000000000000000000000000000         9.6951922642568331E-005
   180.000000000000000000000000000000000         2.3927899143868022E-015
   181.000000000000000000000000000000000         9.6953864975389117E-005
   182.000000000000000000000000000000000         3.8769615211757541E-004
   183.000000000000000000000000000000000         8.7187036390253740E-004
   184.000000000000000000000000000000000         1.5488896530594025E-003
   185.000000000000000000000000000000000         2.4179261039227883E-003
   186.000000000000000000000000000000000         3.4779232433890311E-003
   187.000000000000000000000000000000000         4.7275888564764787E-003
   188.000000000000000000000000000000000         6.1653955807681538E-003
   189.000000000000000000000000000000000         7.7896061761441402E-003
   190.000000000000000000000000000000000         9.5982653190356572E-003
   191.000000000000000000000000000000000         1.1589060221540059E-002
   192.000000000000000000000000000000000         1.3759679706954324E-002
   193.000000000000000000000000000000000         1.6107440433404629E-002
   194.000000000000000000000000000000000         1.8629510624486808E-002
   195.000000000000000000000000000000000         2.1322733716336292E-002
   196.000000000000000000000000000000000         2.4183900628031368E-002
   197.000000000000000000000000000000000         2.7209531684298356E-002
   198.000000000000000000000000000000000         3.0395878363254292E-002
   199.000000000000000000000000000000000         3.3739154447694202E-002
   200.000000000000000000000000000000000         3.7235216690644966E-002
   201.000000000000000000000000000000000         4.0879790339006961E-002
   202.000000000000000000000000000000000         4.4668332100017694E-002
   203.000000000000000000000000000000000         4.8596650896109324E-002
   204.000000000000000000000000000000000         5.2659564720845375E-002
   205.000000000000000000000000000000000         5.6852140347858043E-002
   206.000000000000000000000000000000000         6.1169481869866704E-002
   207.000000000000000000000000000000000         6.5606038777281522E-002
   208.000000000000000000000000000000000         7.0156662148067692E-002
   209.000000000000000000000000000000000         7.4815698068802242E-002
   210.000000000000000000000000000000000         7.9577419489068824E-002
   211.000000000000000000000000000000000         8.4436249685638454E-002
   212.000000000000000000000000000000000         8.9386028872368781E-002
   213.000000000000000000000000000000000         9.4420823264653952E-002
   214.000000000000000000000000000000000         9.9534415792568054E-002
   215.000000000000000000000000000000000        0.10472077496446737     
   216.000000000000000000000000000000000        0.10997320722398626     
   217.000000000000000000000000000000000        0.11528592445275562     
   218.000000000000000000000000000000000        0.12065191781012101     
   219.000000000000000000000000000000000        0.12606479938055953     
   220.000000000000000000000000000000000        0.13151793269167369     
   221.000000000000000000000000000000000        0.13700488614965567     
   222.000000000000000000000000000000000        0.14251875553952378     
   223.000000000000000000000000000000000        0.14805288575416906     
   224.000000000000000000000000000000000        0.15360045745587400     
   225.000000000000000000000000000000000        0.15915497344740287     
   226.000000000000000000000000000000000        0.16470939669693732     
   227.000000000000000000000000000000000        0.17025706097127477     
   228.000000000000000000000000000000000        0.17579129792227371     
   229.000000000000000000000000000000000        0.18130506006812078     
   230.000000000000000000000000000000000        0.18679218960492042     
   231.000000000000000000000000000000000        0.19224514599410331     
   232.000000000000000000000000000000000        0.19765822198974653     
   233.000000000000000000000000000000000        0.20302401974705089     
   234.000000000000000000000000000000000        0.20833678060020488     
   235.000000000000000000000000000000000        0.21358916773495806     
   236.000000000000000000000000000000000        0.21877569397829039     
   237.000000000000000000000000000000000        0.22388911761565716     
   238.000000000000000000000000000000000        0.22892409916605738     
   239.000000000000000000000000000000000        0.23387368906604827     
   240.000000000000000000000000000000000        0.23873258721763160     
   241.000000000000000000000000000000000        0.24349423825494360     
   242.000000000000000000000000000000000        0.24815333383550459     
   243.000000000000000000000000000000000        0.25270389483108591     
   244.000000000000000000000000000000000        0.25714069380851284     
   245.000000000000000000000000000000000        0.26145779027091576     
   246.000000000000000000000000000000000        0.26565046953501026     
   247.000000000000000000000000000000000        0.26971327647356746     
   248.000000000000000000000000000000000        0.27364127441482183     
   249.000000000000000000000000000000000        0.27743013353764145     
   250.000000000000000000000000000000000        0.28107463883762457     
   251.000000000000000000000000000000000        0.28457076570916617     
   252.000000000000000000000000000000000        0.28791382712028318     
   253.000000000000000000000000000000000        0.29110038454416481     
   254.000000000000000000000000000000000        0.29412591213030348     
   255.000000000000000000000000000000000        0.29698717839416133     
   256.000000000000000000000000000000000        0.29968028227967558     
   257.000000000000000000000000000000000        0.30220246738957851     
   258.000000000000000000000000000000000        0.30455036771951444     
   259.000000000000000000000000000000000        0.30672084316541026     
   260.000000000000000000000000000000000        0.30871133367868653     
   261.000000000000000000000000000000000        0.31052029264785752     
   262.000000000000000000000000000000000        0.31214402806996450     
   263.000000000000000000000000000000000        0.31358230529974607     
   264.000000000000000000000000000000000        0.31483175650626305     
   265.000000000000000000000000000000000        0.31589196330251851     
   266.000000000000000000000000000000000        0.31676088667310637     
   267.000000000000000000000000000000000        0.31743801423401924     
   268.000000000000000000000000000000000        0.31792196885800944     
   269.000000000000000000000000000000000        0.31821292588897820     
   270.000000000000000000000000000000000        0.31830976115105997     
   271.000000000000000000000000000000000        0.31821292297545850     
   272.000000000000000000000000000000000        0.31792195899505454     
   273.000000000000000000000000000000000        0.31743800550773904     
   274.000000000000000000000000000000000        0.31676111347280522     
   275.000000000000000000000000000000000        0.31589194880607535     
   276.000000000000000000000000000000000        0.31483217061873942     
   277.000000000000000000000000000000000        0.31358228510351321     
   278.000000000000000000000000000000000        0.31214460145471695     
   279.000000000000000000000000000000000        0.31052026685027656     
   280.000000000000000000000000000000000        0.30871186447942744     
   281.000000000000000000000000000000000        0.30672081189232198     
   282.000000000000000000000000000000000        0.30455053843349095     
   283.000000000000000000000000000000000        0.30220243079320386     
   284.000000000000000000000000000000000        0.29968056127075648     
   285.000000000000000000000000000000000        0.29698713665281323     
   286.000000000000000000000000000000000        0.29412608466023271     
   287.000000000000000000000000000000000        0.29110033786123957     
   288.000000000000000000000000000000000        0.28791416610064252     
   289.000000000000000000000000000000000        0.28457071431205350     
   290.000000000000000000000000000000000        0.28107460195402967     
   291.000000000000000000000000000000000        0.27743007767684891     
   292.000000000000000000000000000000000        0.27364148618485318     
   293.000000000000000000000000000000000        0.26971321642120710     
   294.000000000000000000000000000000000        0.26565062366663705     
   295.000000000000000000000000000000000        0.26145772631953029     
   296.000000000000000000000000000000000        0.25714051627285711     
   297.000000000000000000000000000000000        0.25270382729228180     
   298.000000000000000000000000000000000        0.24815345559221397     
   299.000000000000000000000000000000000        0.24349416745776270     
   300.000000000000000000000000000000000        0.23873273448974633     
   301.000000000000000000000000000000000        0.23387361535525050     
   302.000000000000000000000000000000000        0.22892404300125754     
   303.000000000000000000000000000000000        0.22388904135049217     
   304.000000000000000000000000000000000        0.21877575535789495     
   305.000000000000000000000000000000000        0.21358908928687773     
   306.000000000000000000000000000000000        0.20833665830242393     
   307.000000000000000000000000000000000        0.20302393949852734     
   308.000000000000000000000000000000000        0.19765786130333926     
   309.000000000000000000000000000000000        0.19224506433568422     
   310.000000000000000000000000000000000        0.18679182875582886     
   311.000000000000000000000000000000000        0.18130497739798276     
   312.000000000000000000000000000000000        0.17579117183911197     
   313.000000000000000000000000000000000        0.17025697769198522     
   314.000000000000000000000000000000000        0.16470928153444478     
   315.000000000000000000000000000000000        0.15915488996486701     
   316.000000000000000000000000000000000        0.15360012442730892     
   317.000000000000000000000000000000000        0.14805280247489910     
   318.000000000000000000000000000000000        0.14251856072545277     
   319.000000000000000000000000000000000        0.13700480347954719     
   320.000000000000000000000000000000000        0.13151760490082534     
   321.000000000000000000000000000000000        0.12606471772225158     
   322.000000000000000000000000000000000        0.12065175581347662     
   323.000000000000000000000000000000000        0.11528584420415165     
   324.000000000000000000000000000000000        0.10997321782142964     
   325.000000000000000000000000000000000        0.10472069651642806     
   326.000000000000000000000000000000000         9.9534393474879607E-002
   327.000000000000000000000000000000000         9.4420746999534483E-002
   328.000000000000000000000000000000000         8.9385849757373598E-002
   329.000000000000000000000000000000000         8.4436175974825639E-002
   330.000000000000000000000000000000000         7.9577399850423294E-002
   331.000000000000000000000000000000000         7.4815627271542992E-002
   332.000000000000000000000000000000000         7.0156804679161078E-002
   333.000000000000000000000000000000000         6.5605971238411429E-002
   334.000000000000000000000000000000000         6.1169323851844759E-002
   335.000000000000000000000000000000000         5.6852076396497746E-002
   336.000000000000000000000000000000000         5.2659373885389459E-002
   337.000000000000000000000000000000000         4.8596590843727673E-002
   338.000000000000000000000000000000000         4.4668378294905803E-002
   339.000000000000000000000000000000000         4.0879734478292309E-002
   340.000000000000000000000000000000000         3.7235125258812535E-002
   341.000000000000000000000000000000000         3.3739103050661801E-002
   342.000000000000000000000000000000000         3.0395828216892566E-002
   343.000000000000000000000000000000000         2.7209485001430726E-002
   344.000000000000000000000000000000000         2.4183660673333666E-002
   345.000000000000000000000000000000000         2.1322691975041365E-002
   346.000000000000000000000000000000000         1.8629423482955938E-002
   347.000000000000000000000000000000000         1.6107403837049342E-002
   348.000000000000000000000000000000000         1.3759638537180832E-002
   349.000000000000000000000000000000000         1.1589028948399102E-002
   350.000000000000000000000000000000000         9.5981982040172741E-003
   351.000000000000000000000000000000000         7.7895803786060848E-003
   352.000000000000000000000000000000000         6.1654449990388663E-003
   353.000000000000000000000000000000000         4.7275686602053233E-003
   354.000000000000000000000000000000000         3.4779047193835631E-003
   355.000000000000000000000000000000000         2.4179116073322826E-003
   356.000000000000000000000000000000000         1.5488757947803818E-003
   357.000000000000000000000000000000000         8.7186163760119789E-004
   358.000000000000000000000000000000000         3.8769044661092500E-004
   359.000000000000000000000000000000000         9.6950951482315854E-005
   360.000000000000000000000000000000000         2.2024138540195263E-013
