  0.999847695147914917436295809816708503         1.74524069228916522111858362661472825E-0002   3.2432925378416675E-003
  0.999390826985195607062940344733949867         3.48994976732734650543199355116778597E-0002   2.1752206492921348E-005
  0.998629534678317959575930634653532630         5.23359576979933347010847229643908543E-0002   5.9802547355548353E-004
  0.997564050124306359998034308801778905         6.97564756821213563218625214301280068E-0002   3.9630352943298228E-003
  0.996194697880095603682926241748623404         8.71557451668278936386270310571450901E-0002   1.6118358312918277E-003
  0.994521895063667704420800297768033939        0.104528466165782433211610649421396275         3.5824739852530290E-003
  0.992546151226993709333092441413208729        0.121869346779580852682922376352230995         1.0937890324550054E-003
  0.990268068200819223712492530780934597        0.139173104807709332764532367226833470         4.4170881557269023E-003
  0.987688339911340925643606204916342617        0.156434469357553893120259492662607705         1.1353925341561462E-004
  0.984807752168829912516915709132503467        0.173648182449965432223029917685344183         2.5472943781755675E-003
  0.981627182428266266815926520141163052        0.190809000620891200495589821455546190         1.9215049154775793E-003
  0.978147599522057754211603911383746369        0.207911696518584834245449239277322772         2.3326158078270714E-003
  0.974370063364924070442403128833205970        0.224951060495908424718122484241955261         1.5217649231690576E-003
  0.970295724631036532102147006761086347        0.241921902197241591606461299096606006         2.1853053819430855E-004
  0.965925824403511557719028416108127217        0.258819052139514173112654109540862306         1.2873242955123829E-003
  0.961261693796364706812775784908442687        0.275637363286880934662888232987779580         1.2831551524425666E-003
  0.956304753549040433398307213378131037        0.292371712618558635077489228591117500         3.0387785298916299E-003
  0.951056513593641064107708239521554345        0.309017002689347871811624282783598521         3.5009465174013917E-003
  0.945518572594986827183480939668289878        0.325568163182364355168939779460548979         2.5556843769818957E-003
  0.939692617463647034521568764658005063        0.342020152453506634474039075120798356         4.0362983174616817E-003
  0.933580422842090752191735080873594442        0.358367959067189816346630712909402387         1.3807642556704129E-004
  0.927183850564113482927536241325845349        0.374606603322877475683739439560022666         1.2403877884805952E-003
  0.920504849087704524464218200836928732        0.390731138771946762916169417092700791         4.1851774530728852E-004
  0.913545452901527757830738612901007897        0.406736653724424655707632192211788518         5.2334756072107049E-003
  0.906307781905196657307412084977758557        0.422618272745136388612646888569974634         4.8956841916885058E-004
  0.898794040763532296295062252426935959        0.438371158138810319362659871811427989         1.3782040526099197E-003
  0.891006518235001048373483121176722727        0.453990511423686854426402799844792841         8.0601385649925266E-004
  0.882947586474536547942422097213732668        0.469471574793182558265611602795640042         2.1450439820686301E-003
  0.874619700310958277641407788793682377        0.484809632565164209214189860160204984         1.1739345371030356E-003
  0.866025396499206887858747487660304177        0.500000012618391339039393727839959910         1.9692064487886144E-004
  0.857167292947624024707807591596534761        0.515038087815689701848005241798750175         9.6801927297333057E-003
  0.848048087920512044533583432635970605        0.529919277413422159888147661194031745         3.9121893597381902E-005
  0.838670559216216522999016036720943833        0.544639048456827647737182299415017223         1.2258134641230790E-003
  0.829037563320981922794815316243169524        0.559192917160803181086588463141025327         1.9063983114074486E-003
  0.819152034538838163747533868124502548        0.573576450275708310524607050795673959         1.8040699564726573E-004
  0.809016984097783140320365244792817499        0.587785266437775983026026785361160985         1.6458765407418579E-003
  0.798635499232533451985592901637715485        0.601815037503718462896086499932934015         2.7633068944936776E-003
  0.788010742244122749497361369301249354        0.615661489869121778253731003152362160         2.8618472996295333E-003
  0.777145949536634152534312636040838538        0.629320405770227097311897671348325631         1.2082804831188947E-003
  0.766044430631360159365386326869041164        0.642787624568702499214910798874101956         5.7583560603925851E-004
  0.754709567158690344997059468943269205        0.656059044019013785483942748762286364         2.6189674453986956E-003
  0.743144811828033928592063516710382069        0.669130621518008278622593599648899039         5.3054613842204077E-004
  0.731353687376090981741589584626622846        0.681998375336330972531360212151384108         3.2296961237267448E-003
  0.719339785493792644387097336229376941        0.694658385831297933421706599714744784         5.7490389877464460E-003
  0.707106765732237212815112488622781470        0.707106796640857498221887306863920064         2.1227223515907540E-003
  0.694658354387955362209592090680784153        0.719339815858275578307086741171830944         1.5803467166720022E-004
  0.681998343367844062792644093841188120        0.731353717187187248011012180630929571         7.2929579852388702E-004
  0.669130589034114941697619178744654981        0.743144841076662777996262660780988522         1.6676445732029981E-003
  0.656059011029608930512365939840951499        0.754709595835942361354835190747863622         1.8700490543009781E-003
  0.642787591083835019050354303156128041        0.766044458728499973423622612943820500         1.0193991797460102E-003
  0.629320371800096807531671597000179486        0.777145977045103102846221438615669219         3.5421447193909410E-003
  0.615661455424076310196027270612443722        0.788010769155541489473814005004364656         2.6772871620001537E-003
  0.601815002594250111671058053340791512        0.798635525538704502325405705266155607         7.2947126065242964E-004
  0.587785231074518511460878022799047427        0.809017009790693386042044443920646159         2.0381992529988967E-003
  0.573576414469433710016244813858093648        0.819152059610661295061859577439034968         1.3918689471013493E-003
  0.559192880922418390348509301577911528        0.829037587764080819074751175881631405         3.2999697127481286E-003
  0.544639011797371230440097550826292188        0.838670583023145579120764125682050594         2.5682070833237388E-003
  0.529919240344060942206369252116997182        0.848048111084019438880158396730344051         4.0186701967048211E-003
  0.515038050347715370935828210895342911        0.857167315460653928144274088163964237         1.4042553113560852E-004
  0.499999974763217003473612574031312448        0.866025418354901613006245653456597576         3.7458948024983983E-004
  0.484809594334320922450471303279985708        0.874619721502660367795277005968712453         2.5826468126623923E-003
  0.469471536198315806167712682590221808        0.882947606995790804998118325664629469         1.1345646677389588E-003
  0.453990472476553007938166999101461251        0.891006538079556499142563883518592460         1.1735574352772014E-003
  0.438371118851273053403341797470108670        0.898794059925344096612280341089766662         2.1552121724196017E-003
  0.422618233129163068286404746569758166        0.906307800378427933348908492907082764         5.6049400160192164E-003
  0.406736613792082690927983713502442018        0.913545470680551384082451297830557278         5.6563536955221651E-004
  0.390731098535399932555828000880699691        0.920504866167104837798920252115695941         1.9034368286383310E-003
  0.374606562794382222369530144775359981        0.927183866938687932268378949778684890         1.2406217269427945E-003
  0.358367918259091513028127522422806550        0.933580438506851483259792387860543962         1.3624076326547282E-003
  0.342020111378235823903162855653924355        0.939692632413822409184653609633304215         1.4862721461598794E-003
  0.325568121852432963436007944380443980        0.945518586826022876943425112760176529         6.2845039671602715E-003
  0.309016961117345397091245821544652191        0.951056527101202877283359408801845980         4.9934847973554438E-005
  0.292371670817148312745250088256908034        0.956304766329013475581693724467230186         1.2241058897649057E-003
  0.275637321268795879950969723825851233        0.961261705844856074196215471186490128         1.6824425355967234E-003
  0.258819009917553502479368865650354063        0.965925835716851162911405819689174388         7.2502342818560762E-004
  0.241921859784266524001175272305156874        0.970295735205778222073147864825840235         2.1885086126915828E-003
  0.224951017904838363929155510021169235        0.974370073197846676254169462774723196         1.1562991348219042E-003
  0.207911653762393433524309021727036186        0.978147608610166072218051269851313107         6.5802198722209543E-003
  0.190808957712602410656292985241170372        0.981627190768791971030840542224990171         1.1939890292939211E-003
  0.173648139402649534420297423652525326        0.984807759759232397872911831700827969         1.4203880935997912E-003
  0.156434426184323517515040677401082500        0.987688346749308081885087651849642382         5.0203603669613276E-004
  0.139173061521715464289610723508270186        0.990268074284268139686871279110781512         5.0258937107764822E-004
  0.121869303394008825125285631651573561        0.992546156554071307465739223897621079         4.9870905651485580E-004
  0.104528422693847912831826526702142082        0.994521899632751305180456415079662049         7.9270301276936350E-003
   8.71557016217728535506532056048487543E-0002  0.996194701689793419865635542169368312         1.8201868035810837E-003
   6.97564320772100428595337489246219696E-0002  0.997564053173457920679031653127443213         1.2096187006087121E-003
   5.23359140465082269999610498775049731E-0002  0.998629536965994463600346986980825924         1.5082374606521307E-004
   3.48994539885112290796465697708555039E-0002  0.999390828510700205967647790025240419         7.3309083659196870E-004
   1.74523632181590904644070244085130707E-0002  0.999847695910782927716711758728444791         1.5428027903840926E-003
  -4.37113900018624143885728940026521501E-0008  0.999999999999999044657192052540821985         5.0091721920979826E-003
  -1.74524506276241806119017778098082272E-0002  0.999847694385044996761270656096586605         1.9337034813001945E-003
  -3.48995413580356343470250949707193639E-0002  0.999390825459689098636555121502399173         3.0681835593967853E-003
  -5.23360013494783424046468284104885246E-0002  0.998629532390639547484426764628560154         3.7859019313710369E-004
  -6.97565192870325365014965925826954028E-0002  0.997564047075152893285755458086610835         6.7885229066857815E-004
  -8.71557887118827671993722236483335740E-0002  0.996194694070395884085337071045292433         1.6067268573135968E-003
 -0.104528509637716753870358017621507014        0.994521890494582203442464589751114551         3.3455038998632652E-003
 -0.121869390165152647386551210798062137        0.992546145899914214756791397649546299         1.9652111545934779E-003
 -0.139173148093702935323404535419267226        0.990268062117368415647159991097794025         7.0587801925325929E-003
 -0.156434512530783969828387876291539572        0.987688333073371882240220702253135526         7.1744508914741518E-004
 -0.173648225497280998238677978272808628        0.984807744578425545502913095773279027         8.6662865056014256E-006
 -0.190809043529179625758873788048559444        0.981627174087738687020074860912026163         3.5334331418388116E-004
 -0.207911739274775837712701542457992734        0.978147590433947567272607923977311738         2.6554434586197237E-003
 -0.224951103086978055696333888622914729        0.974370053531999602915772164911116483         8.1927667922667737E-003
 -0.241921944610216196975048627681302229        0.970295714056292988201061931838193202         2.6247010496259367E-003
 -0.258819094361474349224099310904746239        0.965925813090170106946072303296840415         1.2050097482921506E-003
 -0.275637405304965462718461506704251945        0.961261681747871502760444651130875874         9.2828363763005945E-004
 -0.292371754419968398779302574082548372        0.956304740769065564017183684202600870         2.6312485791434078E-003
 -0.309017044261349756097660638524264467        0.951056500086077433762056643701394497         1.1876451776952490E-002
 -0.325568204512295124843465228667533566        0.945518558363948970834800547839924837         8.7934046327912633E-003
 -0.342020193528776791551929655485476887        0.939692602513469864401316369246359316         2.1199023156386891E-003
 -0.358367999875287434936629316097532902        0.933580407177328237344992568408170917         2.6136161297467190E-003
 -0.374606643851372013242500146069166614        0.927183834189537262029846969957891286         1.0093591985781376E-002
 -0.390731179008492846712144299504787931        0.920504832008302452334141636158566954         1.8607334041833214E-003
 -0.406736693656765843341406942430673712        0.913545435122502386080869602813765279         1.0178115940993769E-002
 -0.422618312361108901448234282082682232        0.906307763431963649596673217160417263         7.4885451995748108E-003
 -0.438371197426346747732511667131300789        0.898794021601718778664998824812044710         2.2502767757128480E-003
 -0.453990550370819833481498670572039223        0.891006498390443895171064298605071911         9.0132803332057167E-003
 -0.469471613388048413350925494131814184        0.882947565953280603851472802731287357         8.4665918166582626E-003
 -0.484809670796006569659117027480580206        0.874619679119254516364257809146419965         1.3806870244085096E-004
 -0.500000050473564719262342824410602097        0.866025374643510508008981231136027207         9.2499900465379536E-003
 -0.515038125283663048684316245240033897        0.857167270434592483494124044418188262         3.0788407222465709E-003
 -0.529919314482782365060785131016448908        0.848048064757003029833725291630169462         1.0799822478499848E-003
 -0.544639085116283024400271306847725348        0.838670535409285864441493978787573693         1.7811289276991008E-003
 -0.559192953399186903382804295238852895        0.829037538877881442484732182631986857         4.5020930663579230E-003
 -0.573576486081981815108696129870507521        0.819152009467013467291198534394539664         3.3638991720833875E-003
 -0.587785301801032331518321730302586816        0.809016958404871348821571515342839912         8.9543589198424556E-004
 -0.601815072413185664241779358909376320        0.798635472926360875704419371350500556         2.4608345056539764E-003
 -0.615661524314166069975881782326297925        0.788010715332702503880118357074700178         8.4033267534866399E-004
 -0.629320439740356184658676651370178823        0.777145922028163717340816602821041611         4.6977860789673008E-005
 -0.642787658053568751214398955909187037        0.766044402534218881637075297041815062         9.9362797363475438E-004
 -0.656059077008417386932940972782913692        0.754709538481436886626569598749165221         2.0939842264264170E-002
 -0.669130654001900337049314331267985916        0.743144782579403659271761885879561337         5.4758512200802061E-003
 -0.681998407304816579185590511630339040        0.731353657564993318085196387416342878         2.4469826316563859E-003
 -0.694658417274639177360035340105386592        0.719339755129308336034926847361267119         2.4895600759362093E-004
 -0.707106827549476432569876881885463569        0.707106734823615576349611483818234243         1.6517972108306030E-003
 -0.719339846222757137794837045207853301        0.694658322944611463723751891345871284         1.9023040934610476E-003
 -0.731353746998282116893407215796433056        0.681998311399355849969503238427851457         6.4549905204406444E-003
 -0.743144870325290207484303433156953262        0.669130556550220326274453135063000843         1.0420335202176725E-003
 -0.754709624513192935699841970950017312        0.656058978040202822018273578400242520         1.3011025528584407E-004
 -0.766044486825638323811730470465262438        0.642787557598966310720793447809909758         2.0378281172737048E-003
 -0.777146004553570568276490450509594855        0.629320337829965315318063334565054987         1.8782907914248977E-003
 -0.788010796066958723809424844923356445        0.615661420979029665802836398359457273         5.4639302457927842E-003
 -0.798635551844874026723807519413185981        0.601814967684780610566760720151986025         1.2917507174719286E-002
 -0.809017035483602085986560021652288684        0.587785195711259916822943010683628365         2.7595727762913663E-003
 -0.819152084682482861234127757966315687        0.573576378663158013583677833591604651         5.3069381407109032E-004
 -0.829037612207178131324493058469903539        0.559192844684032531168636050710074555         4.5178497709751778E-003
 -0.838670606830073032806692758113987868        0.544638975137913772509087105777613159         1.4176691015425907E-004
 -0.848048134247525212873405925732897674        0.529919203274698712015520731680614438         3.1286734892174949E-003
 -0.857167337973682193803480518798070118        0.515038012879740055947856742049422680         8.4678890057639862E-004
 -0.866025440210594683451433969163370496        0.499999936908041712565071692321749891         5.2790079049656376E-003
 -0.874619742694360786825824969991150130        0.484809556103476709368034403962274223         2.5715122631134518E-003
 -0.882947627517043375018522278418648851        0.469471497603448157057302476172309862         2.3102783046488637E-003
 -0.891006557924110247478268668924027410        0.453990433529418294016865684070465369         6.6442479937571658E-003
 -0.898794079087154179616616478602355388        0.438371079563734949854632510239680987         2.5865966377110030E-003
 -0.906307818851657477721127144411111829        0.422618193513188940469583549752415466         1.1807277674868799E-003
 -0.913545488459573264835973687477705978        0.406736573859739949002537804454035319         9.0166860964670369E-003
 -0.920504883246503392338215156630361796        0.390731058298852355631196930260047114         1.9029505437158578E-003
 -0.927183883313260610052343808652543520        0.374606522265886253299949698928092646         1.1831704338653381E-003
 -0.933580454171610430549134558936014177        0.358367877450992524981197716084185471         4.5115859546249605E-004
 -0.939692647363995988390542339087213012        0.342020070302964359839379479013961975         5.7037976786595713E-003
 -0.945518601057057120114605876079705373        0.325568080522500949644748691932634387         2.0882895411889319E-003
 -0.951056540608762873288984342838206917        0.309016919545342331936604685834577763         6.1723445937374437E-004
 -0.956304779108984690567318798959234947        0.292371629015737431782665022433347317         1.1285088097931925E-002
 -0.961261717893345604910740689085869402        0.275637279250710298582786262569188039         1.4660775849703112E-004
 -0.965925847030188922523182897804730472        0.258818967695592337324324252126149805         3.9020171314737510E-004
 -0.970295745780518058114044301025616119        0.241921817371290994159271585168344221         3.5293139705601870E-003
 -0.974370083030767420351052379111883006        0.224950975313767873329514344105486927         5.4813021289804049E-003
 -0.978147617698272521291932634862173031        0.207911611006201635549362583447032822         3.8109998077219149E-005
 -0.981627199109315799664800991041015508        0.190808914804313256241065263655625818         6.6850633073133948E-004
 -0.984807767349633001570886960605404995        0.173648096355333304830562746061640450         1.2335096324896381E-002
 -0.987688353587273350964651977847547295        0.156434383011092843012813920977234369         9.4115447171599909E-004
 -0.990268080367715163570284612528996076        0.139173018235721329898722310189432012         1.1373104566784419E-003
 -0.992546161881147009154721566732241875        0.121869260008436564713723872884499872         2.1407862384967488E-003
 -0.994521904201833005721424211603684926        0.104528379221913192731088710663727642         5.8860011749085651E-003
 -0.996194705499489332633457693172708839         8.71556580767176469355339482017533676E-0002   2.1599268323346392E-004
 -0.997564056222607575328741665093576202         6.97563884722985961145935903430059321E-0002   3.3233737179903374E-003
 -0.998629539253669059557671450579849848         5.23358703950230193013592134145386271E-0002   3.3559966820764409E-003
 -0.999390830036202895350674542616576452         3.48994103037489264230884655950907440E-0002   1.5541774793142095E-003
 -0.999847696673649027602517045230861294         1.74523195134264953716488482407574735E-0002   7.1400526076614767E-003
 -0.999999999999996178628768210165113239        -8.74227800037247452584216606738406438E-0008   1.8177057596183727E-004
 -0.999847693622173165691637755172663386        -1.74524943323566756664713430357069651E-0002   5.9964877675300786E-003
 -0.999390823934180680688495035093930618        -3.48995850427977369576785803012697396E-0002   1.8177057596189126E-004
 -0.998629530102959227325839747940144280        -5.23360450009632501105639619512813261E-0002   7.1400526076618167E-003
 -0.997564044025997520542200926955608589        -6.97565628919435833983526471057494744E-0002   1.5541774793143334E-003
 -0.996194690260694261072875309197830449        -8.71558322569374742328055824684243031E-0002   3.3559966820763988E-003
 -0.994521885925494802245458021114848219       -0.104528553109650874807985570102872678         3.3233737179902334E-003
 -0.992546140572832823736846270980798804       -0.121869433550724209236089238801101084         2.1599268323340575E-004
 -0.990268056033915715490885283623313847       -0.139173191379696271966144522160225719         5.8860011749084368E-003
 -0.987688326235400951674944209069114075       -0.156434555704013747639343337818178847         2.1407862384965480E-003
 -0.984807736988019296830918494499597801       -0.173648268544596232467159355528263367         1.1373104566786236E-003
 -0.981627165747209231643301500663655288       -0.190809086437467686446062900770713708         9.4115447171609287E-004
 -0.978147581345835511401080672153419002       -0.207911782030966443925984237629905328         1.2335096324896492E-002
 -0.974370043699073273674295358635797084       -0.224951145678047256863708345019937733         6.6850633073140388E-004
 -0.970295703481547590369912845067542005       -0.241921987023190340106856220198740156         3.8109998077207243E-005
 -0.965925801776826810592559097494091629       -0.258819136583434030813623796850022430         5.4813021289803893E-003
 -0.961261669699376462039245090736448010       -0.275637447323049464117609261625552768         3.5293139705599398E-003
 -0.956304727989088867438347555454793991       -0.292371796221377603850610255378841332         3.9020171314745880E-004
 -0.951056486578511986246430430048900602       -0.309017085833351049949275457740625666         1.4660775849704321E-004
 -0.945518544132909307897411128314412761       -0.325568245842225272459505323497169931         1.1285088097932369E-002
 -0.939692587563290898823924988486840721       -0.342020234604046295136756114820102111         6.1723445937380964E-004
 -0.933580391512563938719594780900687002       -0.358368040683384368798045360542066200         2.0882895411887515E-003
 -0.927183817814959269575342422342074688       -0.374606684379865835045734827091244765         5.7037976786594100E-003
 -0.920504814928898621408723191448477851       -0.390731219245038183943675768727125890         4.5115859546254018E-004
 -0.913545417343475268832878237696871809       -0.406736733589106253829231666009181427         1.1831704338654161E-003
 -0.906307744958728910216727185995645683       -0.422618351977080606793091233439041182         1.9029505437158051E-003
 -0.898794002439903543722126670446555651       -0.438371236713882338512822117298989223         9.0166860964675383E-003
 -0.891006478545885039535345332513546320       -0.453990589317951945103380195556437034         1.1807277674868359E-003
 -0.882947545432022972725309651885845876       -0.469471651982913371423580613943707646         2.5865966377108538E-003
 -0.874619657927549083963867557710478281       -0.484809709026848003785179758120529649         6.6442479937572369E-003
 -0.866025352787812473456988643248464792       -0.500000088328737144142387534407974225         2.3102783046490931E-003
 -0.857167247921559304503266461954460464       -0.515038162751635411444689631701463789         2.5715122631133980E-003
 -0.848048041593492394780628231896428872       -0.529919351552141557724210833690914242         5.2790079049656585E-003
 -0.838670511602353603448243439441908219       -0.544639121775737360429294528430341785         8.4678890057648438E-004
 -0.829037514434779378144548478128578966       -0.559192989637569557237087557712873049         3.1286734892173617E-003
 -0.819151984395187205692901480623958237       -0.573576521888254223768443636550850143         1.4176691015424801E-004
 -0.809016932711958011545712346647703732       -0.587785337164287556937695289558088565         4.5178497709753166E-003
 -0.798635446620186773481935377230061620       -0.601815107322651715708069929253278505         5.3069381407114583E-004
 -0.788010688421280752622136387588283819       -0.615661558759209185362413794483583723         2.7595727762914041E-003
 -0.777145894519691797265785898995054131       -0.629320473710484069571943630828721520         1.2917507174719739E-002
 -0.766044374437076140238743208265829084       -0.642787691538433775048754795209085657         5.4639302457927721E-003
 -0.754709509804181986243420373381238068       -0.656059109997819734859297579523895147         1.8782907914248474E-003
 -0.743144753330771970035413653225666339       -0.669130686485791116977719307096611264         2.0378281172737122E-003
 -0.731353627753894257041889548635589489       -0.681998439273300882755273910552442565         1.3011025528586668E-004
 -0.719339724764822653250633291550903696       -0.694658448717979094024518233512879057         1.0420335202175853E-003
 -0.707106703914992588825443349109046352       -0.707106858458094015859022157033806951         6.4549905204405013E-003
 -0.694658291501266237964246080054908442       -0.719339876587237322850290231359294288         1.9023040934612475E-003
 -0.681998279430866334061998727641964346       -0.731353776809375588388717730492972929         1.6517972108306567E-003
 -0.669130524066324432353157535114126574       -0.743144899573916217056129948906562295         2.4895600759356276E-004
 -0.656058945050795460001728696823887646       -0.754709653190442068032025016339554637         2.4469826316565121E-003
 -0.642787524114096374226292211892438804       -0.766044514922775210529656214635272697         5.4758512200806285E-003
 -0.629320303859832620671137790284564367       -0.777146032062036548825067111689514026         2.0939842264263941E-002
 -0.615661386533981845074224200048564553       -0.788010822978374452504142469800411939         9.9362797363496038E-004
 -0.601814932775309959583261201387752447       -0.798635578151042025180748081259086465         4.6977860789671734E-005
 -0.587785160348000199112289317084431610       -0.809017061176509240153862886916661856         8.4033267534867797E-004
 -0.573576342856881221226974524532138325       -0.819152109754302862264290505337514340         2.4608345056539543E-003
 -0.559192808445645603547037950700119238       -0.829037636650273859543994260933543080         8.9543589198427820E-004
 -0.544638938478455273944221008967031764       -0.838670630636998884056756446462911297         3.3638991720832162E-003
 -0.529919166205335469315672927782086463       -0.848048157411029366513281761466335956         4.5020930663577340E-003
 -0.515037975411763756884162424782481400       -0.857167360486708821685383868179574314         1.7811289276992294E-003
 -0.499999899052865466313843412050187721       -0.866025462066286099194270675422248023         1.0799822478500731E-003
 -0.484809517872631569966952209331191246       -0.874619763886059534733011190183828824         3.0788407222467271E-003
 -0.469471459008579610934454726200369477       -0.882947648038294258003594745813684755         9.2499900465378027E-003
 -0.453990394582282712662573270481883325       -0.891006577768662293380559560689626769         1.3806870244078821E-004
 -0.438371040276196008716607076254082577       -0.898794098248962545308034052769802492         8.4665918166584031E-003
 -0.422618153897214005162258991789872953       -0.906307837324885290424032742955875578         9.0132803332064020E-003
 -0.406736533927396429931370763219454378       -0.913545506238593400091271811721081781         2.2502767757129590E-003
 -0.390731018062304032142353084623430727       -0.920504900325900188082070281019780260         7.4885451995753130E-003
 -0.374606481737389568475075539232503360       -0.927183899687831516279399531286938897         1.0178115940993899E-002
 -0.358367836642892852205919265341287756       -0.933580469836367594059731663670408106         1.8607334041836495E-003
 -0.342020029227692242282767427131265828       -0.939692662314167772139206387938118930         1.0093591985781941E-002
 -0.325568039192568313795240990623725620       -0.945518615288089556696996038594448165         2.6136161297470534E-003
 -0.309016877973338676347780306681655874       -0.951056554116321052124557232930047120         2.1199023156384866E-003
 -0.292371587214325992189813900474928934       -0.956304791888954078355158018346973474         8.7934046327917455E-003
 -0.275637237232624190558418132569518588       -0.961261729941833298956328417730940565         1.1876451776952858E-002
 -0.258818925473630677647600941862122639       -0.965925858343524836554338034223070481         2.6312485791436728E-003
 -0.241921774958315002080831275548439389       -0.970295756355256040224816110357117518         9.2828363763019172E-004
 -0.224950932722696952919280364640661181       -0.974370092863686302733033090224457435         1.2050097482922432E-003
 -0.207911568250009440320691618077971511       -0.978147626786377101433230641902058185         2.6247010496257221E-003
 -0.190808871896023737249988640949801666       -0.981627207449837752717791930470330725         8.1927667922671657E-003
 -0.173648053308016743453908134800613172       -0.984807774940031723610826592976982238         2.6554434586197450E-003
 -0.156434339837861869613661713861904789       -0.987688360425236732882286117708175746         3.5334331418389770E-004
 -0.139172974949726929591949833196680369       -0.990268086451160295362720907480854662         8.6662865055877951E-006
 -0.121869216622864071448319996239866104       -0.992546167208220814400029291550153088         7.1744508914742538E-004
 -0.104528335749978272909480262506517784       -0.994521908770912806043694957261419667         7.0587801925323032E-003
  -8.71556145316622737933524597584847510E-0002 -0.996194709309183341986385415627463498         1.9652111545935529E-003
  -6.97563448673870160871253609623644073E-0002 -0.997564059271755323947158518733791962         3.3455038998633445E-003
  -5.23358267435377116053626178403906146E-0002 -0.998629541541341747447899654423660094         1.6067268573135799E-003
  -3.48993666189865570847290908313482303E-0002 -0.999390831561703675212017687751912455         6.7885229066859008E-004
  -1.74522758086938669329948137667972942E-0002 -0.999847697436513217093710211726674250         3.7859019313713768E-004
   1.31134170005586909090822172682261377E-0007 -0.999999999999991401914728472878349952         3.0681835593967316E-003
   1.74525380370891373748110259401195023E-0002 -0.999847692859299424227398564653173160         1.9337034813002309E-003
   3.48996287275597728861969236567449002E-0002 -0.999390822408670353218763000275535544         5.0091721920979748E-003
   5.23360886524480578187527193224436353E-0002 -0.998629527815276999100173955626166382         1.5428027903840113E-003
   6.97566064968544970123473697229713260E-0002 -0.997564040976840241767376541386083496         7.3309083659190029E-004
   8.71558758019920147388439066077443582E-0002 -0.996194686450990734645548235348329429         1.5082374606521226E-004
  0.104528596581584796024410245666273272       -0.994521881356405500829789321948810327         1.2096187006086570E-003
  0.121869476936295538231453564173828051       -0.992546135245749536273267239784754800         1.8201868035809937E-003
  0.139173234665689342692669621524870143       -0.990268049950461123243680031923063276         7.9270301276935934E-003
  0.156434598877243226553043386773397338       -0.987688319397428133947789790576977339         4.9870905651491619E-004
  0.173648311591911134908391799565688279       -0.984807729397611166500946408191497691         5.0258937107774103E-004
  0.190809129345755382557075175373207938       -0.981627157406677900685622375525709689         5.0203603669616626E-004
  0.207911824787156652885215631154678800       -0.978147572257721586597039520437049008         1.4203880935998213E-003
  0.224951188269116028220164475289736838       -0.974370033866145082717991497638147026         1.1939890292938394E-003
  0.241922029436164021001803038789296357       -0.970295692906800338608719951463056134         6.5802198722210341E-003
  0.258819178805393217881146894485652499       -0.965925790463481668658510414942184975         1.1562991348219771E-003
  0.275637489341132938860251214402973848       -0.961261657650879584649200124611326365         2.1885086126916193E-003
  0.292371838022786250291332403128703400       -0.956304715209110343661823245652356226         7.2502342818556761E-004
  0.309017127405351753366389309407786061       -0.951056473070944721560855407275078991         1.6824425355966577E-003
  0.325568287172154798016981095446419766       -0.945518529901867838371339872134536659         1.2241058897648567E-003
  0.342020275679315145228439971198063859       -0.939692572613110137789423187471354357         4.9934847973547771E-005
  0.358368081491480617930800874799178673       -0.933580375847797856315571648790964344         6.2845039671604605E-003
  0.374606724908358941093366045416078624       -0.927183801440379505564053885149031684         1.4862721461597907E-003
  0.390731259481582774610686945371304729       -0.920504797849493031687995500077889510         1.3624076326548948E-003
  0.406736773521445887171030064798880193       -0.913545399564446406086798487681705004         1.2406217269428435E-003
  0.422618391593051504647142048971754619       -0.906307726485492439167609288027339271         1.9034368286383421E-003
  0.438371276001417091703516156185355792       -0.898793983278086591466482401535212626         5.6563536955224285E-004
  0.453990628265083189291972959072880220       -0.891006458701324481466364139615305158         5.6049400160191575E-003
  0.469471690577777432483503219577997868       -0.882947524910763654563971854349184183         2.1552121724196720E-003
  0.484809747257688511592305004961241375       -0.874619636735841980440277525172603388         1.1735574352772509E-003
  0.500000126183908613679455528498636955       -0.866025330932112784202811483365477150         1.1345646677389993E-003
  0.515038200219606790129053811667189656       -0.857167225408524487735277859534016729         2.5826468126623446E-003
  0.529919388621499737878353941326027432       -0.848048018429980139374336511621332922         3.7458948024987854E-004
  0.544639158435190655824181919470780088       -0.838670487795419740019309906246976916         1.4042553113555780E-004
  0.559193025875951142649369010406605896       -0.829037489991675729774310905816467721         4.0186701967050865E-003
  0.573576557694525536503781156307051696       -0.819151959323359378952690611190560671         2.5682070833236573E-003
  0.587785372527541659284079895064576036       -0.809016907019043128492836829787352995         3.2999697127484061E-003
  0.601815142232116617294891509949997655       -0.798635420314011145318191182104864757         1.3918689471013447E-003
  0.615661593204251124413261225975799915       -0.788010661509857495723466880108444114         2.0381992529988611E-003
  0.629320507680610752051633703489234105       -0.777145867011218392309273084604488975         7.2947126065247582E-004
  0.642787725023297570717914337723846838       -0.766044346339931935170443745347566763         2.6772871620000353E-003
  0.656059142987220829262949536608687479       -0.754709481126925643847666586057929377         3.5421447193910486E-003
  0.669130718969680618407746460631913584       -0.743144724082138860883074703688550434         1.0193991797460434E-003
  0.681998471241783883240349327194573889       -0.731353597942793798611726027922532412         1.8700490543011416E-003
  0.694658480161317683415095201599927529       -0.719339694400335596034274685784315085         1.6676445732029259E-003
  0.707106889366710248089264075657926499       -0.707106673006368250242667141156567094         7.2929579852399175E-004
  0.719339906951716133473388282650630377       -0.694658260057919684931134735155333860         1.5803467166715645E-004
  0.731353806620467662496886765093059122       -0.681998247462375515070191643216607048         2.1227223515909235E-003
  0.743144928822540806711686323100814300       -0.669130491582427259933794445410664879         5.7490389877464078E-003
  0.754709681867689758351329533709055194       -0.656058912061386844462794327498010186         3.2296961237269993E-003
  0.766044543019910633577346160658554703       -0.642787490629225209566914574463052174         5.3054613842205703E-004
  0.777146059570501044491898862125162299       -0.629320269889698723590959870402617398         2.6189674453987563E-003
  0.788010849889788675557915460380594540       -0.615661352088932848010256489337176211         5.7583560603927163E-004
  0.798635604457208497696177127987053832       -0.601814897865838158720626198071521327         1.2082804831188023E-003
  0.809017086869414848543903948645635487       -0.587785124984739358328984510073130935         2.8618472996295146E-003
  0.819152134826121298152299915186789989       -0.573576307050603332946203301217721342         2.7633068944937136E-003
  0.829037661093368003733208080201134747       -0.559192772207257607483784241712690639         1.6458765407419136E-003
  0.838670654443923132870909703178038076       -0.544638901818995734745569305094587483         1.8040699564722253E-004
  0.848048180574531899799741645756458154       -0.529919129135971214106896668320552343         1.9063983114076517E-003
  0.857167382999733811789941120992329431       -0.515037937943786473744816848617889444         1.2258134641230955E-003
  0.866025483921975860234714012878016367       -0.499999861197688264720000062557366909         3.9121893597414482E-005
  0.874619785077756611516795175872773890       -0.484809479641785504247297766512628916         9.6801927297333890E-003
  0.882947668559543453953296518190855129       -0.469471420413710167799243175334578271         1.9692064487887662E-004
  0.891006597613212636849398642115242533       -0.453990355635146263875364174067450801         1.1739345371031022E-003
  0.898794117410769193686496451400488569       -0.438371000988656229989340561648853017         2.1450439820686206E-003
  0.906307855798111371457589992010713837       -0.422618114281238262364506766355598364         8.0601385649926415E-004
  0.913545524017611789848311700442647606       -0.406736493995052133714558887953070087         1.3782040526099349E-003
  0.920504917405295225030452991926165083       -0.390730977825754962089373343364966373         4.8956841916884006E-004
  0.927183916062400650949514831024774467       -0.374606441208892167894985102904240788         5.2334756072107873E-003
  0.933580485501122973791553771637536895       -0.358367795834792494702370141643170055         4.1851774530727909E-004
  0.939692677264337760430617191107839332       -0.342019988152419471233405181937440742         1.2403877884806661E-003
  0.945518629519120186690568409275429561       -0.325567997862635055887563808961509998         1.3807642556705666E-004
  0.951056567623877413790052270380248430       -0.309016836401334430324852115115295083         4.0362983174618569E-003
  0.956304804668921638945186964126764857       -0.292371545412913993966776591737215556         2.5556843769818892E-003
  0.961261741990319156332955636249573874       -0.275637195214537555877945617179575936         3.5009465174015418E-003
  0.965925869656858905004849612715995714       -0.258818883251668523449279607753090535         3.0387785298915783E-003
  0.970295766929992168405443087820590028       -0.241921732545338547765935381308598665         1.2831551524426002E-003
  0.974370102696603323400092808495775713       -0.224950890131625602698534949773264178         1.2873242955123783E-003
  0.978147635874479812641927926460271476       -0.207911525493816847838377819261270071         2.1853053819430982E-004
  0.981627215790357830189797424397610967       -0.190808828987733853683145101375285492         1.5217649231691005E-003
  0.984807782530428563992716225949902619       -0.173648010260699850290415839757999195         2.3326158078271122E-003
  0.987688367263198227637977006233251951       -0.156434296664630597317666546526506343         1.9215049154774984E-003
  0.990268092534603535064168540415248901       -0.139172931663732263369375998456886643         2.5472943781756807E-003
  0.992546172535292723201652219988060229       -0.121869173237291345329156897906971530         1.1353925341562996E-004
  0.994521913339990706147259921977813747       -0.104528292278043153367084243431258914         4.4170881557269595E-003
  0.996194713118875447924411430406087632        -8.71555709866067341241919411859886466E-0002   1.0937890324549931E-003
  0.997564062320901166534276388085346512        -6.97563012624753027772123760600347465E-0002   3.5824739852530676E-003
  0.998629543829012527271027227488958139        -5.23357830920523039120546674201507924E-0002   1.6118358312918477E-003
  0.999390833087202545551674310678851302        -3.48993229342241210646519133267217946E-0002   3.9630352943297482E-003
  0.999847698199375496190289800622249819        -1.74522321039612051485284269906112731E-0002   5.9802547355551443E-004
  0.999999999999984714515072840689658818         1.74845560007448822367050302696929444E-0007   2.1752206492920451E-005
