   1.00000000000000000000000000000000000         9.6952893806745552E-005
   2.00000000000000000000000000000000000         3.8769345305299512E-004
   3.00000000000000000000000000000000000         8.7186745513041276E-004
   4.00000000000000000000000000000000000         1.5488811835876358E-003
   5.00000000000000000000000000000000000         2.4179212717233920E-003
   6.00000000000000000000000000000000000         3.4779173731241913E-003
   7.00000000000000000000000000000000000         4.7275821243764676E-003
   8.00000000000000000000000000000000000         6.1654120882289123E-003
   9.00000000000000000000000000000000000         7.7895975769604938E-003
   10.0000000000000000000000000000000000         9.5982174288090482E-003
   11.0000000000000000000000000000000000         1.1589049797141839E-002
   12.0000000000000000000000000000000000         1.3759639734794882E-002
   13.0000000000000000000000000000000000         1.6107428234616059E-002
   14.0000000000000000000000000000000000         1.8629469306030183E-002
   15.0000000000000000000000000000000000         2.1322719802568932E-002
   16.0000000000000000000000000000000000         2.4183858682635707E-002
   17.0000000000000000000000000000000000         2.7209516123326470E-002
   18.0000000000000000000000000000000000         3.0395883110241915E-002
   19.0000000000000000000000000000000000         3.3739137315353475E-002
   20.0000000000000000000000000000000000         3.7235233121250488E-002
   21.0000000000000000000000000000000000         4.0879771718788434E-002
   22.0000000000000000000000000000000000         4.4668461128194344E-002
   23.0000000000000000000000000000000000         4.8596630878642202E-002
   24.0000000000000000000000000000000000         5.2659475930205882E-002
   25.0000000000000000000000000000000000         5.6852119030713466E-002
   26.0000000000000000000000000000000000         6.1169392061803059E-002
   27.0000000000000000000000000000000000         6.5606016264324440E-002
   28.0000000000000000000000000000000000         7.0156623256127718E-002
   29.0000000000000000000000000000000000         7.4815674469703441E-002
   30.0000000000000000000000000000000000         7.9577494513077524E-002
   31.0000000000000000000000000000000000         8.4436225115326446E-002
   32.0000000000000000000000000000000000         8.9385899048474687E-002
   33.0000000000000000000000000000000000         9.4420797842928131E-002
   34.0000000000000000000000000000000000         9.9534455457240045E-002
   35.0000000000000000000000000000000000        0.10472074881508583     
   36.0000000000000000000000000000000000        0.10997350242578507     
   37.0000000000000000000000000000000000        0.11528589770323196     
   38.0000000000000000000000000000000000        0.12065188287888487     
   39.0000000000000000000000000000000000        0.12606477216112183     
   40.0000000000000000000000000000000000        0.13151791061123760     
   41.0000000000000000000000000000000000        0.13700485859297884     
   42.0000000000000000000000000000000000        0.14251868594850001     
   43.0000000000000000000000000000000000        0.14805285799439966     
   44.0000000000000000000000000000000000        0.15360059950793031     
   45.0000000000000000000000000000000000        0.15915494561988830     
   46.0000000000000000000000000000000000        0.16470939279537930     
   47.0000000000000000000000000000000000        0.17025703321148314     
   48.0000000000000000000000000000000000        0.17579112427175836     
   49.0000000000000000000000000000000000        0.18130503251141303     
   50.0000000000000000000000000000000000        0.18679193902651112     
   51.0000000000000000000000000000000000        0.19224511877459824     
   52.0000000000000000000000000000000000        0.19765810710469536     
   53.0000000000000000000000000000000000        0.20302399299754090     
   54.0000000000000000000000000000000000        0.20833646928696531     
   55.0000000000000000000000000000000000        0.21358914158559086     
   56.0000000000000000000000000000000000        0.21877548327100002     
   57.0000000000000000000000000000000000        0.22388909219393852     
   58.0000000000000000000000000000000000        0.22892389459937876     
   59.0000000000000000000000000000000000        0.23387366449578989     
   60.0000000000000000000000000000000000        0.23873227072853942     
   61.0000000000000000000000000000000000        0.24349421465586940     
   62.0000000000000000000000000000000000        0.24815323645370332     
   63.0000000000000000000000000000000000        0.25270387231814812     
   64.0000000000000000000000000000000000        0.25714049549768747     
   65.0000000000000000000000000000000000        0.26145776895386597     
   66.0000000000000000000000000000000000        0.26565035557501820     
   67.0000000000000000000000000000000000        0.26971325645609912     
   68.0000000000000000000000000000000000        0.27364147445335951     
   69.0000000000000000000000000000000000        0.27743011491735964     
   70.0000000000000000000000000000000000        0.28107479068728969     
   71.0000000000000000000000000000000000        0.28457074857681058     
   72.0000000000000000000000000000000000        0.28791396762864863     
   73.0000000000000000000000000000000000        0.29110036898315855     
   74.0000000000000000000000000000000000        0.29412589204131212     
   75.0000000000000000000000000000000000        0.29698716448034934     
   76.0000000000000000000000000000000000        0.29968033307219077     
   77.0000000000000000000000000000000000        0.30220245519078903     
   78.0000000000000000000000000000000000        0.30455014347531090     
   79.0000000000000000000000000000000000        0.30672083274106871     
   80.0000000000000000000000000000000000        0.30871180569653961     
   81.0000000000000000000000000000000000        0.31052028404865184     
   82.0000000000000000000000000000000000        0.31214450320338316     
   83.0000000000000000000000000000000000        0.31358229856770126     
   84.0000000000000000000000000000000000        0.31483182000724136     
   85.0000000000000000000000000000000000        0.31589195847038259     
   86.0000000000000000000000000000000000        0.31676104865248100     
   87.0000000000000000000000000000000000        0.31743801132527777     
   88.0000000000000000000000000000000000        0.31792218380332982     
   89.0000000000000000000000000000000000        0.31821292491780723     
   90.0000000000000000000000000000000000        0.31830982549803033     
   91.0000000000000000000000000000000000        0.31821292394662370     
   92.0000000000000000000000000000000000        0.31792218934361144     
   93.0000000000000000000000000000000000        0.31743800841647801     
   94.0000000000000000000000000000000000        0.31676101239585908     
   95.0000000000000000000000000000000000        0.31589195363820932     
   96.0000000000000000000000000000000000        0.31483194729605485     
   97.0000000000000000000000000000000000        0.31358229183560299     
   98.0000000000000000000000000000000000        0.31214444827751164     
   99.0000000000000000000000000000000000        0.31052027544942701     
   100.000000000000000000000000000000000        0.30871153299946202     
   101.000000000000000000000000000000000        0.30672082231669051     
   102.000000000000000000000000000000000        0.30455025194668683     
   103.000000000000000000000000000000000        0.30220244299201399     
   104.000000000000000000000000000000000        0.29968035283374939     
   105.000000000000000000000000000000000        0.29698715056657382     
   106.000000000000000000000000000000000        0.29412589417915364     
   107.000000000000000000000000000000000        0.29110035342219309     
   108.000000000000000000000000000000000        0.28791400496647468     
   109.000000000000000000000000000000000        0.28457073144449524     
   110.000000000000000000000000000000000        0.28107473265201494     
   111.000000000000000000000000000000000        0.27743009629708887     
   112.000000000000000000000000000000000        0.27364150263706383     
   113.000000000000000000000000000000000        0.26971323643864309     
   114.000000000000000000000000000000000        0.26565039813600738     
   115.000000000000000000000000000000000        0.26145774763672497     
   116.000000000000000000000000000000000        0.25714039844589565     
   117.000000000000000000000000000000000        0.25270384980523131     
   118.000000000000000000000000000000000        0.24815317011077648     
   119.000000000000000000000000000000000        0.24349419105674527     
   120.000000000000000000000000000000000        0.23873247676105283     
   121.000000000000000000000000000000000        0.23387363992554916     
   122.000000000000000000000000000000000        0.22892391457948205     
   123.000000000000000000000000000000000        0.22388906677220552     
   124.000000000000000000000000000000000        0.21877533256011708     
   125.000000000000000000000000000000000        0.21358911543625958     
   126.000000000000000000000000000000000        0.20833652271586453     
   127.000000000000000000000000000000000        0.20302396624799882     
   128.000000000000000000000000000000000        0.19765794769544681     
   129.000000000000000000000000000000000        0.19224509155518560     
   130.000000000000000000000000000000000        0.18679182589691445     
   131.000000000000000000000000000000000        0.18130500495468477     
   132.000000000000000000000000000000000        0.17579110026003611     
   133.000000000000000000000000000000000        0.17025700545174929     
   134.000000000000000000000000000000000        0.16470928561592174     
   135.000000000000000000000000000000000        0.15915491779235200     
   136.000000000000000000000000000000000        0.15360047177469016     
   137.000000000000000000000000000000000        0.14805283023467350     
   138.000000000000000000000000000000000        0.14251857248236124     
   139.000000000000000000000000000000000        0.13700483103624678     
   140.000000000000000000000000000000000        0.13151792830372230     
   141.000000000000000000000000000000000        0.12606474494169478     
   142.000000000000000000000000000000000        0.12065174329674923     
   143.000000000000000000000000000000000        0.11528587095367951     
   144.000000000000000000000000000000000        0.10997329421932267     
   145.000000000000000000000000000000000        0.10472072266576235     
   146.000000000000000000000000000000000         9.9534523317481083E-002
   147.000000000000000000000000000000000         9.4420772421211871E-002
   148.000000000000000000000000000000000         8.9385988356486382E-002
   149.000000000000000000000000000000000         8.4436200545081205E-002
   150.000000000000000000000000000000000         7.9577436509807212E-002
   151.000000000000000000000000000000000         7.4815650870610081E-002
   152.000000000000000000000000000000000         7.0156604098429332E-002
   153.000000000000000000000000000000000         6.5605993751384095E-002
   154.000000000000000000000000000000000         6.1169370299387904E-002
   155.000000000000000000000000000000000         5.6852097713589803E-002
   156.000000000000000000000000000000000         5.2659495368811801E-002
   157.000000000000000000000000000000000         4.8596610861203843E-002
   158.000000000000000000000000000000000         4.4668424036431544E-002
   159.000000000000000000000000000000000         4.0879753098529731E-002
   160.000000000000000000000000000000000         3.7235154899225291E-002
   161.000000000000000000000000000000000         3.3739120183014060E-002
   162.000000000000000000000000000000000         3.0395900718182805E-002
   163.000000000000000000000000000000000         2.7209500562367993E-002
   164.000000000000000000000000000000000         2.4183881491509424E-002
   165.000000000000000000000000000000000         2.1322705888801301E-002
   166.000000000000000000000000000000000         1.8629474541883594E-002
   167.000000000000000000000000000000000         1.6107416035821283E-002
   168.000000000000000000000000000000000         1.3759656263222323E-002
   169.000000000000000000000000000000000         1.1589039372766450E-002
   170.000000000000000000000000000000000         9.5981800409916558E-003
   171.000000000000000000000000000000000         7.7895889777789299E-003
   172.000000000000000000000000000000000         6.1653834732330872E-003
   173.000000000000000000000000000000000         4.7275753922898876E-003
   174.000000000000000000000000000000000         3.4778968326730341E-003
   175.000000000000000000000000000000000         2.4179164395247504E-003
   176.000000000000000000000000000000000         1.5488851373662755E-003
   177.000000000000000000000000000000000         8.7186454636500540E-004
   178.000000000000000000000000000000000         3.8769088863602170E-004
   179.000000000000000000000000000000000         9.6951922642043848E-005
   180.000000000000000000000000000000000         2.4210014199763029E-015
   181.000000000000000000000000000000000         9.6953864975657294E-005
   182.000000000000000000000000000000000         3.8769561652617860E-004
   183.000000000000000000000000000000000         8.7187036390310249E-004
   184.000000000000000000000000000000000         1.5488891077660813E-003
   185.000000000000000000000000000000000         2.4179261039252633E-003
   186.000000000000000000000000000000000         3.4779232433816572E-003
   187.000000000000000000000000000000000         4.7275888564709935E-003
   188.000000000000000000000000000000000         6.1653989991200487E-003
   189.000000000000000000000000000000000         7.7896061761422173E-003
   190.000000000000000000000000000000000         9.5982384424055066E-003
   191.000000000000000000000000000000000         1.1589060221529422E-002
   192.000000000000000000000000000000000         1.3759679531786780E-002
   193.000000000000000000000000000000000         1.6107440433402415E-002
   194.000000000000000000000000000000000         1.8629490933043887E-002
   195.000000000000000000000000000000000         2.1322733716337989E-002
   196.000000000000000000000000000000000         2.4183908659336586E-002
   197.000000000000000000000000000000000         2.7209531684292076E-002
   198.000000000000000000000000000000000         3.0395898273554857E-002
   199.000000000000000000000000000000000         3.3739154447695270E-002
   200.000000000000000000000000000000000         3.7235206436406827E-002
   201.000000000000000000000000000000000         4.0879790339031351E-002
   202.000000000000000000000000000000000         4.4668435595209714E-002
   203.000000000000000000000000000000000         4.8596650896103488E-002
   204.000000000000000000000000000000000         5.2659534169371691E-002
   205.000000000000000000000000000000000         5.6852140347850313E-002
   206.000000000000000000000000000000000         6.1169423602608991E-002
   207.000000000000000000000000000000000         6.5606038777273265E-002
   208.000000000000000000000000000000000         7.0156655732251119E-002
   209.000000000000000000000000000000000         7.4815698068793346E-002
   210.000000000000000000000000000000000         7.9577474579629354E-002
   211.000000000000000000000000000000000         8.4436249685605189E-002
   212.000000000000000000000000000000000         8.9386033302782233E-002
   213.000000000000000000000000000000000         9.4420823264649359E-002
   214.000000000000000000000000000000000         9.9534461123381240E-002
   215.000000000000000000000000000000000        0.10472077496443227     
   216.000000000000000000000000000000000        0.10997333612853459     
   217.000000000000000000000000000000000        0.11528592445277247     
   218.000000000000000000000000000000000        0.12065191010647767     
   219.000000000000000000000000000000000        0.12606479938056286     
   220.000000000000000000000000000000000        0.13151798526804637     
   221.000000000000000000000000000000000        0.13700488614968270     
   222.000000000000000000000000000000000        0.14251875278083448     
   223.000000000000000000000000000000000        0.14805288575415909     
   224.000000000000000000000000000000000        0.15360052003742369     
   225.000000000000000000000000000000000        0.15915497344741783     
   226.000000000000000000000000000000000        0.16470939962314224     
   227.000000000000000000000000000000000        0.17025706097123988     
   228.000000000000000000000000000000000        0.17579122510433393     
   229.000000000000000000000000000000000        0.18130506006811667     
   230.000000000000000000000000000000000        0.18679201233107942     
   231.000000000000000000000000000000000        0.19224514599405595     
   232.000000000000000000000000000000000        0.19765809191351238     
   233.000000000000000000000000000000000        0.20302401974707829     
   234.000000000000000000000000000000000        0.20833662036606657     
   235.000000000000000000000000000000000        0.21358916773492728     
   236.000000000000000000000000000000000        0.21877552996862853     
   237.000000000000000000000000000000000        0.22388911761565800     
   238.000000000000000000000000000000000        0.22892396175202123     
   239.000000000000000000000000000000000        0.23387368906605310     
   240.000000000000000000000000000000000        0.23873248327356311     
   241.000000000000000000000000000000000        0.24349423825494151     
   242.000000000000000000000000000000000        0.24815329715710344     
   243.000000000000000000000000000000000        0.25270389483110361     
   244.000000000000000000000000000000000        0.25714057998025081     
   245.000000000000000000000000000000000        0.26145779027096389     
   246.000000000000000000000000000000000        0.26565042572385988     
   247.000000000000000000000000000000000        0.26971327647354915     
   248.000000000000000000000000000000000        0.27364139644360569     
   249.000000000000000000000000000000000        0.27743013353761664     
   250.000000000000000000000000000000000        0.28107469609630775     
   251.000000000000000000000000000000000        0.28457076570916617     
   252.000000000000000000000000000000000        0.28791395754200760     
   253.000000000000000000000000000000000        0.29110038454413306     
   254.000000000000000000000000000000000        0.29412597577869898     
   255.000000000000000000000000000000000        0.29698717839411004     
   256.000000000000000000000000000000000        0.29968038470936842     
   257.000000000000000000000000000000000        0.30220246738957851     
   258.000000000000000000000000000000000        0.30455026768633159     
   259.000000000000000000000000000000000        0.30672084316542331     
   260.000000000000000000000000000000000        0.30871157405499883     
   261.000000000000000000000000000000000        0.31052029264783126     
   262.000000000000000000000000000000000        0.31214435879964875     
   263.000000000000000000000000000000000        0.31358230529975922     
   264.000000000000000000000000000000000        0.31483190634823827     
   265.000000000000000000000000000000000        0.31589196330256480     
   266.000000000000000000000000000000000        0.31676096543364479     
   267.000000000000000000000000000000000        0.31743801423402590     
   268.000000000000000000000000000000000        0.31792212285951549     
   269.000000000000000000000000000000000        0.31821292588895828     
   270.000000000000000000000000000000000        0.31830984324801953     
   271.000000000000000000000000000000000        0.31821292297545190     
   272.000000000000000000000000000000000        0.31792211585114222     
   273.000000000000000000000000000000000        0.31743800550772577     
   274.000000000000000000000000000000000        0.31676102375112575     
   275.000000000000000000000000000000000        0.31589194880600918     
   276.000000000000000000000000000000000        0.31483201555561063     
   277.000000000000000000000000000000000        0.31358228510350006     
   278.000000000000000000000000000000000        0.31214451073148974     
   279.000000000000000000000000000000000        0.31052026685027656     
   280.000000000000000000000000000000000        0.30871170957929639     
   281.000000000000000000000000000000000        0.30672081189230238     
   282.000000000000000000000000000000000        0.30455029376724052     
   283.000000000000000000000000000000000        0.30220243079321035     
   284.000000000000000000000000000000000        0.29968043885056939     
   285.000000000000000000000000000000000        0.29698713665279403     
   286.000000000000000000000000000000000        0.29412599512522136     
   287.000000000000000000000000000000000        0.29110033786123957     
   288.000000000000000000000000000000000        0.28791402230022184     
   289.000000000000000000000000000000000        0.28457071431211628     
   290.000000000000000000000000000000000        0.28107464735626764     
   291.000000000000000000000000000000000        0.27743007767684269     
   292.000000000000000000000000000000000        0.27364141758188293     
   293.000000000000000000000000000000000        0.26971321642118878     
   294.000000000000000000000000000000000        0.26565042709442549     
   295.000000000000000000000000000000000        0.26145772631957842     
   296.000000000000000000000000000000000        0.25714048141493029     
   297.000000000000000000000000000000000        0.25270382729226998     
   298.000000000000000000000000000000000        0.24815328396384051     
   299.000000000000000000000000000000000        0.24349416745770172     
   300.000000000000000000000000000000000        0.23873247538273248     
   301.000000000000000000000000000000000        0.23387361535527895     
   302.000000000000000000000000000000000        0.22892389225321960     
   303.000000000000000000000000000000000        0.22388904135050053     
   304.000000000000000000000000000000000        0.21877549327466195     
   305.000000000000000000000000000000000        0.21358908928691309     
   306.000000000000000000000000000000000        0.20833652838507180     
   307.000000000000000000000000000000000        0.20302393949847963     
   308.000000000000000000000000000000000        0.19765792887018432     
   309.000000000000000000000000000000000        0.19224506433571520     
   310.000000000000000000000000000000000        0.18679184838391363     
   311.000000000000000000000000000000000        0.18130497739796522     
   312.000000000000000000000000000000000        0.17579112944874609     
   313.000000000000000000000000000000000        0.17025697769198281     
   314.000000000000000000000000000000000        0.16470930688370883     
   315.000000000000000000000000000000000        0.15915488996483415     
   316.000000000000000000000000000000000        0.15360036339057367     
   317.000000000000000000000000000000000        0.14805280247490815     
   318.000000000000000000000000000000000        0.14251863696417419     
   319.000000000000000000000000000000000        0.13700480347954064     
   320.000000000000000000000000000000000        0.13151783101791070     
   321.000000000000000000000000000000000        0.12606471772225578     
   322.000000000000000000000000000000000        0.12065180534547276     
   323.000000000000000000000000000000000        0.11528584420415165     
   324.000000000000000000000000000000000        0.10997328313014784     
   325.000000000000000000000000000000000        0.10472069651643186     
   326.000000000000000000000000000000000         9.9534399878232538E-002
   327.000000000000000000000000000000000         9.4420746999507366E-002
   328.000000000000000000000000000000000         8.9385927738586959E-002
   329.000000000000000000000000000000000         8.4436175974829067E-002
   330.000000000000000000000000000000000         7.9577417728339664E-002
   331.000000000000000000000000000000000         7.4815627271533333E-002
   332.000000000000000000000000000000000         7.0156648632786200E-002
   333.000000000000000000000000000000000         6.5605971238423474E-002
   334.000000000000000000000000000000000         6.1169330762463593E-002
   335.000000000000000000000000000000000         5.6852076396475298E-002
   336.000000000000000000000000000000000         5.2659434349605509E-002
   337.000000000000000000000000000000000         4.8596590843740642E-002
   338.000000000000000000000000000000000         4.4668408164801061E-002
   339.000000000000000000000000000000000         4.0879734478283983E-002
   340.000000000000000000000000000000000         3.7235141695553330E-002
   341.000000000000000000000000000000000         3.3739103050673153E-002
   342.000000000000000000000000000000000         3.0395848887936300E-002
   343.000000000000000000000000000000000         2.7209485001419564E-002
   344.000000000000000000000000000000000         2.4183807010282568E-002
   345.000000000000000000000000000000000         2.1322691975042222E-002
   346.000000000000000000000000000000000         1.8629437675352620E-002
   347.000000000000000000000000000000000         1.6107403837044489E-002
   348.000000000000000000000000000000000         1.3759643460150602E-002
   349.000000000000000000000000000000000         1.1589028948397993E-002
   350.000000000000000000000000000000000         9.5981985780817115E-003
   351.000000000000000000000000000000000         7.7895803786049156E-003
   352.000000000000000000000000000000000         6.1653972340594866E-003
   353.000000000000000000000000000000000         4.7275686602056268E-003
   354.000000000000000000000000000000000         3.4779055440582601E-003
   355.000000000000000000000000000000000         2.4179116073314508E-003
   356.000000000000000000000000000000000         1.5488768322459133E-003
   357.000000000000000000000000000000000         8.7186163760189287E-004
   358.000000000000000000000000000000000         3.8768982767647595E-004
   359.000000000000000000000000000000000         9.6950951482187308E-005
   360.000000000000000000000000000000000         4.6173544668359578E-015
