   1.00000000000000000000000000000000000         9.6952893806949084E-005
   2.00000000000000000000000000000000000         3.8769345305340392E-004
   3.00000000000000000000000000000000000         8.7186745512986231E-004
   4.00000000000000000000000000000000000         1.5488792710976391E-003
   5.00000000000000000000000000000000000         2.4179212717235919E-003
   6.00000000000000000000000000000000000         3.4779173308331205E-003
   7.00000000000000000000000000000000000         4.7275821243764520E-003
   8.00000000000000000000000000000000000         6.1654217584805899E-003
   9.00000000000000000000000000000000000         7.7895975769619414E-003
   10.0000000000000000000000000000000000         9.5982172589637350E-003
   11.0000000000000000000000000000000000         1.1589049797140302E-002
   12.0000000000000000000000000000000000         1.3759625531905675E-002
   13.0000000000000000000000000000000000         1.6107428234618849E-002
   14.0000000000000000000000000000000000         1.8629469111544318E-002
   15.0000000000000000000000000000000000         2.1322719802568665E-002
   16.0000000000000000000000000000000000         2.4183839400596419E-002
   17.0000000000000000000000000000000000         2.7209516123326265E-002
   18.0000000000000000000000000000000000         3.0395879574566596E-002
   19.0000000000000000000000000000000000         3.3739137315353697E-002
   20.0000000000000000000000000000000000         3.7235257535520525E-002
   21.0000000000000000000000000000000000         4.0879771718790779E-002
   22.0000000000000000000000000000000000         4.4668462079850806E-002
   23.0000000000000000000000000000000000         4.8596630878640051E-002
   24.0000000000000000000000000000000000         5.2659463491440898E-002
   25.0000000000000000000000000000000000         5.6852119030712009E-002
   26.0000000000000000000000000000000000         6.1169399348800231E-002
   27.0000000000000000000000000000000000         6.5606016264326536E-002
   28.0000000000000000000000000000000000         7.0156619884687327E-002
   29.0000000000000000000000000000000000         7.4815674469705204E-002
   30.0000000000000000000000000000000000         7.9577505095586587E-002
   31.0000000000000000000000000000000000         8.4436225115321742E-002
   32.0000000000000000000000000000000000         8.9385843507438847E-002
   33.0000000000000000000000000000000000         9.4420797842928242E-002
   34.0000000000000000000000000000000000         9.9534456116506867E-002
   35.0000000000000000000000000000000000        0.10472074881508454     
   36.0000000000000000000000000000000000        0.10997357205343759     
   37.0000000000000000000000000000000000        0.11528589770323037     
   38.0000000000000000000000000000000000        0.12065188436442706     
   39.0000000000000000000000000000000000        0.12606477216111872     
   40.0000000000000000000000000000000000        0.13151787607314722     
   41.0000000000000000000000000000000000        0.13700485859298120     
   42.0000000000000000000000000000000000        0.14251866694243912     
   43.0000000000000000000000000000000000        0.14805285799439583     
   44.0000000000000000000000000000000000        0.15360064015985764     
   45.0000000000000000000000000000000000        0.15915494561988791     
   46.0000000000000000000000000000000000        0.16470940267946399     
   47.0000000000000000000000000000000000        0.17025703321148558     
   48.0000000000000000000000000000000000        0.17579110280617355     
   49.0000000000000000000000000000000000        0.18130503251142144     
   50.0000000000000000000000000000000000        0.18679195286928482     
   51.0000000000000000000000000000000000        0.19224511877459655     
   52.0000000000000000000000000000000000        0.19765815519771199     
   53.0000000000000000000000000000000000        0.20302399299753771     
   54.0000000000000000000000000000000000        0.20833644023632897     
   55.0000000000000000000000000000000000        0.21358914158559250     
   56.0000000000000000000000000000000000        0.21877550686253935     
   57.0000000000000000000000000000000000        0.22388909219393682     
   58.0000000000000000000000000000000000        0.22892390204855617     
   59.0000000000000000000000000000000000        0.23387366449578334     
   60.0000000000000000000000000000000000        0.23873219807901289     
   61.0000000000000000000000000000000000        0.24349421465587667     
   62.0000000000000000000000000000000000        0.24815322524953623     
   63.0000000000000000000000000000000000        0.25270387231813951     
   64.0000000000000000000000000000000000        0.25714048784533172     
   65.0000000000000000000000000000000000        0.26145776895386974     
   66.0000000000000000000000000000000000        0.26565033993342047     
   67.0000000000000000000000000000000000        0.26971325645610295     
   68.0000000000000000000000000000000000        0.27364149779681851     
   69.0000000000000000000000000000000000        0.27743011491736225     
   70.0000000000000000000000000000000000        0.28107483504250286     
   71.0000000000000000000000000000000000        0.28457074857680142     
   72.0000000000000000000000000000000000        0.28791395378161089     
   73.0000000000000000000000000000000000        0.29110036898315594     
   74.0000000000000000000000000000000000        0.29412584433575056     
   75.0000000000000000000000000000000000        0.29698716448036128     
   76.0000000000000000000000000000000000        0.29968029252672673     
   77.0000000000000000000000000000000000        0.30220245519078631     
   78.0000000000000000000000000000000000        0.30455010779064212     
   79.0000000000000000000000000000000000        0.30672083274107542     
   80.0000000000000000000000000000000000        0.30871187638667164     
   81.0000000000000000000000000000000000        0.31052028404865595     
   82.0000000000000000000000000000000000        0.31214451059836656     
   83.0000000000000000000000000000000000        0.31358229856771225     
   84.0000000000000000000000000000000000        0.31483174863030450     
   85.0000000000000000000000000000000000        0.31589195847037987     
   86.0000000000000000000000000000000000        0.31676107585179231     
   87.0000000000000000000000000000000000        0.31743801132528465     
   88.0000000000000000000000000000000000        0.31792218328322780     
   89.0000000000000000000000000000000000        0.31821292491781689     
   90.0000000000000000000000000000000000        0.31830979958404171     
   91.0000000000000000000000000000000000        0.31821292394662509     
   92.0000000000000000000000000000000000        0.31792219256422555     
   93.0000000000000000000000000000000000        0.31743800841646974     
   94.0000000000000000000000000000000000        0.31676102340328016     
   95.0000000000000000000000000000000000        0.31589195363822026     
   96.0000000000000000000000000000000000        0.31483194245634755     
   97.0000000000000000000000000000000000        0.31358229183560982     
   98.0000000000000000000000000000000000        0.31214443204471393     
   99.0000000000000000000000000000000000        0.31052027544940936     
   100.000000000000000000000000000000000        0.30871147209984090     
   101.000000000000000000000000000000000        0.30672082231669728     
   102.000000000000000000000000000000000        0.30455027615694352     
   103.000000000000000000000000000000000        0.30220244299201798     
   104.000000000000000000000000000000000        0.29968032870118022     
   105.000000000000000000000000000000000        0.29698715056658181     
   106.000000000000000000000000000000000        0.29412585491568433     
   107.000000000000000000000000000000000        0.29110035342218782     
   108.000000000000000000000000000000000        0.28791401796665722     
   109.000000000000000000000000000000000        0.28457073144449918     
   110.000000000000000000000000000000000        0.28107475693318440     
   111.000000000000000000000000000000000        0.27743009629708376     
   112.000000000000000000000000000000000        0.27364154973769461     
   113.000000000000000000000000000000000        0.26971323643864559     
   114.000000000000000000000000000000000        0.26565041411484863     
   115.000000000000000000000000000000000        0.26145774763672247     
   116.000000000000000000000000000000000        0.25714035323184808     
   117.000000000000000000000000000000000        0.25270384980523869     
   118.000000000000000000000000000000000        0.24815313727018481     
   119.000000000000000000000000000000000        0.24349419105673442     
   120.000000000000000000000000000000000        0.23873251917744814     
   121.000000000000000000000000000000000        0.23387363992554974     
   122.000000000000000000000000000000000        0.22892394452432521     
   123.000000000000000000000000000000000        0.22388906677219628     
   124.000000000000000000000000000000000        0.21877529369683868     
   125.000000000000000000000000000000000        0.21358911543626016     
   126.000000000000000000000000000000000        0.20833653361245430     
   127.000000000000000000000000000000000        0.20302396624799607     
   128.000000000000000000000000000000000        0.19765792958430056     
   129.000000000000000000000000000000000        0.19224509155519576     
   130.000000000000000000000000000000000        0.18679179687727834     
   131.000000000000000000000000000000000        0.18130500495468840     
   132.000000000000000000000000000000000        0.17579108062613605     
   133.000000000000000000000000000000000        0.17025700545175887     
   134.000000000000000000000000000000000        0.16470925581557253     
   135.000000000000000000000000000000000        0.15915491779235053     
   136.000000000000000000000000000000000        0.15360046246528106     
   137.000000000000000000000000000000000        0.14805283023468055     
   138.000000000000000000000000000000000        0.14251851058079526     
   139.000000000000000000000000000000000        0.13700483103624225     
   140.000000000000000000000000000000000        0.13151791631425400     
   141.000000000000000000000000000000000        0.12606474494169609     
   142.000000000000000000000000000000000        0.12065168849171094     
   143.000000000000000000000000000000000        0.11528587095367288     
   144.000000000000000000000000000000000        0.10997327297649273     
   145.000000000000000000000000000000000        0.10472072266576353     
   146.000000000000000000000000000000000         9.9534570807505426E-002
   147.000000000000000000000000000000000         9.4420772421212246E-002
   148.000000000000000000000000000000000         8.9385989975041283E-002
   149.000000000000000000000000000000000         8.4436200545080858E-002
   150.000000000000000000000000000000000         7.9577430140355898E-002
   151.000000000000000000000000000000000         7.4815650870608416E-002
   152.000000000000000000000000000000000         7.0156602683174960E-002
   153.000000000000000000000000000000000         6.5605993751389730E-002
   154.000000000000000000000000000000000         6.1169377669375150E-002
   155.000000000000000000000000000000000         5.6852097713589719E-002
   156.000000000000000000000000000000000         5.2659502989291895E-002
   157.000000000000000000000000000000000         4.8596610861208624E-002
   158.000000000000000000000000000000000         4.4668416107521827E-002
   159.000000000000000000000000000000000         4.0879753098529294E-002
   160.000000000000000000000000000000000         3.7235149146067813E-002
   161.000000000000000000000000000000000         3.3739120183014455E-002
   162.000000000000000000000000000000000         3.0395914164788457E-002
   163.000000000000000000000000000000000         2.7209500562367445E-002
   164.000000000000000000000000000000000         2.4183880987067904E-002
   165.000000000000000000000000000000000         2.1322705888800093E-002
   166.000000000000000000000000000000000         1.8629483497444782E-002
   167.000000000000000000000000000000000         1.6107416035819697E-002
   168.000000000000000000000000000000000         1.3759655983773841E-002
   169.000000000000000000000000000000000         1.1589039372765267E-002
   170.000000000000000000000000000000000         9.5981659360408235E-003
   171.000000000000000000000000000000000         7.7895889777789837E-003
   172.000000000000000000000000000000000         6.1653826711284875E-003
   173.000000000000000000000000000000000         4.7275753922904956E-003
   174.000000000000000000000000000000000         3.4778894130020072E-003
   175.000000000000000000000000000000000         2.4179164395247664E-003
   176.000000000000000000000000000000000         1.5488871381867410E-003
   177.000000000000000000000000000000000         8.7186454636531342E-004
   178.000000000000000000000000000000000         3.8769057700228080E-004
   179.000000000000000000000000000000000         9.6951922642156863E-005
   180.000000000000000000000000000000000         2.4151326050667729E-015
   181.000000000000000000000000000000000         9.6953864975605700E-005
   182.000000000000000000000000000000000         3.8769572768662707E-004
   183.000000000000000000000000000000000         8.7187036390297325E-004
   184.000000000000000000000000000000000         1.5488892209401591E-003
   185.000000000000000000000000000000000         2.4179261039247698E-003
   186.000000000000000000000000000000000         3.4779232433831877E-003
   187.000000000000000000000000000000000         4.7275888564721064E-003
   188.000000000000000000000000000000000         6.1653982896507096E-003
   189.000000000000000000000000000000000         7.7896061761426483E-003
   190.000000000000000000000000000000000         9.5982440205709327E-003
   191.000000000000000000000000000000000         1.1589060221531590E-002
   192.000000000000000000000000000000000         1.3759679568142308E-002
   193.000000000000000000000000000000000         1.6107440433402936E-002
   194.000000000000000000000000000000000         1.8629495019946280E-002
   195.000000000000000000000000000000000         2.1322733716337566E-002
   196.000000000000000000000000000000000         2.4183906992461809E-002
   197.000000000000000000000000000000000         2.7209531684293457E-002
   198.000000000000000000000000000000000         3.0395894141227790E-002
   199.000000000000000000000000000000000         3.3739154447694951E-002
   200.000000000000000000000000000000000         3.7235208564644816E-002
   201.000000000000000000000000000000000         4.0879790339026389E-002
   202.000000000000000000000000000000000         4.4668414115065662E-002
   203.000000000000000000000000000000000         4.8596650896104585E-002
   204.000000000000000000000000000000000         5.2659540510242860E-002
   205.000000000000000000000000000000000         5.6852140347852034E-002
   206.000000000000000000000000000000000         6.1169435695811139E-002
   207.000000000000000000000000000000000         6.5606038777274833E-002
   208.000000000000000000000000000000000         7.0156657063835670E-002
   209.000000000000000000000000000000000         7.4815698068795358E-002
   210.000000000000000000000000000000000         7.9577463145737867E-002
   211.000000000000000000000000000000000         8.4436249685611933E-002
   212.000000000000000000000000000000000         8.9386032383262454E-002
   213.000000000000000000000000000000000         9.4420823264650483E-002
   214.000000000000000000000000000000000         9.9534451715098407E-002
   215.000000000000000000000000000000000        0.10472077496443938     
   216.000000000000000000000000000000000        0.10997330937475419     
   217.000000000000000000000000000000000        0.11528592445276915     
   218.000000000000000000000000000000000        0.12065191170534702     
   219.000000000000000000000000000000000        0.12606479938056198     
   220.000000000000000000000000000000000        0.13151797435596815     
   221.000000000000000000000000000000000        0.13700488614967729     
   222.000000000000000000000000000000000        0.14251875335339265     
   223.000000000000000000000000000000000        0.14805288575416098     
   224.000000000000000000000000000000000        0.15360050704879913     
   225.000000000000000000000000000000000        0.15915497344741492     
   226.000000000000000000000000000000000        0.16470939901581669     
   227.000000000000000000000000000000000        0.17025706097124693     
   228.000000000000000000000000000000000        0.17579124021749001     
   229.000000000000000000000000000000000        0.18130506006811770     
   230.000000000000000000000000000000000        0.18679204912375649     
   231.000000000000000000000000000000000        0.19224514599406559     
   232.000000000000000000000000000000000        0.19765811891046312     
   233.000000000000000000000000000000000        0.20302401974707279     
   234.000000000000000000000000000000000        0.20833665362220341     
   235.000000000000000000000000000000000        0.21358916773493347     
   236.000000000000000000000000000000000        0.21877556400836462     
   237.000000000000000000000000000000000        0.22388911761565800     
   238.000000000000000000000000000000000        0.22892399027191213     
   239.000000000000000000000000000000000        0.23387368906605194     
   240.000000000000000000000000000000000        0.23873250484685848     
   241.000000000000000000000000000000000        0.24349423825494212     
   242.000000000000000000000000000000000        0.24815330476960157     
   243.000000000000000000000000000000000        0.25270389483109995     
   244.000000000000000000000000000000000        0.25714060360498192     
   245.000000000000000000000000000000000        0.26145779027095389     
   246.000000000000000000000000000000000        0.26565043481673983     
   247.000000000000000000000000000000000        0.26971327647355292     
   248.000000000000000000000000000000000        0.27364137111687470     
   249.000000000000000000000000000000000        0.27743013353762180     
   250.000000000000000000000000000000000        0.28107468421242965     
   251.000000000000000000000000000000000        0.28457076570916617     
   252.000000000000000000000000000000000        0.28791393047334540     
   253.000000000000000000000000000000000        0.29110038454413967     
   254.000000000000000000000000000000000        0.29412596256865409     
   255.000000000000000000000000000000000        0.29698717839412070     
   256.000000000000000000000000000000000        0.29968036345037413     
   257.000000000000000000000000000000000        0.30220246738957851     
   258.000000000000000000000000000000000        0.30455028844793419     
   259.000000000000000000000000000000000        0.30672084316542059     
   260.000000000000000000000000000000000        0.30871152416556785     
   261.000000000000000000000000000000000        0.31052029264783670     
   262.000000000000000000000000000000000        0.31214429015762440     
   263.000000000000000000000000000000000        0.31358230529975650     
   264.000000000000000000000000000000000        0.31483187524895745     
   265.000000000000000000000000000000000        0.31589196330255520     
   266.000000000000000000000000000000000        0.31676094908711716     
   267.000000000000000000000000000000000        0.31743801423402451     
   268.000000000000000000000000000000000        0.31792209089693568     
   269.000000000000000000000000000000000        0.31821292588896238     
   270.000000000000000000000000000000000        0.31830982620902709     
   271.000000000000000000000000000000000        0.31821292297545328     
   272.000000000000000000000000000000000        0.31792208329610200     
   273.000000000000000000000000000000000        0.31743800550772849     
   274.000000000000000000000000000000000        0.31676104237260538     
   275.000000000000000000000000000000000        0.31589194880602295     
   276.000000000000000000000000000000000        0.31483204773852103     
   277.000000000000000000000000000000000        0.31358228510350278     
   278.000000000000000000000000000000000        0.31214452956083771     
   279.000000000000000000000000000000000        0.31052026685027656     
   280.000000000000000000000000000000000        0.30871174172837701     
   281.000000000000000000000000000000000        0.30672081189230643     
   282.000000000000000000000000000000000        0.30455034454702024     
   283.000000000000000000000000000000000        0.30220243079320902     
   284.000000000000000000000000000000000        0.29968046425853068     
   285.000000000000000000000000000000000        0.29698713665279802     
   286.000000000000000000000000000000000        0.29412601370795849     
   287.000000000000000000000000000000000        0.29110033786123957     
   288.000000000000000000000000000000000        0.28791405214558918     
   289.000000000000000000000000000000000        0.28457071431210323     
   290.000000000000000000000000000000000        0.28107463793316134     
   291.000000000000000000000000000000000        0.27743007767684402     
   292.000000000000000000000000000000000        0.27364143182023454     
   293.000000000000000000000000000000000        0.26971321642119256     
   294.000000000000000000000000000000000        0.26565046789242569     
   295.000000000000000000000000000000000        0.26145772631956843     
   296.000000000000000000000000000000000        0.25714048864959416     
   297.000000000000000000000000000000000        0.25270382729227248     
   298.000000000000000000000000000000000        0.24815331958481882     
   299.000000000000000000000000000000000        0.24349416745771438     
   300.000000000000000000000000000000000        0.23873252915964832     
   301.000000000000000000000000000000000        0.23387361535527304     
   302.000000000000000000000000000000000        0.22892392354054414     
   303.000000000000000000000000000000000        0.22388904135049881     
   304.000000000000000000000000000000000        0.21877554766928231     
   305.000000000000000000000000000000000        0.21358908928690576     
   306.000000000000000000000000000000000        0.20833655534904721     
   307.000000000000000000000000000000000        0.20302393949848951     
   308.000000000000000000000000000000000        0.19765791484687589     
   309.000000000000000000000000000000000        0.19224506433570876     
   310.000000000000000000000000000000000        0.18679184431016010     
   311.000000000000000000000000000000000        0.18130497739796886     
   312.000000000000000000000000000000000        0.17579113824674614     
   313.000000000000000000000000000000000        0.17025697769198331     
   314.000000000000000000000000000000000        0.16470930162254066     
   315.000000000000000000000000000000000        0.15915488996484098     
   316.000000000000000000000000000000000        0.15360031379440911     
   317.000000000000000000000000000000000        0.14805280247490629     
   318.000000000000000000000000000000000        0.14251862114104166     
   319.000000000000000000000000000000000        0.13700480347954200     
   320.000000000000000000000000000000000        0.13151778408793360     
   321.000000000000000000000000000000000        0.12606471772225489     
   322.000000000000000000000000000000000        0.12065179506524631     
   323.000000000000000000000000000000000        0.11528584420415165     
   324.000000000000000000000000000000000        0.10997326957550661     
   325.000000000000000000000000000000000        0.10472069651643107     
   326.000000000000000000000000000000000         9.9534398549234751E-002
   327.000000000000000000000000000000000         9.4420746999512986E-002
   328.000000000000000000000000000000000         8.9385911553804029E-002
   329.000000000000000000000000000000000         8.4436175974828359E-002
   330.000000000000000000000000000000000         7.9577414017828557E-002
   331.000000000000000000000000000000000         7.4815627271535332E-002
   332.000000000000000000000000000000000         7.0156681019755404E-002
   333.000000000000000000000000000000000         6.5605971238420976E-002
   334.000000000000000000000000000000000         6.1169329328184183E-002
   335.000000000000000000000000000000000         5.6852076396479954E-002
   336.000000000000000000000000000000000         5.2659421800425738E-002
   337.000000000000000000000000000000000         4.8596590843737950E-002
   338.000000000000000000000000000000000         4.4668401965388099E-002
   339.000000000000000000000000000000000         4.0879734478285711E-002
   340.000000000000000000000000000000000         3.7235138284154000E-002
   341.000000000000000000000000000000000         3.3739103050670793E-002
   342.000000000000000000000000000000000         3.0395844597719098E-002
   343.000000000000000000000000000000000         2.7209485001421882E-002
   344.000000000000000000000000000000000         2.4183776638426573E-002
   345.000000000000000000000000000000000         2.1322691975042045E-002
   346.000000000000000000000000000000000         1.8629434729760412E-002
   347.000000000000000000000000000000000         1.6107403837045495E-002
   348.000000000000000000000000000000000         1.3759642438402086E-002
   349.000000000000000000000000000000000         1.1589028948398224E-002
   350.000000000000000000000000000000000         9.5981985004457079E-003
   351.000000000000000000000000000000000         7.7895803786051585E-003
   352.000000000000000000000000000000000         6.1654071475305576E-003
   353.000000000000000000000000000000000         4.7275686602055635E-003
   354.000000000000000000000000000000000         3.4779053728993528E-003
   355.000000000000000000000000000000000         2.4179116073316234E-003
   356.000000000000000000000000000000000         1.5488766169228470E-003
   357.000000000000000000000000000000000         8.7186163760174856E-004
   358.000000000000000000000000000000000         3.8768995613452852E-004
   359.000000000000000000000000000000000         9.6950951482213980E-005
   360.000000000000000000000000000000000         2.2876471290852556E-014
