   1.00000000000000000000000000000000000         9.6952893806837479E-005
   2.00000000000000000000000000000000000         3.8769345305318095E-004
   3.00000000000000000000000000000000000         8.7186745513016404E-004
   4.00000000000000000000000000000000000         1.5488803142738546E-003
   5.00000000000000000000000000000000000         2.4179212717234800E-003
   6.00000000000000000000000000000000000         3.4779173539009772E-003
   7.00000000000000000000000000000000000         4.7275821243764633E-003
   8.00000000000000000000000000000000000         6.1654164837969165E-003
   9.00000000000000000000000000000000000         7.7895975769611478E-003
   10.0000000000000000000000000000000000         9.5982173516066336E-003
   11.0000000000000000000000000000000000         1.1589049797141145E-002
   12.0000000000000000000000000000000000         1.3759633278935243E-002
   13.0000000000000000000000000000000000         1.6107428234617326E-002
   14.0000000000000000000000000000000000         1.8629469217627516E-002
   15.0000000000000000000000000000000000         2.1322719802568810E-002
   16.0000000000000000000000000000000000         2.4183849918071442E-002
   17.0000000000000000000000000000000000         2.7209516123326376E-002
   18.0000000000000000000000000000000000         3.0395881503116746E-002
   19.0000000000000000000000000000000000         3.3739137315353572E-002
   20.0000000000000000000000000000000000         3.7235244218644964E-002
   21.0000000000000000000000000000000000         4.0879771718789502E-002
   22.0000000000000000000000000000000000         4.4668461560765461E-002
   23.0000000000000000000000000000000000         4.8596630878641224E-002
   24.0000000000000000000000000000000000         5.2659470276221615E-002
   25.0000000000000000000000000000000000         5.6852119030712807E-002
   26.0000000000000000000000000000000000         6.1169395374074446E-002
   27.0000000000000000000000000000000000         6.5606016264325426E-002
   28.0000000000000000000000000000000000         7.0156621723654791E-002
   29.0000000000000000000000000000000000         7.4815674469704205E-002
   30.0000000000000000000000000000000000         7.9577499323308834E-002
   31.0000000000000000000000000000000000         8.4436225115324351E-002
   32.0000000000000000000000000000000000         8.9385873802547172E-002
   33.0000000000000000000000000000000000         9.4420797842928131E-002
   34.0000000000000000000000000000000000         9.9534455756906781E-002
   35.0000000000000000000000000000000000        0.10472074881508529     
   36.0000000000000000000000000000000000        0.10997353407471530     
   37.0000000000000000000000000000000000        0.11528589770323121     
   38.0000000000000000000000000000000000        0.12065188355413131     
   39.0000000000000000000000000000000000        0.12606477216112044     
   40.0000000000000000000000000000000000        0.13151789491210505     
   41.0000000000000000000000000000000000        0.13700485859297987     
   42.0000000000000000000000000000000000        0.14251867730938125     
   43.0000000000000000000000000000000000        0.14805285799439796     
   44.0000000000000000000000000000000000        0.15360061798607844     
   45.0000000000000000000000000000000000        0.15915494561988808     
   46.0000000000000000000000000000000000        0.16470939728814504     
   47.0000000000000000000000000000000000        0.17025703321148428     
   48.0000000000000000000000000000000000        0.17579111451467419     
   49.0000000000000000000000000000000000        0.18130503251141680     
   50.0000000000000000000000000000000000        0.18679194531868093     
   51.0000000000000000000000000000000000        0.19224511877459752     
   52.0000000000000000000000000000000000        0.19765812896515675     
   53.0000000000000000000000000000000000        0.20302399299753940     
   54.0000000000000000000000000000000000        0.20833645608213036     
   55.0000000000000000000000000000000000        0.21358914158559164     
   56.0000000000000000000000000000000000        0.21877549399442683     
   57.0000000000000000000000000000000000        0.22388909219393774     
   58.0000000000000000000000000000000000        0.22892389798536847     
   59.0000000000000000000000000000000000        0.23387366449578692     
   60.0000000000000000000000000000000000        0.23873223770602597     
   61.0000000000000000000000000000000000        0.24349421465587268     
   62.0000000000000000000000000000000000        0.24815323136090009     
   63.0000000000000000000000000000000000        0.25270387231814423     
   64.0000000000000000000000000000000000        0.25714049201934397     
   65.0000000000000000000000000000000000        0.26145776895386769     
   66.0000000000000000000000000000000000        0.26565034846520097     
   67.0000000000000000000000000000000000        0.26971325645610089     
   68.0000000000000000000000000000000000        0.27364148506402258     
   69.0000000000000000000000000000000000        0.27743011491736080     
   70.0000000000000000000000000000000000        0.28107481084874980     
   71.0000000000000000000000000000000000        0.28457074857680642     
   72.0000000000000000000000000000000000        0.28791396133454056     
   73.0000000000000000000000000000000000        0.29110036898315739     
   74.0000000000000000000000000000000000        0.29412587035696547     
   75.0000000000000000000000000000000000        0.29698716448035478     
   76.0000000000000000000000000000000000        0.29968031464243405     
   77.0000000000000000000000000000000000        0.30220245519078781     
   78.0000000000000000000000000000000000        0.30455012725500663     
   79.0000000000000000000000000000000000        0.30672083274107176     
   80.0000000000000000000000000000000000        0.30871183782841677     
   81.0000000000000000000000000000000000        0.31052028404865373     
   82.0000000000000000000000000000000000        0.31214450656473924     
   83.0000000000000000000000000000000000        0.31358229856770625     
   84.0000000000000000000000000000000000        0.31483178756317814     
   85.0000000000000000000000000000000000        0.31589195847038137     
   86.0000000000000000000000000000000000        0.31676106101580420     
   87.0000000000000000000000000000000000        0.31743801132528088     
   88.0000000000000000000000000000000000        0.31792218356691981     
   89.0000000000000000000000000000000000        0.31821292491781161     
   90.0000000000000000000000000000000000        0.31830981371894446     
   91.0000000000000000000000000000000000        0.31821292394662437     
   92.0000000000000000000000000000000000        0.31792219080752693     
   93.0000000000000000000000000000000000        0.31743800841647424     
   94.0000000000000000000000000000000000        0.31676101739923224     
   95.0000000000000000000000000000000000        0.31589195363821432     
   96.0000000000000000000000000000000000        0.31483194509618789     
   97.0000000000000000000000000000000000        0.31358229183560610     
   98.0000000000000000000000000000000000        0.31214444089896720     
   99.0000000000000000000000000000000000        0.31052027544941896     
   100.000000000000000000000000000000000        0.30871150531781533     
   101.000000000000000000000000000000000        0.30672082231669356     
   102.000000000000000000000000000000000        0.30455026295134885     
   103.000000000000000000000000000000000        0.30220244299201582     
   104.000000000000000000000000000000000        0.29968034186439962     
   105.000000000000000000000000000000000        0.29698715056657743     
   106.000000000000000000000000000000000        0.29412587633212184     
   107.000000000000000000000000000000000        0.29110035342219071     
   108.000000000000000000000000000000000        0.28791401087564850     
   109.000000000000000000000000000000000        0.28457073144449707     
   110.000000000000000000000000000000000        0.28107474368891000     
   111.000000000000000000000000000000000        0.27743009629708654     
   112.000000000000000000000000000000000        0.27364152404644093     
   113.000000000000000000000000000000000        0.26971323643864420     
   114.000000000000000000000000000000000        0.26565040539911700     
   115.000000000000000000000000000000000        0.26145774763672386     
   116.000000000000000000000000000000000        0.25714037789405536     
   117.000000000000000000000000000000000        0.25270384980523469     
   118.000000000000000000000000000000000        0.24815315518323455     
   119.000000000000000000000000000000000        0.24349419105674033     
   120.000000000000000000000000000000000        0.23873249604123206     
   121.000000000000000000000000000000000        0.23387363992554941     
   122.000000000000000000000000000000000        0.22892392819077417     
   123.000000000000000000000000000000000        0.22388906677220130     
   124.000000000000000000000000000000000        0.21877531489499011     
   125.000000000000000000000000000000000        0.21358911543625986     
   126.000000000000000000000000000000000        0.20833652766885985     
   127.000000000000000000000000000000000        0.20302396624799757     
   128.000000000000000000000000000000000        0.19765793946310750     
   129.000000000000000000000000000000000        0.19224509155519021     
   130.000000000000000000000000000000000        0.18679181270617048     
   131.000000000000000000000000000000000        0.18130500495468641     
   132.000000000000000000000000000000000        0.17579109133553594     
   133.000000000000000000000000000000000        0.17025700545175365     
   134.000000000000000000000000000000000        0.16470927207030811     
   135.000000000000000000000000000000000        0.15915491779235133     
   136.000000000000000000000000000000000        0.15360046754314055     
   137.000000000000000000000000000000000        0.14805283023467669     
   138.000000000000000000000000000000000        0.14251854434528413     
   139.000000000000000000000000000000000        0.13700483103624472     
   140.000000000000000000000000000000000        0.13151792285396391     
   141.000000000000000000000000000000000        0.12606474494169537     
   142.000000000000000000000000000000000        0.12065171838536665     
   143.000000000000000000000000000000000        0.11528587095367650     
   144.000000000000000000000000000000000        0.10997328456349063     
   145.000000000000000000000000000000000        0.10472072266576289     
   146.000000000000000000000000000000000         9.9534544903854369E-002
   147.000000000000000000000000000000000         9.4420772421212051E-002
   148.000000000000000000000000000000000         8.9385989092193155E-002
   149.000000000000000000000000000000000         8.4436200545081053E-002
   150.000000000000000000000000000000000         7.9577433614602039E-002
   151.000000000000000000000000000000000         7.4815650870609332E-002
   152.000000000000000000000000000000000         7.0156603455131888E-002
   153.000000000000000000000000000000000         6.5605993751386663E-002
   154.000000000000000000000000000000000         6.1169373649382054E-002
   155.000000000000000000000000000000000         5.6852097713589803E-002
   156.000000000000000000000000000000000         5.2659498832666324E-002
   157.000000000000000000000000000000000         4.8596610861205980E-002
   158.000000000000000000000000000000000         4.4668420432381582E-002
   159.000000000000000000000000000000000         4.0879753098529564E-002
   160.000000000000000000000000000000000         3.7235152284153653E-002
   161.000000000000000000000000000000000         3.3739120183014212E-002
   162.000000000000000000000000000000000         3.0395906830275914E-002
   163.000000000000000000000000000000000         2.7209500562367765E-002
   164.000000000000000000000000000000000         2.4183881262217825E-002
   165.000000000000000000000000000000000         2.1322705888800732E-002
   166.000000000000000000000000000000000         1.8629478612592957E-002
   167.000000000000000000000000000000000         1.6107416035820575E-002
   168.000000000000000000000000000000000         1.3759656136200286E-002
   169.000000000000000000000000000000000         1.1589039372765913E-002
   170.000000000000000000000000000000000         9.5981736296490844E-003
   171.000000000000000000000000000000000         7.7895889777789551E-003
   172.000000000000000000000000000000000         6.1653831086400804E-003
   173.000000000000000000000000000000000         4.7275753922901642E-003
   174.000000000000000000000000000000000         3.4778934600943135E-003
   175.000000000000000000000000000000000         2.4179164395247590E-003
   176.000000000000000000000000000000000         1.5488860468299633E-003
   177.000000000000000000000000000000000         8.7186454636514451E-004
   178.000000000000000000000000000000000         3.8769074698430579E-004
   179.000000000000000000000000000000000         9.6951922642095470E-005
   180.000000000000000000000000000000000         2.4183328939320739E-015
   181.000000000000000000000000000000000         9.6953864975634092E-005
   182.000000000000000000000000000000000         3.8769566705365317E-004
   183.000000000000000000000000000000000         8.7187036390304297E-004
   184.000000000000000000000000000000000         1.5488891592088435E-003
   185.000000000000000000000000000000000         2.4179261039250399E-003
   186.000000000000000000000000000000000         3.4779232433823529E-003
   187.000000000000000000000000000000000         4.7275888564714992E-003
   188.000000000000000000000000000000000         6.1653986766339805E-003
   189.000000000000000000000000000000000         7.7896061761424133E-003
   190.000000000000000000000000000000000         9.5982409779350446E-003
   191.000000000000000000000000000000000         1.1589060221530407E-002
   192.000000000000000000000000000000000         1.3759679548312019E-002
   193.000000000000000000000000000000000         1.6107440433402662E-002
   194.000000000000000000000000000000000         1.8629492790726739E-002
   195.000000000000000000000000000000000         2.1322733716337784E-002
   196.000000000000000000000000000000000         2.4183907901666225E-002
   197.000000000000000000000000000000000         2.7209531684292715E-002
   198.000000000000000000000000000000000         3.0395896395224338E-002
   199.000000000000000000000000000000000         3.3739154447695117E-002
   200.000000000000000000000000000000000         3.7235207403787725E-002
   201.000000000000000000000000000000000         4.0879790339029110E-002
   202.000000000000000000000000000000000         4.4668425831507229E-002
   203.000000000000000000000000000000000         4.8596650896103974E-002
   204.000000000000000000000000000000000         5.2659537051585811E-002
   205.000000000000000000000000000000000         5.6852140347851111E-002
   206.000000000000000000000000000000000         6.1169429099518911E-002
   207.000000000000000000000000000000000         6.5606038777273987E-002
   208.000000000000000000000000000000000         7.0156656337516832E-002
   209.000000000000000000000000000000000         7.4815698068794262E-002
   210.000000000000000000000000000000000         7.9577469382405855E-002
   211.000000000000000000000000000000000         8.4436249685608256E-002
   212.000000000000000000000000000000000         8.9386032884818695E-002
   213.000000000000000000000000000000000         9.4420823264649859E-002
   214.000000000000000000000000000000000         9.9534456846888983E-002
   215.000000000000000000000000000000000        0.10472077496443551     
   216.000000000000000000000000000000000        0.10997332396772491     
   217.000000000000000000000000000000000        0.11528592445277096     
   218.000000000000000000000000000000000        0.12065191083323647     
   219.000000000000000000000000000000000        0.12606479938056248     
   220.000000000000000000000000000000000        0.13151798030801076     
   221.000000000000000000000000000000000        0.13700488614968023     
   222.000000000000000000000000000000000        0.14251875304108819     
   223.000000000000000000000000000000000        0.14805288575415995     
   224.000000000000000000000000000000000        0.15360051413350337     
   225.000000000000000000000000000000000        0.15915497344741650     
   226.000000000000000000000000000000000        0.16470939934708517     
   227.000000000000000000000000000000000        0.17025706097124307     
   228.000000000000000000000000000000000        0.17579123197395025     
   229.000000000000000000000000000000000        0.18130506006811714     
   230.000000000000000000000000000000000        0.18679202905502310     
   231.000000000000000000000000000000000        0.19224514599406034     
   232.000000000000000000000000000000000        0.19765810418485338     
   233.000000000000000000000000000000000        0.20302401974707579     
   234.000000000000000000000000000000000        0.20833663548249207     
   235.000000000000000000000000000000000        0.21358916773493009     
   236.000000000000000000000000000000000        0.21877554544123551     
   237.000000000000000000000000000000000        0.22388911761565800     
   238.000000000000000000000000000000000        0.22892397471560777     
   239.000000000000000000000000000000000        0.23387368906605258     
   240.000000000000000000000000000000000        0.23873249307960634     
   241.000000000000000000000000000000000        0.24349423825494179     
   242.000000000000000000000000000000000        0.24815330061732985     
   243.000000000000000000000000000000000        0.25270389483110195     
   244.000000000000000000000000000000000        0.25714059071876449     
   245.000000000000000000000000000000000        0.26145779027095933     
   246.000000000000000000000000000000000        0.26565042985698711     
   247.000000000000000000000000000000000        0.26971327647355087     
   248.000000000000000000000000000000000        0.27364138493145512     
   249.000000000000000000000000000000000        0.27743013353761903     
   250.000000000000000000000000000000000        0.28107469069454494     
   251.000000000000000000000000000000000        0.28457076570916617     
   252.000000000000000000000000000000000        0.28791394523807007     
   253.000000000000000000000000000000000        0.29110038454413606     
   254.000000000000000000000000000000000        0.29412596977413308     
   255.000000000000000000000000000000000        0.29698717839411487     
   256.000000000000000000000000000000000        0.29968037504618911     
   257.000000000000000000000000000000000        0.30220246738957851     
   258.000000000000000000000000000000000        0.30455027712342359     
   259.000000000000000000000000000000000        0.30672084316542209     
   260.000000000000000000000000000000000        0.30871155137798423     
   261.000000000000000000000000000000000        0.31052029264783376     
   262.000000000000000000000000000000000        0.31214432759872768     
   263.000000000000000000000000000000000        0.31358230529975800     
   264.000000000000000000000000000000000        0.31483189221220131     
   265.000000000000000000000000000000000        0.31589196330256047     
   266.000000000000000000000000000000000        0.31676095800340492     
   267.000000000000000000000000000000000        0.31743801423402529     
   268.000000000000000000000000000000000        0.31792210833106993     
   269.000000000000000000000000000000000        0.31821292588896016     
   270.000000000000000000000000000000000        0.31830983550302294     
   271.000000000000000000000000000000000        0.31821292297545251     
   272.000000000000000000000000000000000        0.31792210105339647     
   273.000000000000000000000000000000000        0.31743800550772699     
   274.000000000000000000000000000000000        0.31676103221543461     
   275.000000000000000000000000000000000        0.31589194880601545     
   276.000000000000000000000000000000000        0.31483203018420608     
   277.000000000000000000000000000000000        0.31358228510350128     
   278.000000000000000000000000000000000        0.31214451929028425     
   279.000000000000000000000000000000000        0.31052026685027656     
   280.000000000000000000000000000000000        0.30871172419251464     
   281.000000000000000000000000000000000        0.30672081189230427     
   282.000000000000000000000000000000000        0.30455031684895806     
   283.000000000000000000000000000000000        0.30220243079320974     
   284.000000000000000000000000000000000        0.29968045039964258     
   285.000000000000000000000000000000000        0.29698713665279580     
   286.000000000000000000000000000000000        0.29412600357191998     
   287.000000000000000000000000000000000        0.29110033786123957     
   288.000000000000000000000000000000000        0.28791403586629771     
   289.000000000000000000000000000000000        0.28457071431211034     
   290.000000000000000000000000000000000        0.28107464307303748     
   291.000000000000000000000000000000000        0.27743007767684330     
   292.000000000000000000000000000000000        0.27364142405386088     
   293.000000000000000000000000000000000        0.26971321642119050     
   294.000000000000000000000000000000000        0.26565044563897067     
   295.000000000000000000000000000000000        0.26145772631957387     
   296.000000000000000000000000000000000        0.25714048470341383     
   297.000000000000000000000000000000000        0.25270382729227109     
   298.000000000000000000000000000000000        0.24815330015519396     
   299.000000000000000000000000000000000        0.24349416745770747     
   300.000000000000000000000000000000000        0.23873249982678438     
   301.000000000000000000000000000000000        0.23387361535527626     
   302.000000000000000000000000000000000        0.22892390647473049     
   303.000000000000000000000000000000000        0.22388904135049975     
   304.000000000000000000000000000000000        0.21877551799948855     
   305.000000000000000000000000000000000        0.21358908928690976     
   306.000000000000000000000000000000000        0.20833654064142404     
   307.000000000000000000000000000000000        0.20302393949848413     
   308.000000000000000000000000000000000        0.19765792249595315     
   309.000000000000000000000000000000000        0.19224506433571226     
   310.000000000000000000000000000000000        0.18679184653220748     
   311.000000000000000000000000000000000        0.18130497739796686     
   312.000000000000000000000000000000000        0.17579113344783701     
   313.000000000000000000000000000000000        0.17025697769198303     
   314.000000000000000000000000000000000        0.16470930449226875     
   315.000000000000000000000000000000000        0.15915488996483726     
   316.000000000000000000000000000000000        0.15360034084686153     
   317.000000000000000000000000000000000        0.14805280247490732     
   318.000000000000000000000000000000000        0.14251862977184110     
   319.000000000000000000000000000000000        0.13700480347954128     
   320.000000000000000000000000000000000        0.13151780968610191     
   321.000000000000000000000000000000000        0.12606471772225536     
   322.000000000000000000000000000000000        0.12065180067264250     
   323.000000000000000000000000000000000        0.11528584420415165     
   324.000000000000000000000000000000000        0.10997327696894718     
   325.000000000000000000000000000000000        0.10472069651643150     
   326.000000000000000000000000000000000         9.9534399274142635E-002
   327.000000000000000000000000000000000         9.4420746999509919E-002
   328.000000000000000000000000000000000         8.9385920381867268E-002
   329.000000000000000000000000000000000         8.4436175974828748E-002
   330.000000000000000000000000000000000         7.9577416041743690E-002
   331.000000000000000000000000000000000         7.4815627271534249E-002
   332.000000000000000000000000000000000         7.0156663354134910E-002
   333.000000000000000000000000000000000         6.5605971238422336E-002
   334.000000000000000000000000000000000         6.1169330110518408E-002
   335.000000000000000000000000000000000         5.6852076396477415E-002
   336.000000000000000000000000000000000         5.2659428645432702E-002
   337.000000000000000000000000000000000         4.8596590843739421E-002
   338.000000000000000000000000000000000         4.4668405346886035E-002
   339.000000000000000000000000000000000         4.0879734478284767E-002
   340.000000000000000000000000000000000         3.7235140144917252E-002
   341.000000000000000000000000000000000         3.3739103050672077E-002
   342.000000000000000000000000000000000         3.0395846937837534E-002
   343.000000000000000000000000000000000         2.7209485001420616E-002
   344.000000000000000000000000000000000         2.4183793204891113E-002
   345.000000000000000000000000000000000         2.1322691975042142E-002
   346.000000000000000000000000000000000         1.8629436336447040E-002
   347.000000000000000000000000000000000         1.6107403837044947E-002
   348.000000000000000000000000000000000         1.3759642995719454E-002
   349.000000000000000000000000000000000         1.1589028948398099E-002
   350.000000000000000000000000000000000         9.5981985427926186E-003
   351.000000000000000000000000000000000         7.7895803786050257E-003
   352.000000000000000000000000000000000         6.1654017401817128E-003
   353.000000000000000000000000000000000         4.7275686602055982E-003
   354.000000000000000000000000000000000         3.4779054662587563E-003
   355.000000000000000000000000000000000         2.4179116073315293E-003
   356.000000000000000000000000000000000         1.5488767343717904E-003
   357.000000000000000000000000000000000         8.7186163760182727E-004
   358.000000000000000000000000000000000         3.8768988606649723E-004
   359.000000000000000000000000000000000         9.6950951482199438E-005
   360.000000000000000000000000000000000         1.1196625715517406E-014
