   1.00000000000000000000000000000000000         9.6952893807388511E-005
   2.00000000000000000000000000000000000         3.8769345305425865E-004
   3.00000000000000000000000000000000000         8.7186745512866980E-004
   4.00000000000000000000000000000000000         1.5488752722587343E-003
   5.00000000000000000000000000000000000         2.4179212717240777E-003
   6.00000000000000000000000000000000000         3.4779172424063364E-003
   7.00000000000000000000000000000000000         4.7275821243763227E-003
   8.00000000000000000000000000000000000         6.1654419781222410E-003
   9.00000000000000000000000000000000000         7.7895975769650943E-003
   10.0000000000000000000000000000000000         9.5982169038326334E-003
   11.0000000000000000000000000000000000         1.1589049797136939E-002
   12.0000000000000000000000000000000000         1.3759595834979202E-002
   13.0000000000000000000000000000000000         1.6107428234624837E-002
   14.0000000000000000000000000000000000         1.8629468704892065E-002
   15.0000000000000000000000000000000000         2.1322719802567933E-002
   16.0000000000000000000000000000000000         2.4183799083630022E-002
   17.0000000000000000000000000000000000         2.7209516123326030E-002
   18.0000000000000000000000000000000000         3.0395872181791600E-002
   19.0000000000000000000000000000000000         3.3739137315353961E-002
   20.0000000000000000000000000000000000         3.7235308583565538E-002
   21.0000000000000000000000000000000000         4.0879771718795907E-002
   22.0000000000000000000000000000000000         4.4668464069677991E-002
   23.0000000000000000000000000000000000         4.8596630878635298E-002
   24.0000000000000000000000000000000000         5.2659437483118861E-002
   25.0000000000000000000000000000000000         5.6852119030709219E-002
   26.0000000000000000000000000000000000         6.1169414585250270E-002
   27.0000000000000000000000000000000000         6.5606016264330463E-002
   28.0000000000000000000000000000000000         7.0156612835312215E-002
   29.0000000000000000000000000000000000         7.4815674469709395E-002
   30.0000000000000000000000000000000000         7.9577527222653280E-002
   31.0000000000000000000000000000000000         8.4436225115311347E-002
   32.0000000000000000000000000000000000         8.9385727376237858E-002
   33.0000000000000000000000000000000000         9.4420797842929019E-002
   34.0000000000000000000000000000000000         9.9534457494973874E-002
   35.0000000000000000000000000000000000        0.10472074881508123     
   36.0000000000000000000000000000000000        0.10997371763860044     
   37.0000000000000000000000000000000000        0.11528589770322778     
   38.0000000000000000000000000000000000        0.12065188747056078     
   39.0000000000000000000000000000000000        0.12606477216111145     
   40.0000000000000000000000000000000000        0.13151780385715475     
   41.0000000000000000000000000000000000        0.13700485859298686     
   42.0000000000000000000000000000000000        0.14251862720249772     
   43.0000000000000000000000000000000000        0.14805285799438697     
   44.0000000000000000000000000000000000        0.15360072515935944     
   45.0000000000000000000000000000000000        0.15915494561988791     
   46.0000000000000000000000000000000000        0.16470942334618743     
   47.0000000000000000000000000000000000        0.17025703321148977     
   48.0000000000000000000000000000000000        0.17579105792359137     
   49.0000000000000000000000000000000000        0.18130503251143992     
   50.0000000000000000000000000000000000        0.18679198181326789     
   51.0000000000000000000000000000000000        0.19224511877459205     
   52.0000000000000000000000000000000000        0.19765825575585652     
   53.0000000000000000000000000000000000        0.20302399299753196     
   54.0000000000000000000000000000000000        0.20833637949409584     
   55.0000000000000000000000000000000000        0.21358914158559486     
   56.0000000000000000000000000000000000        0.21877555619030750     
   57.0000000000000000000000000000000000        0.22388909219393441     
   58.0000000000000000000000000000000000        0.22892391762410941     
   59.0000000000000000000000000000000000        0.23387366449576852     
   60.0000000000000000000000000000000000        0.23873204617549312     
   61.0000000000000000000000000000000000        0.24349421465589305     
   62.0000000000000000000000000000000000        0.24815320182264222     
   63.0000000000000000000000000000000000        0.25270387231812097     
   64.0000000000000000000000000000000000        0.25714047184495192     
   65.0000000000000000000000000000000000        0.26145776895387812     
   66.0000000000000000000000000000000000        0.26565030722826311     
   67.0000000000000000000000000000000000        0.26971325645611033     
   68.0000000000000000000000000000000000        0.27364154660587237     
   69.0000000000000000000000000000000000        0.27743011491736819     
   70.0000000000000000000000000000000000        0.28107492778523269     
   71.0000000000000000000000000000000000        0.28457074857678188     
   72.0000000000000000000000000000000000        0.28791392482871492     
   73.0000000000000000000000000000000000        0.29110036898315089     
   74.0000000000000000000000000000000000        0.29412574458777063     
   75.0000000000000000000000000000000000        0.29698716448038587     
   76.0000000000000000000000000000000000        0.29968020774985621     
   77.0000000000000000000000000000000000        0.30220245519078109     
   78.0000000000000000000000000000000000        0.30455003317725060     
   79.0000000000000000000000000000000000        0.30672083274108924     
   80.0000000000000000000000000000000000        0.30871202419333743     
   81.0000000000000000000000000000000000        0.31052028404866483     
   82.0000000000000000000000000000000000        0.31214452606060483     
   83.0000000000000000000000000000000000        0.31358229856773473     
   84.0000000000000000000000000000000000        0.31483159938764443     
   85.0000000000000000000000000000000000        0.31589195847037438     
   86.0000000000000000000000000000000000        0.31676113272308343     
   87.0000000000000000000000000000000000        0.31743801132529881     
   88.0000000000000000000000000000000000        0.31792218219574164     
   89.0000000000000000000000000000000000        0.31821292491783726     
   90.0000000000000000000000000000000000        0.31830974540025064     
   91.0000000000000000000000000000000000        0.31821292394662787     
   92.0000000000000000000000000000000000        0.31792219929823695     
   93.0000000000000000000000000000000000        0.31743800841645259     
   94.0000000000000000000000000000000000        0.31676104641879760     
   95.0000000000000000000000000000000000        0.31589195363824313     
   96.0000000000000000000000000000000000        0.31483193233695966     
   97.0000000000000000000000000000000000        0.31358229183562425     
   98.0000000000000000000000000000000000        0.31214439810341094     
   99.0000000000000000000000000000000000        0.31052027544937233     
   100.000000000000000000000000000000000        0.30871134476428880     
   101.000000000000000000000000000000000        0.30672082231671138     
   102.000000000000000000000000000000000        0.30455032677839239     
   103.000000000000000000000000000000000        0.30220244299202642     
   104.000000000000000000000000000000000        0.29968027824217497     
   105.000000000000000000000000000000000        0.29698715056659847     
   106.000000000000000000000000000000000        0.29412577281934793     
   107.000000000000000000000000000000000        0.29110035342217683     
   108.000000000000000000000000000000000        0.28791404514885810     
   109.000000000000000000000000000000000        0.28457073144450734     
   110.000000000000000000000000000000000        0.28107480770290583     
   111.000000000000000000000000000000000        0.27743009629707299     
   112.000000000000000000000000000000000        0.27364164822084480     
   113.000000000000000000000000000000000        0.26971323643865092     
   114.000000000000000000000000000000000        0.26565044752515460     
   115.000000000000000000000000000000000        0.26145774763671725     
   116.000000000000000000000000000000000        0.25714025869339791     
   117.000000000000000000000000000000000        0.25270384980525412     
   118.000000000000000000000000000000000        0.24815306860350020     
   119.000000000000000000000000000000000        0.24349419105671063     
   120.000000000000000000000000000000000        0.23873260786628689     
   121.000000000000000000000000000000000        0.23387363992555199     
   122.000000000000000000000000000000000        0.22892400713627631     
   123.000000000000000000000000000000000        0.22388906677217593     
   124.000000000000000000000000000000000        0.21877521243726772     
   125.000000000000000000000000000000000        0.21358911543626230     
   126.000000000000000000000000000000000        0.20833655639623380     
   127.000000000000000000000000000000000        0.20302396624798938     
   128.000000000000000000000000000000000        0.19765789171554296     
   129.000000000000000000000000000000000        0.19224509155521796     
   130.000000000000000000000000000000000        0.18679173619986467     
   131.000000000000000000000000000000000        0.18130500495469515     
   132.000000000000000000000000000000000        0.17579103957343947     
   133.000000000000000000000000000000000        0.17025700545177971     
   134.000000000000000000000000000000000        0.16470919350576019     
   135.000000000000000000000000000000000        0.15915491779234670     
   136.000000000000000000000000000000000        0.15360044300015385     
   137.000000000000000000000000000000000        0.14805283023469606     
   138.000000000000000000000000000000000        0.14251838115029170     
   139.000000000000000000000000000000000        0.13700483103623209     
   140.000000000000000000000000000000000        0.13151789124536747     
   141.000000000000000000000000000000000        0.12606474494169947     
   142.000000000000000000000000000000000        0.12065157389939837     
   143.000000000000000000000000000000000        0.11528587095365836     
   144.000000000000000000000000000000000        0.10997322855967312     
   145.000000000000000000000000000000000        0.10472072266576662     
   146.000000000000000000000000000000000         9.9534670104865650E-002
   147.000000000000000000000000000000000         9.4420772421212454E-002
   148.000000000000000000000000000000000         8.9385993359292495E-002
   149.000000000000000000000000000000000         8.4436200545080622E-002
   150.000000000000000000000000000000000         7.9577416822413052E-002
   151.000000000000000000000000000000000         7.4815650870604433E-002
   152.000000000000000000000000000000000         7.0156599724006757E-002
   153.000000000000000000000000000000000         6.5605993751401956E-002
   154.000000000000000000000000000000000         6.1169393079349925E-002
   155.000000000000000000000000000000000         5.6852097713589393E-002
   156.000000000000000000000000000000000         5.2659518923024784E-002
   157.000000000000000000000000000000000         4.8596610861218782E-002
   158.000000000000000000000000000000000         4.4668399528894689E-002
   159.000000000000000000000000000000000         4.0879753098528253E-002
   160.000000000000000000000000000000000         3.7235137116739973E-002
   161.000000000000000000000000000000000         3.3739120183015406E-002
   162.000000000000000000000000000000000         3.0395942280428068E-002
   163.000000000000000000000000000000000         2.7209500562366182E-002
   164.000000000000000000000000000000000         2.4183879932326555E-002
   165.000000000000000000000000000000000         2.1322705888797668E-002
   166.000000000000000000000000000000000         1.8629502222716039E-002
   167.000000000000000000000000000000000         1.6107416035816294E-002
   168.000000000000000000000000000000000         1.3759655399472482E-002
   169.000000000000000000000000000000000         1.1589039372762873E-002
   170.000000000000000000000000000000000         9.5981364439043908E-003
   171.000000000000000000000000000000000         7.7895889777790306E-003
   172.000000000000000000000000000000000         6.1653809940008563E-003
   173.000000000000000000000000000000000         4.7275753922918183E-003
   174.000000000000000000000000000000000         3.4778738991699800E-003
   175.000000000000000000000000000000000         2.4179164395247647E-003
   176.000000000000000000000000000000000         1.5488913217246174E-003
   177.000000000000000000000000000000000         8.7186454636597880E-004
   178.000000000000000000000000000000000         3.8768992540486356E-004
   179.000000000000000000000000000000000         9.6951922642386117E-005
   180.000000000000000000000000000000000         2.4028844610258861E-015
   181.000000000000000000000000000000000         9.6953864975490950E-005
   182.000000000000000000000000000000000         3.8769596011307072E-004
   183.000000000000000000000000000000000         8.7187036390272291E-004
   184.000000000000000000000000000000000         1.5488894575768799E-003
   185.000000000000000000000000000000000         2.4179261039237033E-003
   186.000000000000000000000000000000000         3.4779232433863878E-003
   187.000000000000000000000000000000000         4.7275888564744725E-003
   188.000000000000000000000000000000000         6.1653968062149508E-003
   189.000000000000000000000000000000000         7.7896061761435010E-003
   190.000000000000000000000000000000000         9.5982556840129747E-003
   191.000000000000000000000000000000000         1.1589060221536187E-002
   192.000000000000000000000000000000000         1.3759679644158411E-002
   193.000000000000000000000000000000000         1.6107440433403911E-002
   194.000000000000000000000000000000000         1.8629503565289092E-002
   195.000000000000000000000000000000000         2.1322733716336820E-002
   196.000000000000000000000000000000000         2.4183903507178368E-002
   197.000000000000000000000000000000000         2.7209531684296195E-002
   198.000000000000000000000000000000000         3.0395885500908462E-002
   199.000000000000000000000000000000000         3.3739154447694486E-002
   200.000000000000000000000000000000000         3.7235213014597167E-002
   201.000000000000000000000000000000000         4.0879790339015808E-002
   202.000000000000000000000000000000000         4.4668369202053873E-002
   203.000000000000000000000000000000000         4.8596650896107117E-002
   204.000000000000000000000000000000000         5.2659553768429262E-002
   205.000000000000000000000000000000000         5.6852140347855386E-002
   206.000000000000000000000000000000000         6.1169460981601316E-002
   207.000000000000000000000000000000000         6.5606038777278275E-002
   208.000000000000000000000000000000000         7.0156659848057953E-002
   209.000000000000000000000000000000000         7.4815698068799355E-002
   210.000000000000000000000000000000000         7.9577439238512862E-002
   211.000000000000000000000000000000000         8.4436249685626200E-002
   212.000000000000000000000000000000000         8.9386030460630192E-002
   213.000000000000000000000000000000000         9.4420823264652662E-002
   214.000000000000000000000000000000000         9.9534432043235740E-002
   215.000000000000000000000000000000000        0.10472077496445439     
   216.000000000000000000000000000000000        0.10997325343504206     
   217.000000000000000000000000000000000        0.11528592445276206     
   218.000000000000000000000000000000000        0.12065191504843752     
   219.000000000000000000000000000000000        0.12606479938056028     
   220.000000000000000000000000000000000        0.13151795153980608     
   221.000000000000000000000000000000000        0.13700488614966583     
   222.000000000000000000000000000000000        0.14251875455055971     
   223.000000000000000000000000000000000        0.14805288575416500     
   224.000000000000000000000000000000000        0.15360047989076772     
   225.000000000000000000000000000000000        0.15915497344740875     
   226.000000000000000000000000000000000        0.16470939774595417     
   227.000000000000000000000000000000000        0.17025706097126173     
   228.000000000000000000000000000000000        0.17579127181772752     
   229.000000000000000000000000000000000        0.18130506006811989     
   230.000000000000000000000000000000000        0.18679212605391116     
   231.000000000000000000000000000000000        0.19224514599408574     
   232.000000000000000000000000000000000        0.19765817535863880     
   233.000000000000000000000000000000000        0.20302401974706130     
   234.000000000000000000000000000000000        0.20833672315777085     
   235.000000000000000000000000000000000        0.21358916773494646     
   236.000000000000000000000000000000000        0.21877563518236681     
   237.000000000000000000000000000000000        0.22388911761565800     
   238.000000000000000000000000000000000        0.22892404990441703     
   239.000000000000000000000000000000000        0.23387368906604947     
   240.000000000000000000000000000000000        0.23873254995466106     
   241.000000000000000000000000000000000        0.24349423825494340     
   242.000000000000000000000000000000000        0.24815332068664350     
   243.000000000000000000000000000000000        0.25270389483109224     
   244.000000000000000000000000000000000        0.25714065300215166     
   245.000000000000000000000000000000000        0.26145779027093302     
   246.000000000000000000000000000000000        0.26565045382912572     
   247.000000000000000000000000000000000        0.26971327647356091     
   248.000000000000000000000000000000000        0.27364131816098652     
   249.000000000000000000000000000000000        0.27743013353763257     
   250.000000000000000000000000000000000        0.28107465936432163     
   251.000000000000000000000000000000000        0.28457076570916617     
   252.000000000000000000000000000000000        0.28791387387523759     
   253.000000000000000000000000000000000        0.29110038454415343     
   254.000000000000000000000000000000000        0.29412593494765199     
   255.000000000000000000000000000000000        0.29698717839414296     
   256.000000000000000000000000000000000        0.29968031899975212     
   257.000000000000000000000000000000000        0.30220246738957851     
   258.000000000000000000000000000000000        0.30455033185856017     
   259.000000000000000000000000000000000        0.30672084316541498     
   260.000000000000000000000000000000000        0.30871141985131606     
   261.000000000000000000000000000000000        0.31052029264784808     
   262.000000000000000000000000000000000        0.31214414663341605     
   263.000000000000000000000000000000000        0.31358230529975079     
   264.000000000000000000000000000000000        0.31483181022319345     
   265.000000000000000000000000000000000        0.31589196330253511     
   266.000000000000000000000000000000000        0.31676091490801522     
   267.000000000000000000000000000000000        0.31743801423402163     
   268.000000000000000000000000000000000        0.31792202406609221     
   269.000000000000000000000000000000000        0.31821292588897104     
   270.000000000000000000000000000000000        0.31830979058204428     
   271.000000000000000000000000000000000        0.31821292297545611     
   272.000000000000000000000000000000000        0.31792201522647778     
   273.000000000000000000000000000000000        0.31743800550773427     
   274.000000000000000000000000000000000        0.31676108130842812     
   275.000000000000000000000000000000000        0.31589194880605165     
   276.000000000000000000000000000000000        0.31483211503006625     
   277.000000000000000000000000000000000        0.31358228510350850     
   278.000000000000000000000000000000000        0.31214456893129439     
   279.000000000000000000000000000000000        0.31052026685027656     
   280.000000000000000000000000000000000        0.30871180894918732     
   281.000000000000000000000000000000000        0.30672081189231493     
   282.000000000000000000000000000000000        0.30455045072293702     
   283.000000000000000000000000000000000        0.30220243079320619     
   284.000000000000000000000000000000000        0.29968051738427143     
   285.000000000000000000000000000000000        0.29698713665280635     
   286.000000000000000000000000000000000        0.29412605256277424     
   287.000000000000000000000000000000000        0.29110033786123957     
   288.000000000000000000000000000000000        0.28791411454954419     
   289.000000000000000000000000000000000        0.28457071431207603     
   290.000000000000000000000000000000000        0.28107461823030322     
   291.000000000000000000000000000000000        0.27743007767684669     
   292.000000000000000000000000000000000        0.27364146159133451     
   293.000000000000000000000000000000000        0.26971321642120055     
   294.000000000000000000000000000000000        0.26565055319734532     
   295.000000000000000000000000000000000        0.26145772631954750     
   296.000000000000000000000000000000000        0.25714050377661890     
   297.000000000000000000000000000000000        0.25270382729227758     
   298.000000000000000000000000000000000        0.24815339406505441     
   299.000000000000000000000000000000000        0.24349416745774083     
   300.000000000000000000000000000000000        0.23873264160231011     
   301.000000000000000000000000000000000        0.23387361535526069     
   302.000000000000000000000000000000000        0.22892398895950239     
   303.000000000000000000000000000000000        0.22388904135049517     
   304.000000000000000000000000000000000        0.21877566140351035     
   305.000000000000000000000000000000000        0.21358908928689041     
   306.000000000000000000000000000000000        0.20833661172827417     
   307.000000000000000000000000000000000        0.20302393949851025     
   308.000000000000000000000000000000000        0.19765788552541447     
   309.000000000000000000000000000000000        0.19224506433569533     
   310.000000000000000000000000000000000        0.18679183579231196     
   311.000000000000000000000000000000000        0.18130497739797646     
   312.000000000000000000000000000000000        0.17579115664256514     
   313.000000000000000000000000000000000        0.17025697769198436     
   314.000000000000000000000000000000000        0.16470929062191658     
   315.000000000000000000000000000000000        0.15915488996485525     
   316.000000000000000000000000000000000        0.15360021009336358     
   317.000000000000000000000000000000000        0.14805280247490235     
   318.000000000000000000000000000000000        0.14251858805631282     
   319.000000000000000000000000000000000        0.13700480347954483     
   320.000000000000000000000000000000000        0.13151768596164493     
   321.000000000000000000000000000000000        0.12606471772225308     
   322.000000000000000000000000000000000        0.12065177357022878     
   323.000000000000000000000000000000000        0.11528584420415165     
   324.000000000000000000000000000000000        0.10997324123398676     
   325.000000000000000000000000000000000        0.10472069651642942     
   326.000000000000000000000000000000000         9.9534395770421211E-002
   327.000000000000000000000000000000000         9.4420746999524768E-002
   328.000000000000000000000000000000000         8.9385877712899006E-002
   329.000000000000000000000000000000000         8.4436175974826874E-002
   330.000000000000000000000000000000000         7.9577406259487421E-002
   331.000000000000000000000000000000000         7.4815627271539523E-002
   332.000000000000000000000000000000000         7.0156748737987870E-002
   333.000000000000000000000000000000000         6.5605971238415745E-002
   334.000000000000000000000000000000000         6.1169326329236377E-002
   335.000000000000000000000000000000000         5.6852076396489697E-002
   336.000000000000000000000000000000000         5.2659395561236506E-002
   337.000000000000000000000000000000000         4.8596590843732322E-002
   338.000000000000000000000000000000000         4.4668389002980348E-002
   339.000000000000000000000000000000000         4.0879734478289326E-002
   340.000000000000000000000000000000000         3.7235131151228625E-002
   341.000000000000000000000000000000000         3.3739103050665867E-002
   342.000000000000000000000000000000000         3.0395835627265926E-002
   343.000000000000000000000000000000000         2.7209485001426725E-002
   344.000000000000000000000000000000000         2.4183713133698399E-002
   345.000000000000000000000000000000000         2.1322691975041670E-002
   346.000000000000000000000000000000000         1.8629428570795636E-002
   347.000000000000000000000000000000000         1.6107403837047601E-002
   348.000000000000000000000000000000000         1.3759640302018950E-002
   349.000000000000000000000000000000000         1.1589028948398705E-002
   350.000000000000000000000000000000000         9.5981983381158743E-003
   351.000000000000000000000000000000000         7.7895803786056659E-003
   352.000000000000000000000000000000000         6.1654278757230967E-003
   353.000000000000000000000000000000000         4.7275686602054326E-003
   354.000000000000000000000000000000000         3.4779050150216509E-003
   355.000000000000000000000000000000000         2.4179116073319846E-003
   356.000000000000000000000000000000000         1.5488761667019418E-003
   357.000000000000000000000000000000000         8.7186163760144704E-004
   358.000000000000000000000000000000000         3.8769022472870721E-004
   359.000000000000000000000000000000000         9.6950951482269775E-005
   360.000000000000000000000000000000000         1.0589782313862528E-013
