   1.00000000000000000000000000000000000         9.6952893806672653E-005
   2.00000000000000000000000000000000000         3.8769345305284648E-004
   3.00000000000000000000000000000000000         8.7186745513060987E-004
   4.00000000000000000000000000000000000         1.5488818790388363E-003
   5.00000000000000000000000000000000000         2.4179212717233244E-003
   6.00000000000000000000000000000000000         3.4779173885027626E-003
   7.00000000000000000000000000000000000         4.7275821243764676E-003
   8.00000000000000000000000000000000000         6.1654085717756371E-003
   9.00000000000000000000000000000000000         7.7895975769599743E-003
   10.0000000000000000000000000000000000         9.5982174905709806E-003
   11.0000000000000000000000000000000000         1.1589049797142389E-002
   12.0000000000000000000000000000000000         1.3759644899483683E-002
   13.0000000000000000000000000000000000         1.6107428234615067E-002
   14.0000000000000000000000000000000000         1.8629469376752316E-002
   15.0000000000000000000000000000000000         2.1322719802568994E-002
   16.0000000000000000000000000000000000         2.4183865694288261E-002
   17.0000000000000000000000000000000000         2.7209516123326578E-002
   18.0000000000000000000000000000000000         3.0395884395942079E-002
   19.0000000000000000000000000000000000         3.3739137315353350E-002
   20.0000000000000000000000000000000000         3.7235224243336099E-002
   21.0000000000000000000000000000000000         4.0879771718787629E-002
   22.0000000000000000000000000000000000         4.4668460782137452E-002
   23.0000000000000000000000000000000000         4.8596630878642938E-002
   24.0000000000000000000000000000000000         5.2659480453393519E-002
   25.0000000000000000000000000000000000         5.6852119030714049E-002
   26.0000000000000000000000000000000000         6.1169389411986012E-002
   27.0000000000000000000000000000000000         6.5606016264323636E-002
   28.0000000000000000000000000000000000         7.0156624482106064E-002
   29.0000000000000000000000000000000000         7.4815674469702831E-002
   30.0000000000000000000000000000000000         7.9577490664892586E-002
   31.0000000000000000000000000000000000         8.4436225115328126E-002
   32.0000000000000000000000000000000000         8.9385919245219270E-002
   33.0000000000000000000000000000000000         9.4420797842928131E-002
   34.0000000000000000000000000000000000         9.9534455217506659E-002
   35.0000000000000000000000000000000000        0.10472074881508626     
   36.0000000000000000000000000000000000        0.10997347710664418     
   37.0000000000000000000000000000000000        0.11528589770323257     
   38.0000000000000000000000000000000000        0.12065188233868770     
   39.0000000000000000000000000000000000        0.12606477216112294     
   40.0000000000000000000000000000000000        0.13151792317054431     
   41.0000000000000000000000000000000000        0.13700485859297803     
   42.0000000000000000000000000000000000        0.14251869285979518     
   43.0000000000000000000000000000000000        0.14805285799440102     
   44.0000000000000000000000000000000000        0.15360058472541263     
   45.0000000000000000000000000000000000        0.15915494561988849     
   46.0000000000000000000000000000000000        0.16470938920116679     
   47.0000000000000000000000000000000000        0.17025703321148222     
   48.0000000000000000000000000000000000        0.17579113207742589     
   49.0000000000000000000000000000000000        0.18130503251141000     
   50.0000000000000000000000000000000000        0.18679193399277536     
   51.0000000000000000000000000000000000        0.19224511877459882     
   52.0000000000000000000000000000000000        0.19765808961632714     
   53.0000000000000000000000000000000000        0.20302399299754212     
   54.0000000000000000000000000000000000        0.20833647985083359     
   55.0000000000000000000000000000000000        0.21358914158559025     
   56.0000000000000000000000000000000000        0.21877547469225878     
   57.0000000000000000000000000000000000        0.22388909219393915     
   58.0000000000000000000000000000000000        0.22892389189058698     
   59.0000000000000000000000000000000000        0.23387366449579225     
   60.0000000000000000000000000000000000        0.23873229714655181     
   61.0000000000000000000000000000000000        0.24349421465586676     
   62.0000000000000000000000000000000000        0.24815324052794599     
   63.0000000000000000000000000000000000        0.25270387231815122     
   64.0000000000000000000000000000000000        0.25714049828036234     
   65.0000000000000000000000000000000000        0.26145776895386463     
   66.0000000000000000000000000000000000        0.26565036126287200     
   67.0000000000000000000000000000000000        0.26971325645609773     
   68.0000000000000000000000000000000000        0.27364146596482924     
   69.0000000000000000000000000000000000        0.27743011491735869     
   70.0000000000000000000000000000000000        0.28107477455812213     
   71.0000000000000000000000000000000000        0.28457074857681386     
   72.0000000000000000000000000000000000        0.28791397266393515     
   73.0000000000000000000000000000000000        0.29110036898315955     
   74.0000000000000000000000000000000000        0.29412590938879002     
   75.0000000000000000000000000000000000        0.29698716448034496     
   76.0000000000000000000000000000000000        0.29968034781599651     
   77.0000000000000000000000000000000000        0.30220245519078998     
   78.0000000000000000000000000000000000        0.30455015645155459     
   79.0000000000000000000000000000000000        0.30672083274106621     
   80.0000000000000000000000000000000000        0.30871177999103905     
   81.0000000000000000000000000000000000        0.31052028404865040     
   82.0000000000000000000000000000000000        0.31214450051429832     
   83.0000000000000000000000000000000000        0.31358229856769732     
   84.0000000000000000000000000000000000        0.31483184596249314     
   85.0000000000000000000000000000000000        0.31589195847038359     
   86.0000000000000000000000000000000000        0.31676103876182260     
   87.0000000000000000000000000000000000        0.31743801132527527     
   88.0000000000000000000000000000000000        0.31792218399245786     
   89.0000000000000000000000000000000000        0.31821292491780373     
   90.0000000000000000000000000000000000        0.31830983492129916     
   91.0000000000000000000000000000000000        0.31821292394662321     
   92.0000000000000000000000000000000000        0.31792218817247903     
   93.0000000000000000000000000000000000        0.31743800841648101     
   94.0000000000000000000000000000000000        0.31676100839316051     
   95.0000000000000000000000000000000000        0.31589195363820533     
   96.0000000000000000000000000000000000        0.31483194905594841     
   97.0000000000000000000000000000000000        0.31358229183560049     
   98.0000000000000000000000000000000000        0.31214445418034731     
   99.0000000000000000000000000000000000        0.31052027544943345     
   100.000000000000000000000000000000000        0.30871155514478027     
   101.000000000000000000000000000000000        0.30672082231668801     
   102.000000000000000000000000000000000        0.30455024314295737     
   103.000000000000000000000000000000000        0.30220244299201249     
   104.000000000000000000000000000000000        0.29968036160922940     
   105.000000000000000000000000000000000        0.29698715056657088     
   106.000000000000000000000000000000000        0.29412590845677949     
   107.000000000000000000000000000000000        0.29110035342219504     
   108.000000000000000000000000000000000        0.28791400023913560     
   109.000000000000000000000000000000000        0.28457073144449385     
   110.000000000000000000000000000000000        0.28107472382249904     
   111.000000000000000000000000000000000        0.27743009629709076     
   112.000000000000000000000000000000000        0.27364148550956269     
   113.000000000000000000000000000000000        0.26971323643864215     
   114.000000000000000000000000000000000        0.26565039232551979     
   115.000000000000000000000000000000000        0.26145774763672591     
   116.000000000000000000000000000000000        0.25714041488736844     
   117.000000000000000000000000000000000        0.25270384980522864     
   118.000000000000000000000000000000000        0.24815318205281034     
   119.000000000000000000000000000000000        0.24349419105674922     
   120.000000000000000000000000000000000        0.23873246133691003     
   121.000000000000000000000000000000000        0.23387363992554894     
   122.000000000000000000000000000000000        0.22892390369044868     
   123.000000000000000000000000000000000        0.22388906677220888     
   124.000000000000000000000000000000000        0.21877534669221918     
   125.000000000000000000000000000000000        0.21358911543625939     
   126.000000000000000000000000000000000        0.20833651875346834     
   127.000000000000000000000000000000000        0.20302396624799982     
   128.000000000000000000000000000000000        0.19765795428131838     
   129.000000000000000000000000000000000        0.19224509155518188     
   130.000000000000000000000000000000000        0.18679183644950997     
   131.000000000000000000000000000000000        0.18130500495468344     
   132.000000000000000000000000000000000        0.17579110739963641     
   133.000000000000000000000000000000000        0.17025700545174582     
   134.000000000000000000000000000000000        0.16470929645241303     
   135.000000000000000000000000000000000        0.15915491779235252     
   136.000000000000000000000000000000000        0.15360047515992992     
   137.000000000000000000000000000000000        0.14805283023467095     
   138.000000000000000000000000000000000        0.14251859499202491     
   139.000000000000000000000000000000000        0.13700483103624841     
   140.000000000000000000000000000000000        0.13151793266352910     
   141.000000000000000000000000000000000        0.12606474494169431     
   142.000000000000000000000000000000000        0.12065176322585715     
   143.000000000000000000000000000000000        0.11528587095368192     
   144.000000000000000000000000000000000        0.10997330194398862     
   145.000000000000000000000000000000000        0.10472072266576192     
   146.000000000000000000000000000000000         9.9534506048384125E-002
   147.000000000000000000000000000000000         9.4420772421211746E-002
   148.000000000000000000000000000000000         8.9385987767920963E-002
   149.000000000000000000000000000000000         8.4436200545081344E-002
   150.000000000000000000000000000000000         7.9577438825971389E-002
   151.000000000000000000000000000000000         7.4815650870610692E-002
   152.000000000000000000000000000000000         7.0156604613067289E-002
   153.000000000000000000000000000000000         6.5605993751382055E-002
   154.000000000000000000000000000000000         6.1169367619392651E-002
   155.000000000000000000000000000000000         5.6852097713589803E-002
   156.000000000000000000000000000000000         5.2659492597728272E-002
   157.000000000000000000000000000000000         4.8596610861202129E-002
   158.000000000000000000000000000000000         4.4668426919671614E-002
   159.000000000000000000000000000000000         4.0879753098529870E-002
   160.000000000000000000000000000000000         3.7235156991282665E-002
   161.000000000000000000000000000000000         3.3739120183013935E-002
   162.000000000000000000000000000000000         3.0395895828508761E-002
   163.000000000000000000000000000000000         2.7209500562368177E-002
   164.000000000000000000000000000000000         2.4183881674942707E-002
   165.000000000000000000000000000000000         2.1322705888801755E-002
   166.000000000000000000000000000000000         1.8629471285316421E-002
   167.000000000000000000000000000000000         1.6107416035821845E-002
   168.000000000000000000000000000000000         1.3759656364839952E-002
   169.000000000000000000000000000000000         1.1589039372766889E-002
   170.000000000000000000000000000000000         9.5981851700672558E-003
   171.000000000000000000000000000000000         7.7895889777789031E-003
   172.000000000000000000000000000000000         6.1653837649075002E-003
   173.000000000000000000000000000000000         4.7275753922896716E-003
   174.000000000000000000000000000000000         3.4778995307371881E-003
   175.000000000000000000000000000000000         2.4179164395247421E-003
   176.000000000000000000000000000000000         1.5488844097955176E-003
   177.000000000000000000000000000000000         8.7186454636489503E-004
   178.000000000000000000000000000000000         3.8769100195741308E-004
   179.000000000000000000000000000000000         9.6951922642002242E-005
   180.000000000000000000000000000000000         2.4231373002946860E-015
   181.000000000000000000000000000000000         9.6953864975675536E-005
   182.000000000000000000000000000000000         3.8769557610420131E-004
   183.000000000000000000000000000000000         8.7187036390315106E-004
   184.000000000000000000000000000000000         1.5488890666118724E-003
   185.000000000000000000000000000000000         2.4179261039254407E-003
   186.000000000000000000000000000000000         3.4779232433811008E-003
   187.000000000000000000000000000000000         4.7275888564705963E-003
   188.000000000000000000000000000000000         6.1653992571089090E-003
   189.000000000000000000000000000000000         7.7896061761420507E-003
   190.000000000000000000000000000000000         9.5982364139821155E-003
   191.000000000000000000000000000000000         1.1589060221528644E-002
   192.000000000000000000000000000000000         1.3759679518566588E-002
   193.000000000000000000000000000000000         1.6107440433402218E-002
   194.000000000000000000000000000000000         1.8629489446897674E-002
   195.000000000000000000000000000000000         2.1322733716338148E-002
   196.000000000000000000000000000000000         2.4183909265472883E-002
   197.000000000000000000000000000000000         2.7209531684291563E-002
   198.000000000000000000000000000000000         3.0395899776219315E-002
   199.000000000000000000000000000000000         3.3739154447695395E-002
   200.000000000000000000000000000000000         3.7235205662502123E-002
   201.000000000000000000000000000000000         4.0879790339033148E-002
   202.000000000000000000000000000000000         4.4668443406172466E-002
   203.000000000000000000000000000000000         4.8596650896103093E-002
   204.000000000000000000000000000000000         5.2659531863600451E-002
   205.000000000000000000000000000000000         5.6852140347849682E-002
   206.000000000000000000000000000000000         6.1169419205081232E-002
   207.000000000000000000000000000000000         6.5606038777272696E-002
   208.000000000000000000000000000000000         7.0156655248038560E-002
   209.000000000000000000000000000000000         7.4815698068792624E-002
   210.000000000000000000000000000000000         7.9577478737408280E-002
   211.000000000000000000000000000000000         8.4436249685602746E-002
   212.000000000000000000000000000000000         8.9386033637153070E-002
   213.000000000000000000000000000000000         9.4420823264648943E-002
   214.000000000000000000000000000000000         9.9534464544575096E-002
   215.000000000000000000000000000000000        0.10472077496442968     
   216.000000000000000000000000000000000        0.10997334585718281     
   217.000000000000000000000000000000000        0.11528592445277368     
   218.000000000000000000000000000000000        0.12065190952507064     
   219.000000000000000000000000000000000        0.12606479938056317     
   220.000000000000000000000000000000000        0.13151798923607491     
   221.000000000000000000000000000000000        0.13700488614968467     
   222.000000000000000000000000000000000        0.14251875257263152     
   223.000000000000000000000000000000000        0.14805288575415843     
   224.000000000000000000000000000000000        0.15360052476056005     
   225.000000000000000000000000000000000        0.15915497344741888     
   226.000000000000000000000000000000000        0.16470939984398789     
   227.000000000000000000000000000000000        0.17025706097123730     
   228.000000000000000000000000000000000        0.17579121960864097     
   229.000000000000000000000000000000000        0.18130506006811628     
   230.000000000000000000000000000000000        0.18679199895192503     
   231.000000000000000000000000000000000        0.19224514599405243     
   232.000000000000000000000000000000000        0.19765808209643984     
   233.000000000000000000000000000000000        0.20302401974708031     
   234.000000000000000000000000000000000        0.20833660827292655     
   235.000000000000000000000000000000000        0.21358916773492501     
   236.000000000000000000000000000000000        0.21877551759054334     
   237.000000000000000000000000000000000        0.22388911761565800     
   238.000000000000000000000000000000000        0.22892395138115224     
   239.000000000000000000000000000000000        0.23387368906605355     
   240.000000000000000000000000000000000        0.23873247542872869     
   241.000000000000000000000000000000000        0.24349423825494132     
   242.000000000000000000000000000000000        0.24815329438892231     
   243.000000000000000000000000000000000        0.25270389483110500     
   244.000000000000000000000000000000000        0.25714057138944002     
   245.000000000000000000000000000000000        0.26145779027096749     
   246.000000000000000000000000000000000        0.26565042241735809     
   247.000000000000000000000000000000000        0.26971327647354776     
   248.000000000000000000000000000000000        0.27364140565332634     
   249.000000000000000000000000000000000        0.27743013353761481     
   250.000000000000000000000000000000000        0.28107470041771804     
   251.000000000000000000000000000000000        0.28457076570916617     
   252.000000000000000000000000000000000        0.28791396738515784     
   253.000000000000000000000000000000000        0.29110038454413067     
   254.000000000000000000000000000000000        0.29412598058235179     
   255.000000000000000000000000000000000        0.29698717839410615     
   256.000000000000000000000000000000000        0.29968039243991201     
   257.000000000000000000000000000000000        0.30220246738957851     
   258.000000000000000000000000000000000        0.30455026013665809     
   259.000000000000000000000000000000000        0.30672084316542431     
   260.000000000000000000000000000000000        0.30871159219661110     
   261.000000000000000000000000000000000        0.31052029264782927     
   262.000000000000000000000000000000000        0.31214438376038678     
   263.000000000000000000000000000000000        0.31358230529976022     
   264.000000000000000000000000000000000        0.31483191765706803     
   265.000000000000000000000000000000000        0.31589196330256830     
   266.000000000000000000000000000000000        0.31676097137783676     
   267.000000000000000000000000000000000        0.31743801423402640     
   268.000000000000000000000000000000000        0.31792213448227213     
   269.000000000000000000000000000000000        0.31821292588895678     
   270.000000000000000000000000000000000        0.31830984944401691     
   271.000000000000000000000000000000000        0.31821292297545140     
   272.000000000000000000000000000000000        0.31792212768933908     
   273.000000000000000000000000000000000        0.31743800550772477     
   274.000000000000000000000000000000000        0.31676101697967879     
   275.000000000000000000000000000000000        0.31589194880600419     
   276.000000000000000000000000000000000        0.31483200385273458     
   277.000000000000000000000000000000000        0.31358228510349906     
   278.000000000000000000000000000000000        0.31214450388445431     
   279.000000000000000000000000000000000        0.31052026685027656     
   280.000000000000000000000000000000000        0.30871169788872199     
   281.000000000000000000000000000000000        0.30672081189230094     
   282.000000000000000000000000000000000        0.30455027530186712     
   283.000000000000000000000000000000000        0.30220243079321085     
   284.000000000000000000000000000000000        0.29968042961131097     
   285.000000000000000000000000000000000        0.29698713665279258     
   286.000000000000000000000000000000000        0.29412598836786258     
   287.000000000000000000000000000000000        0.29110033786123957     
   288.000000000000000000000000000000000        0.28791401144736134     
   289.000000000000000000000000000000000        0.28457071431212100     
   290.000000000000000000000000000000000        0.28107465078285176     
   291.000000000000000000000000000000000        0.27743007767684225     
   292.000000000000000000000000000000000        0.27364141240430062     
   293.000000000000000000000000000000000        0.26971321642118740     
   294.000000000000000000000000000000000        0.26565041225878988     
   295.000000000000000000000000000000000        0.26145772631958203     
   296.000000000000000000000000000000000        0.25714047878414348     
   297.000000000000000000000000000000000        0.25270382729226909     
   298.000000000000000000000000000000000        0.24815327101075815     
   299.000000000000000000000000000000000        0.24349416745769711     
   300.000000000000000000000000000000000        0.23873245582749186     
   301.000000000000000000000000000000000        0.23387361535528109     
   302.000000000000000000000000000000000        0.22892388087601120     
   303.000000000000000000000000000000000        0.22388904135050117     
   304.000000000000000000000000000000000        0.21877547349480167     
   305.000000000000000000000000000000000        0.21358908928691575     
   306.000000000000000000000000000000000        0.20833651857999025     
   307.000000000000000000000000000000000        0.20302393949847602     
   308.000000000000000000000000000000000        0.19765793396956932     
   309.000000000000000000000000000000000        0.19224506433571753     
   310.000000000000000000000000000000000        0.18679184986527855     
   311.000000000000000000000000000000000        0.18130497739796389     
   312.000000000000000000000000000000000        0.17579112624947341     
   313.000000000000000000000000000000000        0.17025697769198261     
   314.000000000000000000000000000000000        0.16470930879686091     
   315.000000000000000000000000000000000        0.15915488996483168     
   316.000000000000000000000000000000000        0.15360038142554461     
   317.000000000000000000000000000000000        0.14805280247490885     
   318.000000000000000000000000000000000        0.14251864271804079     
   319.000000000000000000000000000000000        0.13700480347954017     
   320.000000000000000000000000000000000        0.13151784808335901     
   321.000000000000000000000000000000000        0.12606471772225608     
   322.000000000000000000000000000000000        0.12065180908373703     
   323.000000000000000000000000000000000        0.11528584420415165     
   324.000000000000000000000000000000000        0.10997328805910848     
   325.000000000000000000000000000000000        0.10472069651643215     
   326.000000000000000000000000000000000         9.9534400361504474E-002
   327.000000000000000000000000000000000         9.4420746999505312E-002
   328.000000000000000000000000000000000         8.9385933623962938E-002
   329.000000000000000000000000000000000         8.4436175974829317E-002
   330.000000000000000000000000000000000         7.9577419077616451E-002
   331.000000000000000000000000000000000         7.4815627271532598E-002
   332.000000000000000000000000000000000         7.0156636855708360E-002
   333.000000000000000000000000000000000         6.5605971238424390E-002
   334.000000000000000000000000000000000         6.1169331284019746E-002
   335.000000000000000000000000000000000         5.6852076396473598E-002
   336.000000000000000000000000000000000         5.2659438912943980E-002
   337.000000000000000000000000000000000         4.8596590843741627E-002
   338.000000000000000000000000000000000         4.4668410419133144E-002
   339.000000000000000000000000000000000         4.0879734478283351E-002
   340.000000000000000000000000000000000         3.7235142936062213E-002
   341.000000000000000000000000000000000         3.3739103050674006E-002
   342.000000000000000000000000000000000         3.0395850448015359E-002
   343.000000000000000000000000000000000         2.7209485001418721E-002
   344.000000000000000000000000000000000         2.4183818054598565E-002
   345.000000000000000000000000000000000         2.1322691975042288E-002
   346.000000000000000000000000000000000         1.8629438746477114E-002
   347.000000000000000000000000000000000         1.6107403837044121E-002
   348.000000000000000000000000000000000         1.3759643831695525E-002
   349.000000000000000000000000000000000         1.1589028948397910E-002
   350.000000000000000000000000000000000         9.5981986063129864E-003
   351.000000000000000000000000000000000         7.7895803786048280E-003
   352.000000000000000000000000000000000         6.1653936291628918E-003
   353.000000000000000000000000000000000         4.7275686602056494E-003
   354.000000000000000000000000000000000         3.4779056062978638E-003
   355.000000000000000000000000000000000         2.4179116073313879E-003
   356.000000000000000000000000000000000         1.5488769105452137E-003
   357.000000000000000000000000000000000         8.7186163760194534E-004
   358.000000000000000000000000000000000         3.8768978096446213E-004
   359.000000000000000000000000000000000         9.6950951482177605E-005
   360.000000000000000000000000000000000         1.4183302370926232E-015
