   1.00000000000000000000000000000000000         9.6952893807214280E-005
   2.00000000000000000000000000000000000         3.8769345305392423E-004
   3.00000000000000000000000000000000000         8.7186745512914327E-004
   4.00000000000000000000000000000000000         1.5488768370211692E-003
   5.00000000000000000000000000000000000         2.4179212717238756E-003
   6.00000000000000000000000000000000000         3.4779172770081214E-003
   7.00000000000000000000000000000000000         4.7275821243763869E-003
   8.00000000000000000000000000000000000         6.1654340660846031E-003
   9.00000000000000000000000000000000000         7.7895975769638418E-003
   10.0000000000000000000000000000000000         9.5982170427969769E-003
   11.0000000000000000000000000000000000         1.1589049797138278E-002
   12.0000000000000000000000000000000000         1.3759607455511831E-002
   13.0000000000000000000000000000000000         1.6107428234622471E-002
   14.0000000000000000000000000000000000         1.8629468864016861E-002
   15.0000000000000000000000000000000000         2.1322719802568248E-002
   16.0000000000000000000000000000000000         2.4183814859830260E-002
   17.0000000000000000000000000000000000         2.7209516123326092E-002
   18.0000000000000000000000000000000000         3.0395875074616493E-002
   19.0000000000000000000000000000000000         3.3739137315353891E-002
   20.0000000000000000000000000000000000         3.7235288608239409E-002
   21.0000000000000000000000000000000000         4.0879771718793867E-002
   22.0000000000000000000000000000000000         4.4668463291049960E-002
   23.0000000000000000000000000000000000         4.8596630878637199E-002
   24.0000000000000000000000000000000000         5.2659447660287587E-002
   25.0000000000000000000000000000000000         5.6852119030710274E-002
   26.0000000000000000000000000000000000         6.1169408623160892E-002
   27.0000000000000000000000000000000000         6.5606016264328923E-002
   28.0000000000000000000000000000000000         7.0156615593763294E-002
   29.0000000000000000000000000000000000         7.4815674469707757E-002
   30.0000000000000000000000000000000000         7.9577518564235519E-002
   31.0000000000000000000000000000000000         8.4436225115315414E-002
   32.0000000000000000000000000000000000         8.9385772818872736E-002
   33.0000000000000000000000000000000000         9.4420797842928714E-002
   34.0000000000000000000000000000000000         9.9534456955573739E-002
   35.0000000000000000000000000000000000        0.10472074881508253     
   36.0000000000000000000000000000000000        0.10997366067048175     
   37.0000000000000000000000000000000000        0.11528589770322879     
   38.0000000000000000000000000000000000        0.12065188625511715     
   39.0000000000000000000000000000000000        0.12606477216111431     
   40.0000000000000000000000000000000000        0.13151783211558421     
   41.0000000000000000000000000000000000        0.13700485859298464     
   42.0000000000000000000000000000000000        0.14251864275290890     
   43.0000000000000000000000000000000000        0.14805285799439044     
   44.0000000000000000000000000000000000        0.15360069189868203     
   45.0000000000000000000000000000000000        0.15915494561988791     
   46.0000000000000000000000000000000000        0.16470941525920851     
   47.0000000000000000000000000000000000        0.17025703321148813     
   48.0000000000000000000000000000000000        0.17579107548634024     
   49.0000000000000000000000000000000000        0.18130503251143268     
   50.0000000000000000000000000000000000        0.18679197048736121     
   51.0000000000000000000000000000000000        0.19224511877459380     
   52.0000000000000000000000000000000000        0.19765821640701431     
   53.0000000000000000000000000000000000        0.20302399299753421     
   54.0000000000000000000000000000000000        0.20833640326279471     
   55.0000000000000000000000000000000000        0.21358914158559394     
   56.0000000000000000000000000000000000        0.21877553688813670     
   57.0000000000000000000000000000000000        0.22388909219393535     
   58.0000000000000000000000000000000000        0.22892391152932764     
   59.0000000000000000000000000000000000        0.23387366449577432     
   60.0000000000000000000000000000000000        0.23873210561599509     
   61.0000000000000000000000000000000000        0.24349421465588666     
   62.0000000000000000000000000000000000        0.24815321098968759     
   63.0000000000000000000000000000000000        0.25270387231812858     
   64.0000000000000000000000000000000000        0.25714047810597002     
   65.0000000000000000000000000000000000        0.26145776895387451     
   66.0000000000000000000000000000000000        0.26565032002593314     
   67.0000000000000000000000000000000000        0.26971325645610777     
   68.0000000000000000000000000000000000        0.27364152750667686     
   69.0000000000000000000000000000000000        0.27743011491736552     
   70.0000000000000000000000000000000000        0.28107489149459747     
   71.0000000000000000000000000000000000        0.28457074857678982     
   72.0000000000000000000000000000000000        0.28791393615810884     
   73.0000000000000000000000000000000000        0.29110036898315256     
   74.0000000000000000000000000000000000        0.29412578361958686     
   75.0000000000000000000000000000000000        0.29698716448037654     
   76.0000000000000000000000000000000000        0.29968024092341283     
   77.0000000000000000000000000000000000        0.30220245519078293     
   78.0000000000000000000000000000000000        0.30455006237379401     
   79.0000000000000000000000000000000000        0.30672083274108408     
   80.0000000000000000000000000000000000        0.30871196635594228     
   81.0000000000000000000000000000000000        0.31052028404866111     
   82.0000000000000000000000000000000000        0.31214452001016374     
   83.0000000000000000000000000000000000        0.31358229856772613     
   84.0000000000000000000000000000000000        0.31483165778694200     
   85.0000000000000000000000000000000000        0.31589195847037638     
   86.0000000000000000000000000000000000        0.31676111046909938     
   87.0000000000000000000000000000000000        0.31743801132529342     
   88.0000000000000000000000000000000000        0.31792218262127969     
   89.0000000000000000000000000000000000        0.31821292491782915     
   90.0000000000000000000000000000000000        0.31830976660260313     
   91.0000000000000000000000000000000000        0.31821292394662687     
   92.0000000000000000000000000000000000        0.31792219666318899     
   93.0000000000000000000000000000000000        0.31743800841645925     
   94.0000000000000000000000000000000000        0.31676103741272543     
   95.0000000000000000000000000000000000        0.31589195363823425     
   96.0000000000000000000000000000000000        0.31483193629672013     
   97.0000000000000000000000000000000000        0.31358229183561853     
   98.0000000000000000000000000000000000        0.31214441138479015     
   99.0000000000000000000000000000000000        0.31052027544938682     
   100.000000000000000000000000000000000        0.30871139459124081     
   101.000000000000000000000000000000000        0.30672082231670589     
   102.000000000000000000000000000000000        0.30455030696999885     
   103.000000000000000000000000000000000        0.30220244299202315     
   104.000000000000000000000000000000000        0.29968029798700263     
   105.000000000000000000000000000000000        0.29698715056659197     
   106.000000000000000000000000000000000        0.29412580494399998     
   107.000000000000000000000000000000000        0.29110035342218116     
   108.000000000000000000000000000000000        0.28791403451234460     
   109.000000000000000000000000000000000        0.28457073144450418     
   110.000000000000000000000000000000000        0.28107478783649253     
   111.000000000000000000000000000000000        0.27743009629707721     
   112.000000000000000000000000000000000        0.27364160968395784     
   113.000000000000000000000000000000000        0.26971323643864881     
   114.000000000000000000000000000000000        0.26565043445155634     
   115.000000000000000000000000000000000        0.26145774763671931     
   116.000000000000000000000000000000000        0.25714029568670244     
   117.000000000000000000000000000000000        0.25270384980524807     
   118.000000000000000000000000000000000        0.24815309547307132     
   119.000000000000000000000000000000000        0.24349419105672002     
   120.000000000000000000000000000000000        0.23873257316195673     
   121.000000000000000000000000000000000        0.23387363992555102     
   122.000000000000000000000000000000000        0.22892398263594660     
   123.000000000000000000000000000000000        0.22388906677218398     
   124.000000000000000000000000000000000        0.21877524423448932     
   125.000000000000000000000000000000000        0.21358911543626138     
   126.000000000000000000000000000000000        0.20833654748084166     
   127.000000000000000000000000000000000        0.20302396624799207     
   128.000000000000000000000000000000000        0.19765790653375204     
   129.000000000000000000000000000000000        0.19224509155520919     
   130.000000000000000000000000000000000        0.18679175994319930     
   131.000000000000000000000000000000000        0.18130500495469262     
   132.000000000000000000000000000000000        0.17579105563753755     
   133.000000000000000000000000000000000        0.17025700545177147     
   134.000000000000000000000000000000000        0.16470921788785928     
   135.000000000000000000000000000000000        0.15915491779234828     
   136.000000000000000000000000000000000        0.15360045061694261     
   137.000000000000000000000000000000000        0.14805283023468990     
   138.000000000000000000000000000000000        0.14251843179700349     
   139.000000000000000000000000000000000        0.13700483103623617     
   140.000000000000000000000000000000000        0.13151790105493150     
   141.000000000000000000000000000000000        0.12606474494169806     
   142.000000000000000000000000000000000        0.12065161873986202     
   143.000000000000000000000000000000000        0.11528587095366413     
   144.000000000000000000000000000000000        0.10997324594016668     
   145.000000000000000000000000000000000        0.10472072266576533     
   146.000000000000000000000000000000000         9.9534631249370967E-002
   147.000000000000000000000000000000000         9.4420772421212454E-002
   148.000000000000000000000000000000000         8.9385992035020276E-002
   149.000000000000000000000000000000000         8.4436200545080622E-002
   150.000000000000000000000000000000000         7.9577422033781847E-002
   151.000000000000000000000000000000000         7.4815650870606085E-002
   152.000000000000000000000000000000000         7.0156600881942130E-002
   153.000000000000000000000000000000000         6.5605993751397099E-002
   154.000000000000000000000000000000000         6.1169387049359564E-002
   155.000000000000000000000000000000000         5.6852097713589539E-002
   156.000000000000000000000000000000000         5.2659512688085539E-002
   157.000000000000000000000000000000000         4.8596610861214792E-002
   158.000000000000000000000000000000000         4.4668406016183201E-002
   159.000000000000000000000000000000000         4.0879753098528669E-002
   160.000000000000000000000000000000000         3.7235141823868022E-002
   161.000000000000000000000000000000000         3.3739120183015024E-002
   162.000000000000000000000000000000000         3.0395931278654496E-002
   163.000000000000000000000000000000000         2.7209500562366675E-002
   164.000000000000000000000000000000000         2.4183880345051426E-002
   165.000000000000000000000000000000000         2.1322705888798619E-002
   166.000000000000000000000000000000000         1.8629494895434862E-002
   167.000000000000000000000000000000000         1.6107416035817626E-002
   168.000000000000000000000000000000000         1.3759655628112143E-002
   169.000000000000000000000000000000000         1.1589039372763796E-002
   170.000000000000000000000000000000000         9.5981479843002086E-003
   171.000000000000000000000000000000000         7.7895889777790236E-003
   172.000000000000000000000000000000000         6.1653816502681633E-003
   173.000000000000000000000000000000000         4.7275753922912918E-003
   174.000000000000000000000000000000000         3.4778799697957829E-003
   175.000000000000000000000000000000000         2.4179164395247712E-003
   176.000000000000000000000000000000000         1.5488896846873842E-003
   177.000000000000000000000000000000000         8.7186454636571490E-004
   178.000000000000000000000000000000000         3.8769018037770073E-004
   179.000000000000000000000000000000000         9.6951922642297497E-005
   180.000000000000000000000000000000000         2.4076735048306502E-015
   181.000000000000000000000000000000000         9.6953864975537002E-005
   182.000000000000000000000000000000000         3.8769586916358444E-004
   183.000000000000000000000000000000000         8.7187036390281756E-004
   184.000000000000000000000000000000000         1.5488893649799002E-003
   185.000000000000000000000000000000000         2.4179261039241257E-003
   186.000000000000000000000000000000000         3.4779232433851353E-003
   187.000000000000000000000000000000000         4.7275888564735392E-003
   188.000000000000000000000000000000000         6.1653973866897917E-003
   189.000000000000000000000000000000000         7.7896061761431748E-003
   190.000000000000000000000000000000000         9.5982511200565501E-003
   191.000000000000000000000000000000000         1.1589060221534378E-002
   192.000000000000000000000000000000000         1.3759679614412979E-002
   193.000000000000000000000000000000000         1.6107440433403529E-002
   194.000000000000000000000000000000000         1.8629500221459063E-002
   195.000000000000000000000000000000000         2.1322733716337111E-002
   196.000000000000000000000000000000000         2.4183904870984901E-002
   197.000000000000000000000000000000000         2.7209531684295126E-002
   198.000000000000000000000000000000000         3.0395888881902835E-002
   199.000000000000000000000000000000000         3.3739154447694666E-002
   200.000000000000000000000000000000000         3.7235211273311433E-002
   201.000000000000000000000000000000000         4.0879790339019950E-002
   202.000000000000000000000000000000000         4.4668386776707973E-002
   203.000000000000000000000000000000000         4.8596650896106132E-002
   204.000000000000000000000000000000000         5.2659548580443076E-002
   205.000000000000000000000000000000000         5.6852140347854074E-002
   206.000000000000000000000000000000000         6.1169451087161063E-002
   207.000000000000000000000000000000000         6.5606038777276818E-002
   208.000000000000000000000000000000000         7.0156658758579654E-002
   209.000000000000000000000000000000000         7.4815698068797898E-002
   210.000000000000000000000000000000000         7.9577448593513525E-002
   211.000000000000000000000000000000000         8.4436249685620524E-002
   212.000000000000000000000000000000000         8.9386031212964553E-002
   213.000000000000000000000000000000000         9.4420823264651912E-002
   214.000000000000000000000000000000000         9.9534439740920896E-002
   215.000000000000000000000000000000000        0.10472077496444844     
   216.000000000000000000000000000000000        0.10997327532449294     
   217.000000000000000000000000000000000        0.11528592445276493     
   218.000000000000000000000000000000000        0.12065191374027166     
   219.000000000000000000000000000000000        0.12606479938056089     
   220.000000000000000000000000000000000        0.13151796046786926     
   221.000000000000000000000000000000000        0.13700488614967038     
   222.000000000000000000000000000000000        0.14251875408210302     
   223.000000000000000000000000000000000        0.14805288575416337     
   224.000000000000000000000000000000000        0.15360049051782321     
   225.000000000000000000000000000000000        0.15915497344741120     
   226.000000000000000000000000000000000        0.16470939824285688     
   227.000000000000000000000000000000000        0.17025706097125590     
   228.000000000000000000000000000000000        0.17579125945241686     
   229.000000000000000000000000000000000        0.18130506006811903     
   230.000000000000000000000000000000000        0.18679209595080526     
   231.000000000000000000000000000000000        0.19224514599407785     
   232.000000000000000000000000000000000        0.19765815327022127     
   233.000000000000000000000000000000000        0.20302401974706580     
   234.000000000000000000000000000000000        0.20833669594819959     
   235.000000000000000000000000000000000        0.21358916773494138     
   236.000000000000000000000000000000000        0.21877560733166893     
   237.000000000000000000000000000000000        0.22388911761565800     
   238.000000000000000000000000000000000        0.22892402656995767     
   239.000000000000000000000000000000000        0.23387368906605041     
   240.000000000000000000000000000000000        0.23873253230378128     
   241.000000000000000000000000000000000        0.24349423825494290     
   242.000000000000000000000000000000000        0.24815331445823571     
   243.000000000000000000000000000000000        0.25270389483109529     
   244.000000000000000000000000000000000        0.25714063367282380     
   245.000000000000000000000000000000000        0.26145779027094118     
   246.000000000000000000000000000000000        0.26565044638949642     
   247.000000000000000000000000000000000        0.26971327647355781     
   248.000000000000000000000000000000000        0.27364133888285519     
   249.000000000000000000000000000000000        0.27743013353762835     
   250.000000000000000000000000000000000        0.28107466908749423     
   251.000000000000000000000000000000000        0.28457076570916617     
   252.000000000000000000000000000000000        0.28791389602232259     
   253.000000000000000000000000000000000        0.29110038454414805     
   254.000000000000000000000000000000000        0.29412594575587003     
   255.000000000000000000000000000000000        0.29698717839413424     
   256.000000000000000000000000000000000        0.29968033639347341     
   257.000000000000000000000000000000000        0.30220246738957851     
   258.000000000000000000000000000000000        0.30455031487179313     
   259.000000000000000000000000000000000        0.30672084316541715     
   260.000000000000000000000000000000000        0.30871146066993421     
   261.000000000000000000000000000000000        0.31052029264784364     
   262.000000000000000000000000000000000        0.31214420279505889     
   263.000000000000000000000000000000000        0.31358230529975301     
   264.000000000000000000000000000000000        0.31483183566805684     
   265.000000000000000000000000000000000        0.31589196330254299     
   266.000000000000000000000000000000000        0.31676092828244623     
   267.000000000000000000000000000000000        0.31743801423402279     
   268.000000000000000000000000000000000        0.31792205021729097     
   269.000000000000000000000000000000000        0.31821292588896766     
   270.000000000000000000000000000000000        0.31830980452303731     
   271.000000000000000000000000000000000        0.31821292297545500     
   272.000000000000000000000000000000000        0.31792204186241679     
   273.000000000000000000000000000000000        0.31743800550773205     
   274.000000000000000000000000000000000        0.31676106607267107     
   275.000000000000000000000000000000000        0.31589194880604038     
   276.000000000000000000000000000000000        0.31483208869859119     
   277.000000000000000000000000000000000        0.31358228510350628     
   278.000000000000000000000000000000000        0.31214455352546322     
   279.000000000000000000000000000000000        0.31052026685027656     
   280.000000000000000000000000000000000        0.30871178264539112     
   281.000000000000000000000000000000000        0.30672081189231165     
   282.000000000000000000000000000000000        0.30455040917583698     
   283.000000000000000000000000000000000        0.30220243079320730     
   284.000000000000000000000000000000000        0.29968049659593754     
   285.000000000000000000000000000000000        0.29698713665280307     
   286.000000000000000000000000000000000        0.29412603735871562     
   287.000000000000000000000000000000000        0.29110033786123957     
   288.000000000000000000000000000000000        0.28791409013060448     
   289.000000000000000000000000000000000        0.28457071431208669     
   290.000000000000000000000000000000000        0.28107462594011717     
   291.000000000000000000000000000000000        0.27743007767684563     
   292.000000000000000000000000000000000        0.27364144994177347     
   293.000000000000000000000000000000000        0.26971321642119744     
   294.000000000000000000000000000000000        0.26565051981715776     
   295.000000000000000000000000000000000        0.26145772631955572     
   296.000000000000000000000000000000000        0.25714049785734833     
   297.000000000000000000000000000000000        0.25270382729227558     
   298.000000000000000000000000000000000        0.24815336492061305     
   299.000000000000000000000000000000000        0.24349416745773048     
   300.000000000000000000000000000000000        0.23873259760300453     
   301.000000000000000000000000000000000        0.23387361535526552     
   302.000000000000000000000000000000000        0.22892396336077847     
   303.000000000000000000000000000000000        0.22388904135049659     
   304.000000000000000000000000000000000        0.21877561689880889     
   305.000000000000000000000000000000000        0.21358908928689641     
   306.000000000000000000000000000000000        0.20833658966683660     
   307.000000000000000000000000000000000        0.20302393949850214     
   308.000000000000000000000000000000000        0.19765789699902955     
   309.000000000000000000000000000000000        0.19224506433570057     
   310.000000000000000000000000000000000        0.18679183912538294     
   311.000000000000000000000000000000000        0.18130497739797349     
   312.000000000000000000000000000000000        0.17579114944420107     
   313.000000000000000000000000000000000        0.17025697769198395     
   314.000000000000000000000000000000000        0.16470929492650857     
   315.000000000000000000000000000000000        0.15915488996484967     
   316.000000000000000000000000000000000        0.15360025067202940     
   317.000000000000000000000000000000000        0.14805280247490388     
   318.000000000000000000000000000000000        0.14251860100251060     
   319.000000000000000000000000000000000        0.13700480347954372     
   320.000000000000000000000000000000000        0.13151772435888395     
   321.000000000000000000000000000000000        0.12606471772225381     
   322.000000000000000000000000000000000        0.12065178198132237     
   323.000000000000000000000000000000000        0.11528584420415165     
   324.000000000000000000000000000000000        0.10997325232414627     
   325.000000000000000000000000000000000        0.10472069651643007     
   326.000000000000000000000000000000000         9.9534396857783022E-002
   327.000000000000000000000000000000000         9.4420746999520161E-002
   328.000000000000000000000000000000000         8.9385890954991512E-002
   329.000000000000000000000000000000000         8.4436175974827457E-002
   330.000000000000000000000000000000000         7.9577409295359988E-002
   331.000000000000000000000000000000000         7.4815627271537885E-002
   332.000000000000000000000000000000000         7.0156722239545180E-002
   333.000000000000000000000000000000000         6.5605971238417798E-002
   334.000000000000000000000000000000000         6.1169327502737680E-002
   335.000000000000000000000000000000000         5.6852076396485887E-002
   336.000000000000000000000000000000000         5.2659405828744558E-002
   337.000000000000000000000000000000000         4.8596590843734529E-002
   338.000000000000000000000000000000000         4.4668394075226638E-002
   339.000000000000000000000000000000000         4.0879734478287910E-002
   340.000000000000000000000000000000000         3.7235133942373259E-002
   341.000000000000000000000000000000000         3.3739103050667796E-002
   342.000000000000000000000000000000000         3.0395839137443099E-002
   343.000000000000000000000000000000000         2.7209485001424831E-002
   344.000000000000000000000000000000000         2.4183737983364713E-002
   345.000000000000000000000000000000000         2.1322691975041816E-002
   346.000000000000000000000000000000000         1.8629430980825208E-002
   347.000000000000000000000000000000000         1.6107403837046778E-002
   348.000000000000000000000000000000000         1.3759641137994940E-002
   349.000000000000000000000000000000000         1.1589028948398517E-002
   350.000000000000000000000000000000000         9.5981984016362491E-003
   351.000000000000000000000000000000000         7.7895803786054672E-003
   352.000000000000000000000000000000000         6.1654197646870837E-003
   353.000000000000000000000000000000000         4.7275686602054837E-003
   354.000000000000000000000000000000000         3.4779051550607493E-003
   355.000000000000000000000000000000000         2.4179116073318433E-003
   356.000000000000000000000000000000000         1.5488763428753302E-003
   357.000000000000000000000000000000000         8.7186163760156500E-004
   358.000000000000000000000000000000000         3.8769011962662620E-004
   359.000000000000000000000000000000000         9.6950951482247942E-005
   360.000000000000000000000000000000000         6.6185832505470147E-014
