   1.00000000000000000000000000000000000         9.6952893807625246E-005
   2.00000000000000000000000000000000000         3.8769345305470464E-004
   3.00000000000000000000000000000000000         8.7186745512802567E-004
   4.00000000000000000000000000000000000         1.5488731859100507E-003
   5.00000000000000000000000000000000000         2.4179212717243682E-003
   6.00000000000000000000000000000000000         3.4779171962706235E-003
   7.00000000000000000000000000000000000         4.7275821243762004E-003
   8.00000000000000000000000000000000000         6.1654525275136552E-003
   9.00000000000000000000000000000000000         7.7895975769668039E-003
   10.0000000000000000000000000000000000         9.5982167185468432E-003
   11.0000000000000000000000000000000000         1.1589049797135103E-002
   12.0000000000000000000000000000000000         1.3759580340943330E-002
   13.0000000000000000000000000000000000         1.6107428234628050E-002
   14.0000000000000000000000000000000000         1.8629468492725672E-002
   15.0000000000000000000000000000000000         2.1322719802567447E-002
   16.0000000000000000000000000000000000         2.4183778048704370E-002
   17.0000000000000000000000000000000000         2.7209516123326030E-002
   18.0000000000000000000000000000000000         3.0395868324691960E-002
   19.0000000000000000000000000000000000         3.3739137315353961E-002
   20.0000000000000000000000000000000000         3.7235335217342048E-002
   21.0000000000000000000000000000000000         4.0879771718798738E-002
   22.0000000000000000000000000000000000         4.4668465107848714E-002
   23.0000000000000000000000000000000000         4.8596630878632661E-002
   24.0000000000000000000000000000000000         5.2659423913562084E-002
   25.0000000000000000000000000000000000         5.6852119030707950E-002
   26.0000000000000000000000000000000000         6.1169422534703213E-002
   27.0000000000000000000000000000000000         6.5606016264332365E-002
   28.0000000000000000000000000000000000         7.0156609157377509E-002
   29.0000000000000000000000000000000000         7.4815674469711699E-002
   30.0000000000000000000000000000000000         7.9577538767211034E-002
   31.0000000000000000000000000000000000         8.4436225115305796E-002
   32.0000000000000000000000000000000000         8.9385666786075985E-002
   33.0000000000000000000000000000000000         9.4420797842929574E-002
   34.0000000000000000000000000000000000         9.9534458214174060E-002
   35.0000000000000000000000000000000000        0.10472074881507937     
   36.0000000000000000000000000000000000        0.10997379359611495     
   37.0000000000000000000000000000000000        0.11528589770322653     
   38.0000000000000000000000000000000000        0.12065188909115232     
   39.0000000000000000000000000000000000        0.12606477216110756     
   40.0000000000000000000000000000000000        0.13151776617925348     
   41.0000000000000000000000000000000000        0.13700485859298994     
   42.0000000000000000000000000000000000        0.14251860646861747     
   43.0000000000000000000000000000000000        0.14805285799438228     
   44.0000000000000000000000000000000000        0.15360076950693494     
   45.0000000000000000000000000000000000        0.15915494561988799     
   46.0000000000000000000000000000000000        0.16470943412882624     
   47.0000000000000000000000000000000000        0.17025703321149188     
   48.0000000000000000000000000000000000        0.17579103450659425     
   49.0000000000000000000000000000000000        0.18130503251144961     
   50.0000000000000000000000000000000000        0.18679199691447734     
   51.0000000000000000000000000000000000        0.19224511877458966     
   52.0000000000000000000000000000000000        0.19765830822098557     
   53.0000000000000000000000000000000000        0.20302399299752899     
   54.0000000000000000000000000000000000        0.20833634780249946     
   55.0000000000000000000000000000000000        0.21358914158559608     
   56.0000000000000000000000000000000000        0.21877558192653659     
   57.0000000000000000000000000000000000        0.22388909219393316     
   58.0000000000000000000000000000000000        0.22892392575048520     
   59.0000000000000000000000000000000000        0.23387366449576077     
   60.0000000000000000000000000000000000        0.23873196692150200     
   61.0000000000000000000000000000000000        0.24349421465590160     
   62.0000000000000000000000000000000000        0.24815318959991536     
   63.0000000000000000000000000000000000        0.25270387231811026     
   64.0000000000000000000000000000000000        0.25714046349692782     
   65.0000000000000000000000000000000000        0.26145776895388356     
   66.0000000000000000000000000000000000        0.26565029016470354     
   67.0000000000000000000000000000000000        0.26971325645611310     
   68.0000000000000000000000000000000000        0.27364157207146739     
   69.0000000000000000000000000000000000        0.27743011491737241     
   70.0000000000000000000000000000000000        0.28107497617274996     
   71.0000000000000000000000000000000000        0.28457074857677056     
   72.0000000000000000000000000000000000        0.28791390972285674     
   73.0000000000000000000000000000000000        0.29110036898314945     
   74.0000000000000000000000000000000000        0.29412569254535303     
   75.0000000000000000000000000000000000        0.29698716448039747     
   76.0000000000000000000000000000000000        0.29968016351845028     
   77.0000000000000000000000000000000000        0.30220245519077965     
   78.0000000000000000000000000000000000        0.30454999424852819     
   79.0000000000000000000000000000000000        0.30672083274109513     
   80.0000000000000000000000000000000000        0.30871210130987281     
   81.0000000000000000000000000000000000        0.31052028404867077     
   82.0000000000000000000000000000000000        0.31214453412785975     
   83.0000000000000000000000000000000000        0.31358229856774517     
   84.0000000000000000000000000000000000        0.31483152152192284     
   85.0000000000000000000000000000000000        0.31589195847037288     
   86.0000000000000000000000000000000000        0.31676116239506347     
   87.0000000000000000000000000000000000        0.31743801132530480     
   88.0000000000000000000000000000000000        0.31792218162835761     
   89.0000000000000000000000000000000000        0.31821292491784930     
   90.0000000000000000000000000000000000        0.31830971713044848     
   91.0000000000000000000000000000000000        0.31821292394662787     
   92.0000000000000000000000000000000000        0.31792220281163419     
   93.0000000000000000000000000000000000        0.31743800841644509     
   94.0000000000000000000000000000000000        0.31676105842689395     
   95.0000000000000000000000000000000000        0.31589195363825362     
   96.0000000000000000000000000000000000        0.31483192705727914     
   97.0000000000000000000000000000000000        0.31358229183563319     
   98.0000000000000000000000000000000000        0.31214438039490577     
   99.0000000000000000000000000000000000        0.31052027544935157     
   100.000000000000000000000000000000000        0.30871127832835898     
   101.000000000000000000000000000000000        0.30672082231672027     
   102.000000000000000000000000000000000        0.30455035318958479     
   103.000000000000000000000000000000000        0.30220244299202936     
   104.000000000000000000000000000000000        0.29968025191573916     
   105.000000000000000000000000000000000        0.29698715056660852     
   106.000000000000000000000000000000000        0.29412572998648134     
   107.000000000000000000000000000000000        0.29110035342216978     
   108.000000000000000000000000000000000        0.28791405933087649     
   109.000000000000000000000000000000000        0.28457073144451278     
   110.000000000000000000000000000000000        0.28107483419145790     
   111.000000000000000000000000000000000        0.27743009629706622     
   112.000000000000000000000000000000000        0.27364169960336499     
   113.000000000000000000000000000000000        0.26971323643865480     
   114.000000000000000000000000000000000        0.26565046495661943     
   115.000000000000000000000000000000000        0.26145774763671353     
   116.000000000000000000000000000000000        0.25714020936899595     
   117.000000000000000000000000000000000        0.25270384980526311     
   118.000000000000000000000000000000000        0.24815303277740766     
   119.000000000000000000000000000000000        0.24349419105669814     
   120.000000000000000000000000000000000        0.23873265413873104     
   121.000000000000000000000000000000000        0.23387363992555329     
   122.000000000000000000000000000000000        0.22892403980338463     
   123.000000000000000000000000000000000        0.22388906677216522     
   124.000000000000000000000000000000000        0.21877517004097580     
   125.000000000000000000000000000000000        0.21358911543626355     
   126.000000000000000000000000000000000        0.20833656828342359     
   127.000000000000000000000000000000000        0.20302396624798577     
   128.000000000000000000000000000000000        0.19765787195793172     
   129.000000000000000000000000000000000        0.19224509155522965     
   130.000000000000000000000000000000000        0.18679170454208754     
   131.000000000000000000000000000000000        0.18130500495469856     
   132.000000000000000000000000000000000        0.17579101815464315     
   133.000000000000000000000000000000000        0.17025700545179070     
   134.000000000000000000000000000000000        0.16470916099629757     
   135.000000000000000000000000000000000        0.15915491779234456     
   136.000000000000000000000000000000000        0.15360043284443581     
   137.000000000000000000000000000000000        0.14805283023470425     
   138.000000000000000000000000000000000        0.14251831362135664     
   139.000000000000000000000000000000000        0.13700483103622668     
   140.000000000000000000000000000000000        0.13151787816594937     
   141.000000000000000000000000000000000        0.12606474494170136     
   142.000000000000000000000000000000000        0.12065151411212646     
   143.000000000000000000000000000000000        0.11528587095365067     
   144.000000000000000000000000000000000        0.10997320538568384     
   145.000000000000000000000000000000000        0.10472072266576835     
   146.000000000000000000000000000000000         9.9534721912203694E-002
   147.000000000000000000000000000000000         9.4420772421212454E-002
   148.000000000000000000000000000000000         8.9385995124988807E-002
   149.000000000000000000000000000000000         8.4436200545080622E-002
   150.000000000000000000000000000000000         7.9577409873921576E-002
   151.000000000000000000000000000000000         7.4815650870602254E-002
   152.000000000000000000000000000000000         7.0156598180092941E-002
   153.000000000000000000000000000000000         6.5605993751408437E-002
   154.000000000000000000000000000000000         6.1169401119337531E-002
   155.000000000000000000000000000000000         5.6852097713589074E-002
   156.000000000000000000000000000000000         5.2659527236277683E-002
   157.000000000000000000000000000000000         4.8596610861224215E-002
   158.000000000000000000000000000000000         4.4668390879177407E-002
   159.000000000000000000000000000000000         4.0879753098527580E-002
   160.000000000000000000000000000000000         3.7235130840569695E-002
   161.000000000000000000000000000000000         3.3739120183016016E-002
   162.000000000000000000000000000000000         3.0395956949462590E-002
   163.000000000000000000000000000000000         2.7209500562365412E-002
   164.000000000000000000000000000000000         2.4183879382026728E-002
   165.000000000000000000000000000000000         2.1322705888796502E-002
   166.000000000000000000000000000000000         1.8629511992426521E-002
   167.000000000000000000000000000000000         1.6107416035814434E-002
   168.000000000000000000000000000000000         1.3759655094619603E-002
   169.000000000000000000000000000000000         1.1589039372761666E-002
   170.000000000000000000000000000000000         9.5981210567207612E-003
   171.000000000000000000000000000000000         7.7895889777790236E-003
   172.000000000000000000000000000000000         6.1653801189778343E-003
   173.000000000000000000000000000000000         4.7275753922925339E-003
   174.000000000000000000000000000000000         3.4778658050104846E-003
   175.000000000000000000000000000000000         2.4179164395247438E-003
   176.000000000000000000000000000000000         1.5488935044422739E-003
   177.000000000000000000000000000000000         8.7186454636633724E-004
   178.000000000000000000000000000000000         3.8768958544121106E-004
   179.000000000000000000000000000000000         9.6951922642501924E-005
   180.000000000000000000000000000000000         2.3965064857309919E-015
   181.000000000000000000000000000000000         9.6953864975427416E-005
   182.000000000000000000000000000000000         3.8769608137906861E-004
   183.000000000000000000000000000000000         8.7187036390260365E-004
   184.000000000000000000000000000000000         1.5488895810395243E-003
   185.000000000000000000000000000000000         2.4179261039231287E-003
   186.000000000000000000000000000000000         3.4779232433880575E-003
   187.000000000000000000000000000000000         4.7275888564757319E-003
   188.000000000000000000000000000000000         6.1653960322485390E-003
   189.000000000000000000000000000000000         7.7896061761439121E-003
   190.000000000000000000000000000000000         9.5982617692898960E-003
   191.000000000000000000000000000000000         1.1589060221538624E-002
   192.000000000000000000000000000000000         1.3759679683818988E-002
   193.000000000000000000000000000000000         1.6107440433404382E-002
   194.000000000000000000000000000000000         1.8629508023729601E-002
   195.000000000000000000000000000000000         2.1322733716336462E-002
   196.000000000000000000000000000000000         2.4183901688769716E-002
   197.000000000000000000000000000000000         2.7209531684297589E-002
   198.000000000000000000000000000000000         3.0395880992916256E-002
   199.000000000000000000000000000000000         3.3739154447694271E-002
   200.000000000000000000000000000000000         3.7235215336311543E-002
   201.000000000000000000000000000000000         4.0879790339010263E-002
   202.000000000000000000000000000000000         4.4668345769187122E-002
   203.000000000000000000000000000000000         4.8596650896108463E-002
   204.000000000000000000000000000000000         5.2659560685744566E-002
   205.000000000000000000000000000000000         5.6852140347857121E-002
   206.000000000000000000000000000000000         6.1169474174189567E-002
   207.000000000000000000000000000000000         6.5606038777280329E-002
   208.000000000000000000000000000000000         7.0156661300695686E-002
   209.000000000000000000000000000000000         7.4815698068801187E-002
   210.000000000000000000000000000000000         7.9577426765179496E-002
   211.000000000000000000000000000000000         8.4436249685633943E-002
   212.000000000000000000000000000000000         8.9386029457517710E-002
   213.000000000000000000000000000000000         9.4420823264653481E-002
   214.000000000000000000000000000000000         9.9534421779655990E-002
   215.000000000000000000000000000000000        0.10472077496446260     
   216.000000000000000000000000000000000        0.10997322424911096     
   217.000000000000000000000000000000000        0.11528592445275800     
   218.000000000000000000000000000000000        0.12065191679265867     
   219.000000000000000000000000000000000        0.12606479938055981     
   220.000000000000000000000000000000000        0.13151793963572231     
   221.000000000000000000000000000000000        0.13700488614965942     
   222.000000000000000000000000000000000        0.14251875517516860     
   223.000000000000000000000000000000000        0.14805288575416756     
   224.000000000000000000000000000000000        0.15360046572136096     
   225.000000000000000000000000000000000        0.15915497344740503     
   226.000000000000000000000000000000000        0.16470939708341720     
   227.000000000000000000000000000000000        0.17025706097126997     
   228.000000000000000000000000000000000        0.17579128830480911     
   229.000000000000000000000000000000000        0.18130506006812044     
   230.000000000000000000000000000000000        0.18679216619138944     
   231.000000000000000000000000000000000        0.19224514599409684     
   232.000000000000000000000000000000000        0.19765820480986410     
   233.000000000000000000000000000000000        0.20302401974705475     
   234.000000000000000000000000000000000        0.20833675943720195     
   235.000000000000000000000000000000000        0.21358916773495373     
   236.000000000000000000000000000000000        0.21877567231663339     
   237.000000000000000000000000000000000        0.22388911761565752     
   238.000000000000000000000000000000000        0.22892408101703138     
   239.000000000000000000000000000000000        0.23387368906604866     
   240.000000000000000000000000000000000        0.23873257348916843     
   241.000000000000000000000000000000000        0.24349423825494360     
   242.000000000000000000000000000000000        0.24815332899118731     
   243.000000000000000000000000000000000        0.25270389483108824     
   244.000000000000000000000000000000000        0.25714067877458996     
   245.000000000000000000000000000000000        0.26145779027092209     
   246.000000000000000000000000000000000        0.26565046374863172     
   247.000000000000000000000000000000000        0.26971327647356508     
   248.000000000000000000000000000000000        0.27364129053182945     
   249.000000000000000000000000000000000        0.27743013353763818     
   250.000000000000000000000000000000000        0.28107464640009183     
   251.000000000000000000000000000000000        0.28457076570916617     
   252.000000000000000000000000000000000        0.28791384434579226     
   253.000000000000000000000000000000000        0.29110038454416065     
   254.000000000000000000000000000000000        0.29412592053669495     
   255.000000000000000000000000000000000        0.29698717839415456     
   256.000000000000000000000000000000000        0.29968029580812461     
   257.000000000000000000000000000000000        0.30220246738957851     
   258.000000000000000000000000000000000        0.30455035450758366     
   259.000000000000000000000000000000000        0.30672084316541198     
   260.000000000000000000000000000000000        0.30871136542649602     
   261.000000000000000000000000000000000        0.31052029264785402     
   262.000000000000000000000000000000000        0.31214407175123349     
   263.000000000000000000000000000000000        0.31358230529974779     
   264.000000000000000000000000000000000        0.31483177629671055     
   265.000000000000000000000000000000000        0.31589196330252461     
   266.000000000000000000000000000000000        0.31676089707544108     
   267.000000000000000000000000000000000        0.31743801423402013     
   268.000000000000000000000000000000000        0.31792198919782888     
   269.000000000000000000000000000000000        0.31821292588897554     
   270.000000000000000000000000000000000        0.31830977199405402     
   271.000000000000000000000000000000000        0.31821292297545761     
   272.000000000000000000000000000000000        0.31792197971189412     
   273.000000000000000000000000000000000        0.31743800550773726     
   274.000000000000000000000000000000000        0.31676110162277132     
   275.000000000000000000000000000000000        0.31589194880606658     
   276.000000000000000000000000000000000        0.31483215013870136     
   277.000000000000000000000000000000000        0.31358228510351149     
   278.000000000000000000000000000000000        0.31214458947240320     
   279.000000000000000000000000000000000        0.31052026685027656     
   280.000000000000000000000000000000000        0.30871184402091734     
   281.000000000000000000000000000000000        0.30672081189231937     
   282.000000000000000000000000000000000        0.30455050611907486     
   283.000000000000000000000000000000000        0.30220243079320475     
   284.000000000000000000000000000000000        0.29968054510205111     
   285.000000000000000000000000000000000        0.29698713665281073     
   286.000000000000000000000000000000000        0.29412607283485309     
   287.000000000000000000000000000000000        0.29110033786123957     
   288.000000000000000000000000000000000        0.28791414710813207     
   289.000000000000000000000000000000000        0.28457071431206177     
   290.000000000000000000000000000000000        0.28107460795055145     
   291.000000000000000000000000000000000        0.27743007767684807     
   292.000000000000000000000000000000000        0.27364147712408299     
   293.000000000000000000000000000000000        0.26971321642120472     
   294.000000000000000000000000000000000        0.26565059770426530     
   295.000000000000000000000000000000000        0.26145772631953662     
   296.000000000000000000000000000000000        0.25714051166897983     
   297.000000000000000000000000000000000        0.25270382729228025     
   298.000000000000000000000000000000000        0.24815343292431219     
   299.000000000000000000000000000000000        0.24349416745775462     
   300.000000000000000000000000000000000        0.23873270026805721     
   301.000000000000000000000000000000000        0.23387361535525425     
   302.000000000000000000000000000000000        0.22892402309113649     
   303.000000000000000000000000000000000        0.22388904135049328     
   304.000000000000000000000000000000000        0.21877572074311935     
   305.000000000000000000000000000000000        0.21358908928688242     
   306.000000000000000000000000000000000        0.20833664114352604     
   307.000000000000000000000000000000000        0.20302393949852104     
   308.000000000000000000000000000000000        0.19765787022726153     
   309.000000000000000000000000000000000        0.19224506433568830     
   310.000000000000000000000000000000000        0.18679183134821736     
   311.000000000000000000000000000000000        0.18130497739798043     
   312.000000000000000000000000000000000        0.17579116624038413     
   313.000000000000000000000000000000000        0.17025697769198492     
   314.000000000000000000000000000000000        0.16470928488246067     
   315.000000000000000000000000000000000        0.15915488996486268     
   316.000000000000000000000000000000000        0.15360015598848417     
   317.000000000000000000000000000000000        0.14805280247490030     
   318.000000000000000000000000000000000        0.14251857079471669     
   319.000000000000000000000000000000000        0.13700480347954633     
   320.000000000000000000000000000000000        0.13151763476533490     
   321.000000000000000000000000000000000        0.12606471772225214     
   322.000000000000000000000000000000000        0.12065176235543779     
   323.000000000000000000000000000000000        0.11528584420415165     
   324.000000000000000000000000000000000        0.10997322644710829     
   325.000000000000000000000000000000000        0.10472069651642855     
   326.000000000000000000000000000000000         9.9534394320605457E-002
   327.000000000000000000000000000000000         9.4420746999530902E-002
   328.000000000000000000000000000000000         8.9385860056777192E-002
   329.000000000000000000000000000000000         8.4436175974826097E-002
   330.000000000000000000000000000000000         7.9577402211657419E-002
   331.000000000000000000000000000000000         7.4815627271541715E-002
   332.000000000000000000000000000000000         7.0156784069252562E-002
   333.000000000000000000000000000000000         6.5605971238413011E-002
   334.000000000000000000000000000000000         6.1169324764567982E-002
   335.000000000000000000000000000000000         5.6852076396494776E-002
   336.000000000000000000000000000000000         5.2659381871227325E-002
   337.000000000000000000000000000000000         4.8596590843729387E-002
   338.000000000000000000000000000000000         4.4668382239985753E-002
   339.000000000000000000000000000000000         4.0879734478291213E-002
   340.000000000000000000000000000000000         3.7235127429702621E-002
   341.000000000000000000000000000000000         3.3739103050663299E-002
   342.000000000000000000000000000000000         3.0395830947030016E-002
   343.000000000000000000000000000000000         2.7209485001429251E-002
   344.000000000000000000000000000000000         2.4183680000829842E-002
   345.000000000000000000000000000000000         2.1322691975041476E-002
   346.000000000000000000000000000000000         1.8629425357423117E-002
   347.000000000000000000000000000000000         1.6107403837048700E-002
   348.000000000000000000000000000000000         1.3759639187384336E-002
   349.000000000000000000000000000000000         1.1589028948398956E-002
   350.000000000000000000000000000000000         9.5981982534220217E-003
   351.000000000000000000000000000000000         7.7895803786059304E-003
   352.000000000000000000000000000000000         6.1654386904460793E-003
   353.000000000000000000000000000000000         4.7275686602053632E-003
   354.000000000000000000000000000000000         3.4779048283028573E-003
   355.000000000000000000000000000000000         2.4179116073321729E-003
   356.000000000000000000000000000000000         1.5488759318041093E-003
   357.000000000000000000000000000000000         8.7186163760128962E-004
   358.000000000000000000000000000000000         3.8769036486483740E-004
   359.000000000000000000000000000000000         9.6950951482298873E-005
   360.000000000000000000000000000000000         1.7329789336898349E-013
