   1.00000000000000000000000000000000000         9.6952893806404137E-005
   2.00000000000000000000000000000000000         3.8769345305228903E-004
   3.00000000000000000000000000000000000         8.7186745513133336E-004
   4.00000000000000000000000000000000000         1.5488844869822292E-003
   5.00000000000000000000000000000000000         2.4179212717230971E-003
   6.00000000000000000000000000000000000         3.4779174461724055E-003
   7.00000000000000000000000000000000000         4.7275821243764277E-003
   8.00000000000000000000000000000000000         6.1653953850847858E-003
   9.00000000000000000000000000000000000         7.7895975769580782E-003
   10.0000000000000000000000000000000000         9.5982177221782278E-003
   11.0000000000000000000000000000000000         1.1589049797144388E-002
   12.0000000000000000000000000000000000         1.3759664267075323E-002
   13.0000000000000000000000000000000000         1.6107428234611389E-002
   14.0000000000000000000000000000000000         1.8629469641960310E-002
   15.0000000000000000000000000000000000         2.1322719802569213E-002
   16.0000000000000000000000000000000000         2.4183891987994397E-002
   17.0000000000000000000000000000000000         2.7209516123327008E-002
   18.0000000000000000000000000000000000         3.0395889217317944E-002
   19.0000000000000000000000000000000000         3.3739137315352871E-002
   20.0000000000000000000000000000000000         3.7235190951166564E-002
   21.0000000000000000000000000000000000         4.0879771718784617E-002
   22.0000000000000000000000000000000000         4.4668459484424113E-002
   23.0000000000000000000000000000000000         4.8596630878645665E-002
   24.0000000000000000000000000000000000         5.2659497415348866E-002
   25.0000000000000000000000000000000000         5.6852119030716262E-002
   26.0000000000000000000000000000000000         6.1169379475172599E-002
   27.0000000000000000000000000000000000         6.5606016264320652E-002
   28.0000000000000000000000000000000000         7.0156629079524954E-002
   29.0000000000000000000000000000000000         7.4815674469700555E-002
   30.0000000000000000000000000000000000         7.9577476234199890E-002
   31.0000000000000000000000000000000000         8.4436225115334412E-002
   32.0000000000000000000000000000000000         8.9385994983031777E-002
   33.0000000000000000000000000000000000         9.4420797842928131E-002
   34.0000000000000000000000000000000000         9.9534454318506452E-002
   35.0000000000000000000000000000000000        0.10472074881508787     
   36.0000000000000000000000000000000000        0.10997338215989175     
   37.0000000000000000000000000000000000        0.11528589770323483     
   38.0000000000000000000000000000000000        0.12065188031294835     
   39.0000000000000000000000000000000000        0.12606477216112708     
   40.0000000000000000000000000000000000        0.13151797026794984     
   41.0000000000000000000000000000000000        0.13700485859297495     
   42.0000000000000000000000000000000000        0.14251871877715361     
   43.0000000000000000000000000000000000        0.14805285799440615     
   44.0000000000000000000000000000000000        0.15360052929097759     
   45.0000000000000000000000000000000000        0.15915494561988913     
   46.0000000000000000000000000000000000        0.16470937572287012     
   47.0000000000000000000000000000000000        0.17025703321147878     
   48.0000000000000000000000000000000000        0.17579116134868067     
   49.0000000000000000000000000000000000        0.18130503251139865     
   50.0000000000000000000000000000000000        0.18679191511626680     
   51.0000000000000000000000000000000000        0.19224511877460101     
   52.0000000000000000000000000000000000        0.19765802403495319     
   53.0000000000000000000000000000000000        0.20302399299754662     
   54.0000000000000000000000000000000000        0.20833651946534198     
   55.0000000000000000000000000000000000        0.21358914158558792     
   56.0000000000000000000000000000000000        0.21877544252198056     
   57.0000000000000000000000000000000000        0.22388909219394151     
   58.0000000000000000000000000000000000        0.22892388173261799     
   59.0000000000000000000000000000000000        0.23387366449580110     
   60.0000000000000000000000000000000000        0.23873239621411127     
   61.0000000000000000000000000000000000        0.24349421465585691     
   62.0000000000000000000000000000000000        0.24815325580635617     
   63.0000000000000000000000000000000000        0.25270387231816299     
   64.0000000000000000000000000000000000        0.25714050871539312     
   65.0000000000000000000000000000000000        0.26145776895385953     
   66.0000000000000000000000000000000000        0.26565038259232437     
   67.0000000000000000000000000000000000        0.26971325645609256     
   68.0000000000000000000000000000000000        0.27364143413284181     
   69.0000000000000000000000000000000000        0.27743011491735520     
   70.0000000000000000000000000000000000        0.28107471407374784     
   71.0000000000000000000000000000000000        0.28457074857682635     
   72.0000000000000000000000000000000000        0.28791399154626002     
   73.0000000000000000000000000000000000        0.29110036898316310     
   74.0000000000000000000000000000000000        0.29412597444183675     
   75.0000000000000000000000000000000000        0.29698716448032864     
   76.0000000000000000000000000000000000        0.29968040310527144     
   77.0000000000000000000000000000000000        0.30220245519079364     
   78.0000000000000000000000000000000000        0.30455020511247094     
   79.0000000000000000000000000000000000        0.30672083274105699     
   80.0000000000000000000000000000000000        0.30871168359542156     
   81.0000000000000000000000000000000000        0.31052028404864479     
   82.0000000000000000000000000000000000        0.31214449043023024     
   83.0000000000000000000000000000000000        0.31358229856768238     
   84.0000000000000000000000000000000000        0.31483194329469683     
   85.0000000000000000000000000000000000        0.31589195847038737     
   86.0000000000000000000000000000000000        0.31676100167185506     
   87.0000000000000000000000000000000000        0.31743801132526589     
   88.0000000000000000000000000000000000        0.31792218470168793     
   89.0000000000000000000000000000000000        0.31821292491779057     
   90.0000000000000000000000000000000000        0.31830987025855867     
   91.0000000000000000000000000000000000        0.31821292394662132     
   92.0000000000000000000000000000000000        0.31792218378073256     
   93.0000000000000000000000000000000000        0.31743800841649228     
   94.0000000000000000000000000000000000        0.31676099338304126     
   95.0000000000000000000000000000000000        0.31589195363819034     
   96.0000000000000000000000000000000000        0.31483195565554933     
   97.0000000000000000000000000000000000        0.31358229183559116     
   98.0000000000000000000000000000000000        0.31214447631598147     
   99.0000000000000000000000000000000000        0.31052027544945759     
   100.000000000000000000000000000000000        0.30871163818973091     
   101.000000000000000000000000000000000        0.30672082231667880     
   102.000000000000000000000000000000000        0.30455021012897304     
   103.000000000000000000000000000000000        0.30220244299200699     
   104.000000000000000000000000000000000        0.29968039451728035     
   105.000000000000000000000000000000000        0.29698715056656000     
   106.000000000000000000000000000000000        0.29412596199787949     
   107.000000000000000000000000000000000        0.29110035342220220     
   108.000000000000000000000000000000000        0.28791398251161454     
   109.000000000000000000000000000000000        0.28457073144448852     
   110.000000000000000000000000000000000        0.28107469071181557     
   111.000000000000000000000000000000000        0.27743009629709775     
   112.000000000000000000000000000000000        0.27364142128143837     
   113.000000000000000000000000000000000        0.26971323643863870     
   114.000000000000000000000000000000000        0.26565037053619184     
   115.000000000000000000000000000000000        0.26145774763672930     
   116.000000000000000000000000000000000        0.25714047654289623     
   117.000000000000000000000000000000000        0.25270384980521859     
   118.000000000000000000000000000000000        0.24815322683543989     
   119.000000000000000000000000000000000        0.24349419105676401     
   120.000000000000000000000000000000000        0.23873240349637889     
   121.000000000000000000000000000000000        0.23387363992554813     
   122.000000000000000000000000000000000        0.22892386285657579     
   123.000000000000000000000000000000000        0.22388906677222148     
   124.000000000000000000000000000000000        0.21877539968760609     
   125.000000000000000000000000000000000        0.21358911543625861     
   126.000000000000000000000000000000000        0.20833650389448291     
   127.000000000000000000000000000000000        0.20302396624800359     
   128.000000000000000000000000000000000        0.19765797897833770     
   129.000000000000000000000000000000000        0.19224509155516803     
   130.000000000000000000000000000000000        0.18679187602174580     
   131.000000000000000000000000000000000        0.18130500495467847     
   132.000000000000000000000000000000000        0.17579113417313880     
   133.000000000000000000000000000000000        0.17025700545173275     
   134.000000000000000000000000000000000        0.16470933708925853     
   135.000000000000000000000000000000000        0.15915491779235452     
   136.000000000000000000000000000000000        0.15360048785457928     
   137.000000000000000000000000000000000        0.14805283023466131     
   138.000000000000000000000000000000000        0.14251867940327956     
   139.000000000000000000000000000000000        0.13700483103625458     
   140.000000000000000000000000000000000        0.13151794901280522     
   141.000000000000000000000000000000000        0.12606474494169254     
   142.000000000000000000000000000000000        0.12065183796002650     
   143.000000000000000000000000000000000        0.11528587095369097     
   144.000000000000000000000000000000000        0.10997333091148832     
   145.000000000000000000000000000000000        0.10472072266576030     
   146.000000000000000000000000000000000         9.9534441289283904E-002
   147.000000000000000000000000000000000         9.4420772421211233E-002
   148.000000000000000000000000000000000         8.9385985560800671E-002
   149.000000000000000000000000000000000         8.4436200545081816E-002
   150.000000000000000000000000000000000         7.9577447511587365E-002
   151.000000000000000000000000000000000         7.4815650870612968E-002
   152.000000000000000000000000000000000         7.0156606542959660E-002
   153.000000000000000000000000000000000         6.5605993751374367E-002
   154.000000000000000000000000000000000         6.1169357569410977E-002
   155.000000000000000000000000000000000         5.6852097713589803E-002
   156.000000000000000000000000000000000         5.2659482206165668E-002
   157.000000000000000000000000000000000         4.8596610861195703E-002
   158.000000000000000000000000000000000         4.4668437731822712E-002
   159.000000000000000000000000000000000         4.0879753098530369E-002
   160.000000000000000000000000000000000         3.7235164836498351E-002
   161.000000000000000000000000000000000         3.3739120183013477E-002
   162.000000000000000000000000000000000         3.0395877492234595E-002
   163.000000000000000000000000000000000         2.7209500562368864E-002
   164.000000000000000000000000000000000         2.4183882362817523E-002
   165.000000000000000000000000000000000         2.1322705888803455E-002
   166.000000000000000000000000000000000         1.8629459073192065E-002
   167.000000000000000000000000000000000         1.6107416035823958E-002
   168.000000000000000000000000000000000         1.3759656745906068E-002
   169.000000000000000000000000000000000         1.1589039372768556E-002
   170.000000000000000000000000000000000         9.5982044041129592E-003
   171.000000000000000000000000000000000         7.7895889777787860E-003
   172.000000000000000000000000000000000         6.1653848586866100E-003
   173.000000000000000000000000000000000         4.7275753922888753E-003
   174.000000000000000000000000000000000         3.4779096484870860E-003
   175.000000000000000000000000000000000         2.4179164395246970E-003
   176.000000000000000000000000000000000         1.5488816814066973E-003
   177.000000000000000000000000000000000         8.7186454636448867E-004
   178.000000000000000000000000000000000         3.8769142691277836E-004
   179.000000000000000000000000000000000         9.6951922641843596E-005
   180.000000000000000000000000000000000         2.4311552390469226E-015
   181.000000000000000000000000000000000         9.6953864975741333E-005
   182.000000000000000000000000000000000         3.8769542452180521E-004
   183.000000000000000000000000000000000         8.7187036390334101E-004
   184.000000000000000000000000000000000         1.5488889122835935E-003
   185.000000000000000000000000000000000         2.4179261039260916E-003
   186.000000000000000000000000000000000         3.4779232433790135E-003
   187.000000000000000000000000000000000         4.7275888564691140E-003
   188.000000000000000000000000000000000         6.1654002245671849E-003
   189.000000000000000000000000000000000         7.7896061761414210E-003
   190.000000000000000000000000000000000         9.5982288073963116E-003
   191.000000000000000000000000000000000         1.1589060221525737E-002
   192.000000000000000000000000000000000         1.3759679468990867E-002
   193.000000000000000000000000000000000         1.6107440433401479E-002
   194.000000000000000000000000000000000         1.8629483873849904E-002
   195.000000000000000000000000000000000         2.1322733716338759E-002
   196.000000000000000000000000000000000         2.4183911538484062E-002
   197.000000000000000000000000000000000         2.7209531684289641E-002
   198.000000000000000000000000000000000         3.0395905411211364E-002
   199.000000000000000000000000000000000         3.3739154447695853E-002
   200.000000000000000000000000000000000         3.7235202760359541E-002
   201.000000000000000000000000000000000         4.0879790339039886E-002
   202.000000000000000000000000000000000         4.4668472697288880E-002
   203.000000000000000000000000000000000         4.8596650896101629E-002
   204.000000000000000000000000000000000         5.2659523216958756E-002
   205.000000000000000000000000000000000         5.6852140347847295E-002
   206.000000000000000000000000000000000         6.1169402714353546E-002
   207.000000000000000000000000000000000         6.5606038777270573E-002
   208.000000000000000000000000000000000         7.0156653432241478E-002
   209.000000000000000000000000000000000         7.4815698068789890E-002
   210.000000000000000000000000000000000         7.9577494329080220E-002
   211.000000000000000000000000000000000         8.4436249685593545E-002
   212.000000000000000000000000000000000         8.9386034891043686E-002
   213.000000000000000000000000000000000         9.4420823264647416E-002
   214.000000000000000000000000000000000         9.9534477374052632E-002
   215.000000000000000000000000000000000        0.10472077496441998     
   216.000000000000000000000000000000000        0.10997338233961748     
   217.000000000000000000000000000000000        0.11528592445277820     
   218.000000000000000000000000000000000        0.12065190734479427     
   219.000000000000000000000000000000000        0.12606479938056436     
   220.000000000000000000000000000000000        0.13151800411618250     
   221.000000000000000000000000000000000        0.13700488614969208     
   222.000000000000000000000000000000000        0.14251875179187040     
   223.000000000000000000000000000000000        0.14805288575415584     
   224.000000000000000000000000000000000        0.15360054247232199     
   225.000000000000000000000000000000000        0.15915497344742288     
   226.000000000000000000000000000000000        0.16470940067215908     
   227.000000000000000000000000000000000        0.17025706097122770     
   228.000000000000000000000000000000000        0.17579119899979315     
   229.000000000000000000000000000000000        0.18130506006811486     
   230.000000000000000000000000000000000        0.18679194878010030     
   231.000000000000000000000000000000000        0.19224514599403930     
   232.000000000000000000000000000000000        0.19765804528242001     
   233.000000000000000000000000000000000        0.20302401974708781     
   234.000000000000000000000000000000000        0.20833656292365463     
   235.000000000000000000000000000000000        0.21358916773491654     
   236.000000000000000000000000000000000        0.21877547117272700     
   237.000000000000000000000000000000000        0.22388911761565800     
   238.000000000000000000000000000000000        0.22892391249039565     
   239.000000000000000000000000000000000        0.23387368906605516     
   240.000000000000000000000000000000000        0.23873244601060067     
   241.000000000000000000000000000000000        0.24349423825494049     
   242.000000000000000000000000000000000        0.24815328400824330     
   243.000000000000000000000000000000000        0.25270389483111000     
   244.000000000000000000000000000000000        0.25714053917390078     
   245.000000000000000000000000000000000        0.26145779027098115     
   246.000000000000000000000000000000000        0.26565041001797668     
   247.000000000000000000000000000000000        0.26971327647354260     
   248.000000000000000000000000000000000        0.27364144018978009     
   249.000000000000000000000000000000000        0.27743013353760776     
   250.000000000000000000000000000000000        0.28107471662300693     
   251.000000000000000000000000000000000        0.28457076570916617     
   252.000000000000000000000000000000000        0.28791400429697261     
   253.000000000000000000000000000000000        0.29110038454412168     
   254.000000000000000000000000000000000        0.29412599859604999     
   255.000000000000000000000000000000000        0.29698717839409167     
   256.000000000000000000000000000000000        0.29968042142945123     
   257.000000000000000000000000000000000        0.30220246738957851     
   258.000000000000000000000000000000000        0.30455023182538327     
   259.000000000000000000000000000000000        0.30672084316542797     
   260.000000000000000000000000000000000        0.30871166022766189     
   261.000000000000000000000000000000000        0.31052029264782188     
   262.000000000000000000000000000000000        0.31214447736316314     
   263.000000000000000000000000000000000        0.31358230529976394     
   264.000000000000000000000000000000000        0.31483196006518144     
   265.000000000000000000000000000000000        0.31589196330258140     
   266.000000000000000000000000000000000        0.31676099366855720     
   267.000000000000000000000000000000000        0.31743801423402829     
   268.000000000000000000000000000000000        0.31792217806761158     
   269.000000000000000000000000000000000        0.31821292588895111     
   270.000000000000000000000000000000000        0.31830987267900762     
   271.000000000000000000000000000000000        0.31821292297544951     
   272.000000000000000000000000000000000        0.31792217208257928     
   273.000000000000000000000000000000000        0.31743800550772100     
   274.000000000000000000000000000000000        0.31676099158675325     
   275.000000000000000000000000000000000        0.31589194880598548     
   276.000000000000000000000000000000000        0.31483195996695112     
   277.000000000000000000000000000000000        0.31358228510349534     
   278.000000000000000000000000000000000        0.31214447820807190     
   279.000000000000000000000000000000000        0.31052026685027656     
   280.000000000000000000000000000000000        0.30871165404907014     
   281.000000000000000000000000000000000        0.30672081189229539     
   282.000000000000000000000000000000000        0.30455020605672184     
   283.000000000000000000000000000000000        0.30220243079321268     
   284.000000000000000000000000000000000        0.29968039496409332     
   285.000000000000000000000000000000000        0.29698713665278709     
   286.000000000000000000000000000000000        0.29412596302776783     
   287.000000000000000000000000000000000        0.29110033786123957     
   288.000000000000000000000000000000000        0.28791397074913638     
   289.000000000000000000000000000000000        0.28457071431213876     
   290.000000000000000000000000000000000        0.28107466363254247     
   291.000000000000000000000000000000000        0.27743007767684047     
   292.000000000000000000000000000000000        0.27364139298836737     
   293.000000000000000000000000000000000        0.26971321642118223     
   294.000000000000000000000000000000000        0.26565035662515984     
   295.000000000000000000000000000000000        0.26145772631959568     
   296.000000000000000000000000000000000        0.25714046891869297     
   297.000000000000000000000000000000000        0.25270382729226576     
   298.000000000000000000000000000000000        0.24815322243670224     
   299.000000000000000000000000000000000        0.24349416745767985     
   300.000000000000000000000000000000000        0.23873238249534667     
   301.000000000000000000000000000000000        0.23387361535528917     
   302.000000000000000000000000000000000        0.22892383821148224     
   303.000000000000000000000000000000000        0.22388904135050353     
   304.000000000000000000000000000000000        0.21877539932033363     
   305.000000000000000000000000000000000        0.21358908928692577     
   306.000000000000000000000000000000000        0.20833648181093656     
   307.000000000000000000000000000000000        0.20302393949846251     
   308.000000000000000000000000000000000        0.19765795309226367     
   309.000000000000000000000000000000000        0.19224506433572627     
   310.000000000000000000000000000000000        0.18679185542039711     
   311.000000000000000000000000000000000        0.18130497739795892     
   312.000000000000000000000000000000000        0.17579111425220109     
   313.000000000000000000000000000000000        0.17025697769198192     
   314.000000000000000000000000000000000        0.16470931597118132     
   315.000000000000000000000000000000000        0.15915488996482238     
   316.000000000000000000000000000000000        0.15360044905669498     
   317.000000000000000000000000000000000        0.14805280247491140     
   318.000000000000000000000000000000000        0.14251866429504154     
   319.000000000000000000000000000000000        0.13700480347953831     
   320.000000000000000000000000000000000        0.13151791207879998     
   321.000000000000000000000000000000000        0.12606471772225725     
   322.000000000000000000000000000000000        0.12065182310222858     
   323.000000000000000000000000000000000        0.11528584420415165     
   324.000000000000000000000000000000000        0.10997330654271191     
   325.000000000000000000000000000000000        0.10472069651643322     
   326.000000000000000000000000000000000         9.9534402173774211E-002
   327.000000000000000000000000000000000         9.4420746999497637E-002
   328.000000000000000000000000000000000         8.9385955694124566E-002
   329.000000000000000000000000000000000         8.4436175974830288E-002
   330.000000000000000000000000000000000         7.9577424137404512E-002
   331.000000000000000000000000000000000         7.4815627271529878E-002
   332.000000000000000000000000000000000         7.0156592691675207E-002
   333.000000000000000000000000000000000         6.5605971238427804E-002
   334.000000000000000000000000000000000         6.1169333239855343E-002
   335.000000000000000000000000000000000         5.6852076396467249E-002
   336.000000000000000000000000000000000         5.2659456025464998E-002
   337.000000000000000000000000000000000         4.8596590843745298E-002
   338.000000000000000000000000000000000         4.4668418872878965E-002
   339.000000000000000000000000000000000         4.0879734478280999E-002
   340.000000000000000000000000000000000         3.7235147587970724E-002
   341.000000000000000000000000000000000         3.3739103050677219E-002
   342.000000000000000000000000000000000         3.0395856298312183E-002
   343.000000000000000000000000000000000         2.7209485001415564E-002
   344.000000000000000000000000000000000         2.4183859470806021E-002
   345.000000000000000000000000000000000         2.1322691975042531E-002
   346.000000000000000000000000000000000         1.8629442763194254E-002
   347.000000000000000000000000000000000         1.6107403837042747E-002
   348.000000000000000000000000000000000         1.3759645224989035E-002
   349.000000000000000000000000000000000         1.1589028948397596E-002
   350.000000000000000000000000000000000         9.5981987121802649E-003
   351.000000000000000000000000000000000         7.7895803786044967E-003
   352.000000000000000000000000000000000         6.1653801108100459E-003
   353.000000000000000000000000000000000         4.7275686602057353E-003
   354.000000000000000000000000000000000         3.4779058396963831E-003
   355.000000000000000000000000000000000         2.4179116073311528E-003
   356.000000000000000000000000000000000         1.5488772041676081E-003
   357.000000000000000000000000000000000         8.7186163760214202E-004
   358.000000000000000000000000000000000         3.8768960579443527E-004
   359.000000000000000000000000000000000         9.6950951482141216E-005
   360.000000000000000000000000000000000         5.7650987981390992E-015
