   1.00000000000000000000000000000000000         9.6952893807252715E-005
   2.00000000000000000000000000000000000         3.8769345305399855E-004
   3.00000000000000000000000000000000000         8.7186745512903886E-004
   4.00000000000000000000000000000000000         1.5488764892961154E-003
   5.00000000000000000000000000000000000         2.4179212717239194E-003
   6.00000000000000000000000000000000000         3.4779172693188360E-003
   7.00000000000000000000000000000000000         4.7275821243763757E-003
   8.00000000000000000000000000000000000         6.1654358243147505E-003
   9.00000000000000000000000000000000000         7.7895975769641168E-003
   10.0000000000000000000000000000000000         9.5982170119160125E-003
   11.0000000000000000000000000000000000         1.1589049797137985E-002
   12.0000000000000000000000000000000000         1.3759604873170822E-002
   13.0000000000000000000000000000000000         1.6107428234622991E-002
   14.0000000000000000000000000000000000         1.8629468828655793E-002
   15.0000000000000000000000000000000000         2.1322719802568186E-002
   16.0000000000000000000000000000000000         2.4183811354007542E-002
   17.0000000000000000000000000000000000         2.7209516123326075E-002
   18.0000000000000000000000000000000000         3.0395874431766504E-002
   19.0000000000000000000000000000000000         3.3739137315353912E-002
   20.0000000000000000000000000000000000         3.7235293047200309E-002
   21.0000000000000000000000000000000000         4.0879771718794318E-002
   22.0000000000000000000000000000000000         4.4668463464078406E-002
   23.0000000000000000000000000000000000         4.8596630878636783E-002
   24.0000000000000000000000000000000000         5.2659445398694452E-002
   25.0000000000000000000000000000000000         5.6852119030710038E-002
   26.0000000000000000000000000000000000         6.1169409948069617E-002
   27.0000000000000000000000000000000000         6.5606016264329270E-002
   28.0000000000000000000000000000000000         7.0156614980774162E-002
   29.0000000000000000000000000000000000         7.4815674469708118E-002
   30.0000000000000000000000000000000000         7.9577520488328307E-002
   31.0000000000000000000000000000000000         8.4436225115314512E-002
   32.0000000000000000000000000000000000         8.9385762720508438E-002
   33.0000000000000000000000000000000000         9.4420797842928783E-002
   34.0000000000000000000000000000000000         9.9534457075440438E-002
   35.0000000000000000000000000000000000        0.10472074881508224     
   36.0000000000000000000000000000000000        0.10997367333006242     
   37.0000000000000000000000000000000000        0.11528589770322857     
   38.0000000000000000000000000000000000        0.12065188652521575     
   39.0000000000000000000000000000000000        0.12606477216111367     
   40.0000000000000000000000000000000000        0.13151782583593297     
   41.0000000000000000000000000000000000        0.13700485859298514     
   42.0000000000000000000000000000000000        0.14251863929726191     
   43.0000000000000000000000000000000000        0.14805285799438966     
   44.0000000000000000000000000000000000        0.15360069928994335     
   45.0000000000000000000000000000000000        0.15915494561988791     
   46.0000000000000000000000000000000000        0.16470941705631492     
   47.0000000000000000000000000000000000        0.17025703321148850     
   48.0000000000000000000000000000000000        0.17579107158350710     
   49.0000000000000000000000000000000000        0.18130503251143429     
   50.0000000000000000000000000000000000        0.18679197300422934     
   51.0000000000000000000000000000000000        0.19224511877459341     
   52.0000000000000000000000000000000000        0.19765822515120113     
   53.0000000000000000000000000000000000        0.20302399299753371     
   54.0000000000000000000000000000000000        0.20833639798086151     
   55.0000000000000000000000000000000000        0.21358914158559414     
   56.0000000000000000000000000000000000        0.21877554117750792     
   57.0000000000000000000000000000000000        0.22388909219393516     
   58.0000000000000000000000000000000000        0.22892391288372357     
   59.0000000000000000000000000000000000        0.23387366449577301     
   60.0000000000000000000000000000000000        0.23873209240699403     
   61.0000000000000000000000000000000000        0.24349421465588808     
   62.0000000000000000000000000000000000        0.24815320895256637     
   63.0000000000000000000000000000000000        0.25270387231812702     
   64.0000000000000000000000000000000000        0.25714047671463269     
   65.0000000000000000000000000000000000        0.26145776895387518     
   66.0000000000000000000000000000000000        0.26565031718200643     
   67.0000000000000000000000000000000000        0.26971325645610850     
   68.0000000000000000000000000000000000        0.27364153175094247     
   69.0000000000000000000000000000000000        0.27743011491736597     
   70.0000000000000000000000000000000000        0.28107489955918286     
   71.0000000000000000000000000000000000        0.28457074857678816     
   72.0000000000000000000000000000000000        0.28791393364046569     
   73.0000000000000000000000000000000000        0.29110036898315211     
   74.0000000000000000000000000000000000        0.29412577494584968     
   75.0000000000000000000000000000000000        0.29698716448037871     
   76.0000000000000000000000000000000000        0.29968023355151119     
   77.0000000000000000000000000000000000        0.30220245519078243     
   78.0000000000000000000000000000000000        0.30455005588567313     
   79.0000000000000000000000000000000000        0.30672083274108530     
   80.0000000000000000000000000000000000        0.30871197920869631     
   81.0000000000000000000000000000000000        0.31052028404866189     
   82.0000000000000000000000000000000000        0.31214452135470616     
   83.0000000000000000000000000000000000        0.31358229856772812     
   84.0000000000000000000000000000000000        0.31483164480931985     
   85.0000000000000000000000000000000000        0.31589195847037588     
   86.0000000000000000000000000000000000        0.31676111541442908     
   87.0000000000000000000000000000000000        0.31743801132529464     
   88.0000000000000000000000000000000000        0.31792218252671572     
   89.0000000000000000000000000000000000        0.31821292491783087     
   90.0000000000000000000000000000000000        0.31830976189096916     
   91.0000000000000000000000000000000000        0.31821292394662709     
   92.0000000000000000000000000000000000        0.31792219724875520     
   93.0000000000000000000000000000000000        0.31743800841645775     
   94.0000000000000000000000000000000000        0.31676103941407480     
   95.0000000000000000000000000000000000        0.31589195363823624     
   96.0000000000000000000000000000000000        0.31483193541677335     
   97.0000000000000000000000000000000000        0.31358229183561981     
   98.0000000000000000000000000000000000        0.31214440843337249     
   99.0000000000000000000000000000000000        0.31052027544938360     
   100.000000000000000000000000000000000        0.30871138351858446     
   101.000000000000000000000000000000000        0.30672082231670711     
   102.000000000000000000000000000000000        0.30455031137186406     
   103.000000000000000000000000000000000        0.30220244299202387     
   104.000000000000000000000000000000000        0.29968029359926307     
   105.000000000000000000000000000000000        0.29698715056659342     
   106.000000000000000000000000000000000        0.29412579780518827     
   107.000000000000000000000000000000000        0.29110035342218016     
   108.000000000000000000000000000000000        0.28791403687601425     
   109.000000000000000000000000000000000        0.28457073144450484     
   110.000000000000000000000000000000000        0.28107479225125098     
   111.000000000000000000000000000000000        0.27743009629707627     
   112.000000000000000000000000000000000        0.27364161824771027     
   113.000000000000000000000000000000000        0.26971323643864931     
   114.000000000000000000000000000000000        0.26565043735680038     
   115.000000000000000000000000000000000        0.26145774763671886     
   116.000000000000000000000000000000000        0.25714028746596784     
   117.000000000000000000000000000000000        0.25270384980524940     
   118.000000000000000000000000000000000        0.24815308950205539     
   119.000000000000000000000000000000000        0.24349419105671793     
   120.000000000000000000000000000000000        0.23873258087402988     
   121.000000000000000000000000000000000        0.23387363992555124     
   122.000000000000000000000000000000000        0.22892398808046419     
   123.000000000000000000000000000000000        0.22388906677218218     
   124.000000000000000000000000000000000        0.21877523716843988     
   125.000000000000000000000000000000000        0.21358911543626158     
   126.000000000000000000000000000000000        0.20833654946203989     
   127.000000000000000000000000000000000        0.20302396624799146     
   128.000000000000000000000000000000000        0.19765790324081661     
   129.000000000000000000000000000000000        0.19224509155521113     
   130.000000000000000000000000000000000        0.18679175466690257     
   131.000000000000000000000000000000000        0.18130500495469318     
   132.000000000000000000000000000000000        0.17579105206773793     
   133.000000000000000000000000000000000        0.17025700545177330     
   134.000000000000000000000000000000000        0.16470921246961487     
   135.000000000000000000000000000000000        0.15915491779234792     
   136.000000000000000000000000000000000        0.15360044892432287     
   137.000000000000000000000000000000000        0.14805283023469126     
   138.000000000000000000000000000000000        0.14251842054217786     
   139.000000000000000000000000000000000        0.13700483103623526     
   140.000000000000000000000000000000000        0.13151789887502835     
   141.000000000000000000000000000000000        0.12606474494169836     
   142.000000000000000000000000000000000        0.12065160877531383     
   143.000000000000000000000000000000000        0.11528587095366286     
   144.000000000000000000000000000000000        0.10997324207783465     
   145.000000000000000000000000000000000        0.10472072266576563     
   146.000000000000000000000000000000000         9.9534639883924692E-002
   147.000000000000000000000000000000000         9.4420772421212454E-002
   148.000000000000000000000000000000000         8.9385992329302999E-002
   149.000000000000000000000000000000000         8.4436200545080622E-002
   150.000000000000000000000000000000000         7.9577420875699884E-002
   151.000000000000000000000000000000000         7.4815650870605710E-002
   152.000000000000000000000000000000000         7.0156600624623158E-002
   153.000000000000000000000000000000000         6.5605993751398167E-002
   154.000000000000000000000000000000000         6.1169388389357399E-002
   155.000000000000000000000000000000000         5.6852097713589511E-002
   156.000000000000000000000000000000000         5.2659514073627560E-002
   157.000000000000000000000000000000000         4.8596610861215674E-002
   158.000000000000000000000000000000000         4.4668404574563496E-002
   159.000000000000000000000000000000000         4.0879753098528579E-002
   160.000000000000000000000000000000000         3.7235140777839543E-002
   161.000000000000000000000000000000000         3.3739120183015107E-002
   162.000000000000000000000000000000000         3.0395933723492898E-002
   163.000000000000000000000000000000000         2.7209500562366564E-002
   164.000000000000000000000000000000000         2.4183880253334789E-002
   165.000000000000000000000000000000000         2.1322705888798407E-002
   166.000000000000000000000000000000000         1.8629496523719445E-002
   167.000000000000000000000000000000000         1.6107416035817328E-002
   168.000000000000000000000000000000000         1.3759655577303329E-002
   169.000000000000000000000000000000000         1.1589039372763588E-002
   170.000000000000000000000000000000000         9.5981454197672043E-003
   171.000000000000000000000000000000000         7.7895889777790280E-003
   172.000000000000000000000000000000000         6.1653815044309807E-003
   173.000000000000000000000000000000000         4.7275753922914063E-003
   174.000000000000000000000000000000000         3.4778786207673692E-003
   175.000000000000000000000000000000000         2.4179164395247699E-003
   176.000000000000000000000000000000000         1.5488900484733612E-003
   177.000000000000000000000000000000000         8.7186454636577313E-004
   178.000000000000000000000000000000000         3.8769012371706301E-004
   179.000000000000000000000000000000000         9.6951922642317311E-005
   180.000000000000000000000000000000000         2.4066088608500087E-015
   181.000000000000000000000000000000000         9.6953864975526892E-005
   182.000000000000000000000000000000000         3.8769588937458051E-004
   183.000000000000000000000000000000000         8.7187036390279620E-004
   184.000000000000000000000000000000000         1.5488893855570066E-003
   185.000000000000000000000000000000000         2.4179261039240329E-003
   186.000000000000000000000000000000000         3.4779232433854138E-003
   187.000000000000000000000000000000000         4.7275888564737457E-003
   188.000000000000000000000000000000000         6.1653972576953802E-003
   189.000000000000000000000000000000000         7.7896061761432486E-003
   190.000000000000000000000000000000000         9.5982521342689951E-003
   191.000000000000000000000000000000000         1.1589060221534778E-002
   192.000000000000000000000000000000000         1.3759679621023075E-002
   193.000000000000000000000000000000000         1.6107440433403612E-002
   194.000000000000000000000000000000000         1.8629500964532378E-002
   195.000000000000000000000000000000000         2.1322733716337049E-002
   196.000000000000000000000000000000000         2.4183904567916779E-002
   197.000000000000000000000000000000000         2.7209531684295362E-002
   198.000000000000000000000000000000000         3.0395888130570734E-002
   199.000000000000000000000000000000000         3.3739154447694625E-002
   200.000000000000000000000000000000000         3.7235211660263813E-002
   201.000000000000000000000000000000000         4.0879790339019027E-002
   202.000000000000000000000000000000000         4.4668382871228984E-002
   203.000000000000000000000000000000000         4.8596650896106347E-002
   204.000000000000000000000000000000000         5.2659549733328877E-002
   205.000000000000000000000000000000000         5.6852140347854366E-002
   206.000000000000000000000000000000000         6.1169453285925490E-002
   207.000000000000000000000000000000000         6.5606038777277109E-002
   208.000000000000000000000000000000000         7.0156659000685948E-002
   209.000000000000000000000000000000000         7.4815698068798273E-002
   210.000000000000000000000000000000000         7.9577446514624436E-002
   211.000000000000000000000000000000000         8.4436249685621745E-002
   212.000000000000000000000000000000000         8.9386031045779135E-002
   213.000000000000000000000000000000000         9.4420823264652121E-002
   214.000000000000000000000000000000000         9.9534438030324177E-002
   215.000000000000000000000000000000000        0.10472077496444973     
   216.000000000000000000000000000000000        0.10997327046017034     
   217.000000000000000000000000000000000        0.11528592445276432     
   218.000000000000000000000000000000000        0.12065191403097519     
   219.000000000000000000000000000000000        0.12606479938056073     
   220.000000000000000000000000000000000        0.13151795848385520     
   221.000000000000000000000000000000000        0.13700488614966941     
   222.000000000000000000000000000000000        0.14251875418620449     
   223.000000000000000000000000000000000        0.14805288575416370     
   224.000000000000000000000000000000000        0.15360048815625529     
   225.000000000000000000000000000000000        0.15915497344741064     
   226.000000000000000000000000000000000        0.16470939813243407     
   227.000000000000000000000000000000000        0.17025706097125717     
   228.000000000000000000000000000000000        0.17579126220026364     
   229.000000000000000000000000000000000        0.18130506006811922     
   230.000000000000000000000000000000000        0.18679210264038412     
   231.000000000000000000000000000000000        0.19224514599407960     
   232.000000000000000000000000000000000        0.19765815817875840     
   233.000000000000000000000000000000000        0.20302401974706480     
   234.000000000000000000000000000000000        0.20833670199477083     
   235.000000000000000000000000000000000        0.21358916773494252     
   236.000000000000000000000000000000000        0.21877561352071273     
   237.000000000000000000000000000000000        0.22388911761565800     
   238.000000000000000000000000000000000        0.22892403175539300     
   239.000000000000000000000000000000000        0.23387368906605022     
   240.000000000000000000000000000000000        0.23873253622619897     
   241.000000000000000000000000000000000        0.24349423825494301     
   242.000000000000000000000000000000000        0.24815331584232633     
   243.000000000000000000000000000000000        0.25270389483109462     
   244.000000000000000000000000000000000        0.25714063796822995     
   245.000000000000000000000000000000000        0.26145779027093935     
   246.000000000000000000000000000000000        0.26565044804274734     
   247.000000000000000000000000000000000        0.26971327647355847     
   248.000000000000000000000000000000000        0.27364133427799542     
   249.000000000000000000000000000000000        0.27743013353762930     
   250.000000000000000000000000000000000        0.28107466692678917     
   251.000000000000000000000000000000000        0.28457076570916617     
   252.000000000000000000000000000000000        0.28791389110074811     
   253.000000000000000000000000000000000        0.29110038454414927     
   254.000000000000000000000000000000000        0.29412594335404380     
   255.000000000000000000000000000000000        0.29698717839413619     
   256.000000000000000000000000000000000        0.29968033252820198     
   257.000000000000000000000000000000000        0.30220246738957851     
   258.000000000000000000000000000000000        0.30455031864663024     
   259.000000000000000000000000000000000        0.30672084316541670     
   260.000000000000000000000000000000000        0.30871145159912994     
   261.000000000000000000000000000000000        0.31052029264784464     
   262.000000000000000000000000000000000        0.31214419031469337     
   263.000000000000000000000000000000000        0.31358230529975251     
   264.000000000000000000000000000000000        0.31483183001364268     
   265.000000000000000000000000000000000        0.31589196330254121     
   266.000000000000000000000000000000000        0.31676092531035044     
   267.000000000000000000000000000000000        0.31743801423402251     
   268.000000000000000000000000000000000        0.31792204440591343     
   269.000000000000000000000000000000000        0.31821292588896843     
   270.000000000000000000000000000000000        0.31830980142503884     
   271.000000000000000000000000000000000        0.31821292297545528     
   272.000000000000000000000000000000000        0.31792203594331914     
   273.000000000000000000000000000000000        0.31743800550773255     
   274.000000000000000000000000000000000        0.31676106945839483     
   275.000000000000000000000000000000000        0.31589194880604288     
   276.000000000000000000000000000000000        0.31483209455002997     
   277.000000000000000000000000000000000        0.31358228510350677     
   278.000000000000000000000000000000000        0.31214455694898124     
   279.000000000000000000000000000000000        0.31052026685027656     
   280.000000000000000000000000000000000        0.30871178849067904     
   281.000000000000000000000000000000000        0.30672081189231237     
   282.000000000000000000000000000000000        0.30455041840852559     
   283.000000000000000000000000000000000        0.30220243079320702     
   284.000000000000000000000000000000000        0.29968050121556722     
   285.000000000000000000000000000000000        0.29698713665280380     
   286.000000000000000000000000000000000        0.29412604073739529     
   287.000000000000000000000000000000000        0.29110033786123957     
   288.000000000000000000000000000000000        0.28791409555703540     
   289.000000000000000000000000000000000        0.28457071431208431     
   290.000000000000000000000000000000000        0.28107462422682516     
   291.000000000000000000000000000000000        0.27743007767684585     
   292.000000000000000000000000000000000        0.27364145253056482     
   293.000000000000000000000000000000000        0.26971321642119811     
   294.000000000000000000000000000000000        0.26565052723497701     
   295.000000000000000000000000000000000        0.26145772631955388     
   296.000000000000000000000000000000000        0.25714049917274179     
   297.000000000000000000000000000000000        0.25270382729227603     
   298.000000000000000000000000000000000        0.24815337139715543     
   299.000000000000000000000000000000000        0.24349416745773278     
   300.000000000000000000000000000000000        0.23873260738062763     
   301.000000000000000000000000000000000        0.23387361535526446     
   302.000000000000000000000000000000000        0.22892396904938367     
   303.000000000000000000000000000000000        0.22388904135049628     
   304.000000000000000000000000000000000        0.21877562678874216     
   305.000000000000000000000000000000000        0.21358908928689507     
   306.000000000000000000000000000000000        0.20833659456937820     
   307.000000000000000000000000000000000        0.20302393949850392     
   308.000000000000000000000000000000000        0.19765789444933726     
   309.000000000000000000000000000000000        0.19224506433569941     
   310.000000000000000000000000000000000        0.18679183838470051     
   311.000000000000000000000000000000000        0.18130497739797416     
   312.000000000000000000000000000000000        0.17579115104383752     
   313.000000000000000000000000000000000        0.17025697769198403     
   314.000000000000000000000000000000000        0.16470929396993256     
   315.000000000000000000000000000000000        0.15915488996485092     
   316.000000000000000000000000000000000        0.15360024165454764     
   317.000000000000000000000000000000000        0.14805280247490354     
   318.000000000000000000000000000000000        0.14251859812557771     
   319.000000000000000000000000000000000        0.13700480347954397     
   320.000000000000000000000000000000000        0.13151771582616370     
   321.000000000000000000000000000000000        0.12606471772225364     
   322.000000000000000000000000000000000        0.12065178011219044     
   323.000000000000000000000000000000000        0.11528584420415165     
   324.000000000000000000000000000000000        0.10997324985966633     
   325.000000000000000000000000000000000        0.10472069651642991     
   326.000000000000000000000000000000000         9.9534396616147061E-002
   327.000000000000000000000000000000000         9.4420746999521174E-002
   328.000000000000000000000000000000000         8.9385888012304210E-002
   329.000000000000000000000000000000000         8.4436175974827318E-002
   330.000000000000000000000000000000000         7.9577408620721643E-002
   331.000000000000000000000000000000000         7.4815627271538246E-002
   332.000000000000000000000000000000000         7.0156728128087570E-002
   333.000000000000000000000000000000000         6.5605971238417340E-002
   334.000000000000000000000000000000000         6.1169327241959615E-002
   335.000000000000000000000000000000000         5.6852076396486734E-002
   336.000000000000000000000000000000000         5.2659403547076017E-002
   337.000000000000000000000000000000000         4.8596590843734036E-002
   338.000000000000000000000000000000000         4.4668392948060770E-002
   339.000000000000000000000000000000000         4.0879734478288222E-002
   340.000000000000000000000000000000000         3.7235133322118884E-002
   341.000000000000000000000000000000000         3.3739103050667373E-002
   342.000000000000000000000000000000000         3.0395838357403709E-002
   343.000000000000000000000000000000000         2.7209485001425251E-002
   344.000000000000000000000000000000000         2.4183732461215537E-002
   345.000000000000000000000000000000000         2.1322691975041785E-002
   346.000000000000000000000000000000000         1.8629430445263068E-002
   347.000000000000000000000000000000000         1.6107403837046959E-002
   348.000000000000000000000000000000000         1.3759640952222495E-002
   349.000000000000000000000000000000000         1.1589028948398559E-002
   350.000000000000000000000000000000000         9.5981983875206116E-003
   351.000000000000000000000000000000000         7.7895803786055115E-003
   352.000000000000000000000000000000000         6.1654215671390700E-003
   353.000000000000000000000000000000000         4.7275686602054725E-003
   354.000000000000000000000000000000000         3.4779051239409494E-003
   355.000000000000000000000000000000000         2.4179116073318745E-003
   356.000000000000000000000000000000000         1.5488763037256868E-003
   357.000000000000000000000000000000000         8.7186163760153877E-004
   358.000000000000000000000000000000000         3.8769014298264297E-004
   359.000000000000000000000000000000000         9.6950951482252794E-005
   360.000000000000000000000000000000000         7.4207899902518836E-014
