   1.00000000000000000000000000000000000         9.6952893807466872E-005
   2.00000000000000000000000000000000000         3.8769345305440729E-004
   3.00000000000000000000000000000000000         8.7186745512845675E-004
   4.00000000000000000000000000000000000         1.5488745768090170E-003
   5.00000000000000000000000000000000000         2.4179212717241718E-003
   6.00000000000000000000000000000000000         3.4779172270277656E-003
   7.00000000000000000000000000000000000         4.7275821243762846E-003
   8.00000000000000000000000000000000000         6.1654454945850425E-003
   9.00000000000000000000000000000000000         7.7895975769656598E-003
   10.0000000000000000000000000000000000         9.5982168420707028E-003
   11.0000000000000000000000000000000000         1.1589049797136331E-002
   12.0000000000000000000000000000000000         1.3759590670299608E-002
   13.0000000000000000000000000000000000         1.6107428234625909E-002
   14.0000000000000000000000000000000000         1.8629468634169935E-002
   15.0000000000000000000000000000000000         2.1322719802567773E-002
   16.0000000000000000000000000000000000         2.4183792071987120E-002
   17.0000000000000000000000000000000000         2.7209516123326030E-002
   18.0000000000000000000000000000000000         3.0395870896091692E-002
   19.0000000000000000000000000000000000         3.3739137315353961E-002
   20.0000000000000000000000000000000000         3.7235317461489982E-002
   21.0000000000000000000000000000000000         4.0879771718796851E-002
   22.0000000000000000000000000000000000         4.4668464415734896E-002
   23.0000000000000000000000000000000000         4.8596630878634417E-002
   24.0000000000000000000000000000000000         5.2659432959933070E-002
   25.0000000000000000000000000000000000         5.6852119030708796E-002
   26.0000000000000000000000000000000000         6.1169417235067858E-002
   27.0000000000000000000000000000000000         6.5606016264331143E-002
   28.0000000000000000000000000000000000         7.0156611609333966E-002
   29.0000000000000000000000000000000000         7.4815674469710117E-002
   30.0000000000000000000000000000000000         7.9577531070839105E-002
   31.0000000000000000000000000000000000         8.4436225115309543E-002
   32.0000000000000000000000000000000000         8.9385707179514953E-002
   33.0000000000000000000000000000000000         9.4420797842929158E-002
   34.0000000000000000000000000000000000         9.9534457734707274E-002
   35.0000000000000000000000000000000000        0.10472074881508066     
   36.0000000000000000000000000000000000        0.10997374295776902     
   37.0000000000000000000000000000000000        0.11528589770322732     
   38.0000000000000000000000000000000000        0.12065188801075796     
   39.0000000000000000000000000000000000        0.12606477216111020     
   40.0000000000000000000000000000000000        0.13151779129785374     
   41.0000000000000000000000000000000000        0.13700485859298786     
   42.0000000000000000000000000000000000        0.14251862029120413     
   43.0000000000000000000000000000000000        0.14805285799438545     
   44.0000000000000000000000000000000000        0.15360073994188389     
   45.0000000000000000000000000000000000        0.15915494561988791     
   46.0000000000000000000000000000000000        0.16470942694040033     
   47.0000000000000000000000000000000000        0.17025703321149052     
   48.0000000000000000000000000000000000        0.17579105011792548     
   49.0000000000000000000000000000000000        0.18130503251144314     
   50.0000000000000000000000000000000000        0.18679198684700432     
   51.0000000000000000000000000000000000        0.19224511877459127     
   52.0000000000000000000000000000000000        0.19765827324423210     
   53.0000000000000000000000000000000000        0.20302399299753096     
   54.0000000000000000000000000000000000        0.20833636893023011     
   55.0000000000000000000000000000000000        0.21358914158559528     
   56.0000000000000000000000000000000000        0.21877556476905036     
   57.0000000000000000000000000000000000        0.22388909219393399     
   58.0000000000000000000000000000000000        0.22892392033290132     
   59.0000000000000000000000000000000000        0.23387366449576594     
   60.0000000000000000000000000000000000        0.23873201975749461     
   61.0000000000000000000000000000000000        0.24349421465589591     
   62.0000000000000000000000000000000000        0.24815319774839992     
   63.0000000000000000000000000000000000        0.25270387231811742     
   64.0000000000000000000000000000000000        0.25714046906227722     
   65.0000000000000000000000000000000000        0.26145776895387995     
   66.0000000000000000000000000000000000        0.26565030154040986     
   67.0000000000000000000000000000000000        0.26971325645611122     
   68.0000000000000000000000000000000000        0.27364155509440391     
   69.0000000000000000000000000000000000        0.27743011491736957     
   70.0000000000000000000000000000000000        0.28107494391440463     
   71.0000000000000000000000000000000000        0.28457074857677811     
   72.0000000000000000000000000000000000        0.28791391979342879     
   73.0000000000000000000000000000000000        0.29110036898315045     
   74.0000000000000000000000000000000000        0.29412572724029756     
   75.0000000000000000000000000000000000        0.29698716448038975     
   76.0000000000000000000000000000000000        0.29968019300605386     
   77.0000000000000000000000000000000000        0.30220245519078059     
   78.0000000000000000000000000000000000        0.30455002020100952     
   79.0000000000000000000000000000000000        0.30672083274109119     
   80.0000000000000000000000000000000000        0.30871204989884815     
   81.0000000000000000000000000000000000        0.31052028404866683     
   82.0000000000000000000000000000000000        0.31214452874968979     
   83.0000000000000000000000000000000000        0.31358229856773823     
   84.0000000000000000000000000000000000        0.31483157343240287     
   85.0000000000000000000000000000000000        0.31589195847037388     
   86.0000000000000000000000000000000000        0.31676114261374327     
   87.0000000000000000000000000000000000        0.31743801132530081     
   88.0000000000000000000000000000000000        0.31792218200661365     
   89.0000000000000000000000000000000000        0.31821292491784131     
   90.0000000000000000000000000000000000        0.31830973597698314     
   91.0000000000000000000000000000000000        0.31821292394662787     
   92.0000000000000000000000000000000000        0.31792220046936936     
   93.0000000000000000000000000000000000        0.31743800841645009     
   94.0000000000000000000000000000000000        0.31676105042149633     
   95.0000000000000000000000000000000000        0.31589195363824663     
   96.0000000000000000000000000000000000        0.31483193057706615     
   97.0000000000000000000000000000000000        0.31358229183562725     
   98.0000000000000000000000000000000000        0.31214439220057583     
   99.0000000000000000000000000000000000        0.31052027544936539     
   100.000000000000000000000000000000000        0.30871132261897805     
   101.000000000000000000000000000000000        0.30672082231671433     
   102.000000000000000000000000000000000        0.30455033558212308     
   103.000000000000000000000000000000000        0.30220244299202736     
   104.000000000000000000000000000000000        0.29968026946669624     
   105.000000000000000000000000000000000        0.29698715056660174     
   106.000000000000000000000000000000000        0.29412575854172540     
   107.000000000000000000000000000000000        0.29110035342217455     
   108.000000000000000000000000000000000        0.28791404987619756     
   109.000000000000000000000000000000000        0.28457073144450901     
   110.000000000000000000000000000000000        0.28107481653242306     
   111.000000000000000000000000000000000        0.27743009629707088     
   112.000000000000000000000000000000000        0.27364166534835099     
   113.000000000000000000000000000000000        0.26971323643865208     
   114.000000000000000000000000000000000        0.26565045333564280     
   115.000000000000000000000000000000000        0.26145774763671625     
   116.000000000000000000000000000000000        0.25714024225193005     
   117.000000000000000000000000000000000        0.25270384980525690     
   118.000000000000000000000000000000000        0.24815305666146908     
   119.000000000000000000000000000000000        0.24349419105670647     
   120.000000000000000000000000000000000        0.23873262329043443     
   121.000000000000000000000000000000000        0.23387363992555243     
   122.000000000000000000000000000000000        0.22892401802531215     
   123.000000000000000000000000000000000        0.22388906677217235     
   124.000000000000000000000000000000000        0.21877519830516995     
   125.000000000000000000000000000000000        0.21358911543626272     
   126.000000000000000000000000000000000        0.20833656035863035     
   127.000000000000000000000000000000000        0.20302396624798819     
   128.000000000000000000000000000000000        0.19765788512967242     
   129.000000000000000000000000000000000        0.19224509155522185     
   130.000000000000000000000000000000000        0.18679172564727201     
   131.000000000000000000000000000000000        0.18130500495469629     
   132.000000000000000000000000000000000        0.17579103243384056     
   133.000000000000000000000000000000000        0.17025700545178338     
   134.000000000000000000000000000000000        0.16470918266927229     
   135.000000000000000000000000000000000        0.15915491779234597     
   136.000000000000000000000000000000000        0.15360043961491446     
   137.000000000000000000000000000000000        0.14805283023469878     
   138.000000000000000000000000000000000        0.14251835864064491     
   139.000000000000000000000000000000000        0.13700483103623029     
   140.000000000000000000000000000000000        0.13151788688556137     
   141.000000000000000000000000000000000        0.12606474494170009     
   142.000000000000000000000000000000000        0.12065155397030609     
   143.000000000000000000000000000000000        0.11528587095365581     
   144.000000000000000000000000000000000        0.10997322083500975     
   145.000000000000000000000000000000000        0.10472072266576721     
   146.000000000000000000000000000000000         9.9534687373976832E-002
   147.000000000000000000000000000000000         9.4420772421212454E-002
   148.000000000000000000000000000000000         8.9385993947857928E-002
   149.000000000000000000000000000000000         8.4436200545080622E-002
   150.000000000000000000000000000000000         7.9577414506249194E-002
   151.000000000000000000000000000000000         7.4815650870603712E-002
   152.000000000000000000000000000000000         7.0156599209368814E-002
   153.000000000000000000000000000000000         6.5605993751404121E-002
   154.000000000000000000000000000000000         6.1169395759345734E-002
   155.000000000000000000000000000000000         5.6852097713589282E-002
   156.000000000000000000000000000000000         5.2659521694109007E-002
   157.000000000000000000000000000000000         4.8596610861220593E-002
   158.000000000000000000000000000000000         4.4668396645655500E-002
   159.000000000000000000000000000000000         4.0879753098528024E-002
   160.000000000000000000000000000000000         3.7235135024683154E-002
   161.000000000000000000000000000000000         3.3739120183015607E-002
   162.000000000000000000000000000000000         3.0395947170105849E-002
   163.000000000000000000000000000000000         2.7209500562365926E-002
   164.000000000000000000000000000000000         2.4183879748893279E-002
   165.000000000000000000000000000000000         2.1322705888797280E-002
   166.000000000000000000000000000000000         1.8629505479285918E-002
   167.000000000000000000000000000000000         1.6107416035815673E-002
   168.000000000000000000000000000000000         1.3759655297854854E-002
   169.000000000000000000000000000000000         1.1589039372762467E-002
   170.000000000000000000000000000000000         9.5981313148418117E-003
   171.000000000000000000000000000000000         7.7895889777790306E-003
   172.000000000000000000000000000000000         6.1653807023265084E-003
   173.000000000000000000000000000000000         4.7275753922920551E-003
   174.000000000000000000000000000000000         3.4778712011157686E-003
   175.000000000000000000000000000000000         2.4179164395247590E-003
   176.000000000000000000000000000000000         1.5488920492969986E-003
   177.000000000000000000000000000000000         8.7186454636609752E-004
   178.000000000000000000000000000000000         3.8768981208362949E-004
   179.000000000000000000000000000000000         9.6951922642424999E-005
   180.000000000000000000000000000000000         2.4007575274890763E-015
   181.000000000000000000000000000000000         9.6953864975470052E-005
   182.000000000000000000000000000000000         3.8769600053506807E-004
   183.000000000000000000000000000000000         8.7187036390268236E-004
   184.000000000000000000000000000000000         1.5488894987310943E-003
   185.000000000000000000000000000000000         2.4179261039235130E-003
   186.000000000000000000000000000000000         3.4779232433869442E-003
   187.000000000000000000000000000000000         4.7275888564748923E-003
   188.000000000000000000000000000000000         6.1653965482261416E-003
   189.000000000000000000000000000000000         7.7896061761436380E-003
   190.000000000000000000000000000000000         9.5982577124384006E-003
   191.000000000000000000000000000000000         1.1589060221536999E-002
   192.000000000000000000000000000000000         1.3759679657378603E-002
   193.000000000000000000000000000000000         1.6107440433404077E-002
   194.000000000000000000000000000000000         1.8629505051435871E-002
   195.000000000000000000000000000000000         2.1322733716336691E-002
   196.000000000000000000000000000000000         2.4183902901042144E-002
   197.000000000000000000000000000000000         2.7209531684296673E-002
   198.000000000000000000000000000000000         3.0395883998244357E-002
   199.000000000000000000000000000000000         3.3739154447694403E-002
   200.000000000000000000000000000000000         3.7235213788501954E-002
   201.000000000000000000000000000000000         4.0879790339013969E-002
   202.000000000000000000000000000000000         4.4668361391097609E-002
   203.000000000000000000000000000000000         4.8596650896107561E-002
   204.000000000000000000000000000000000         5.2659556074200982E-002
   205.000000000000000000000000000000000         5.6852140347855969E-002
   206.000000000000000000000000000000000         6.1169465379130573E-002
   207.000000000000000000000000000000000         6.5606038777278955E-002
   208.000000000000000000000000000000000         7.0156660332270526E-002
   209.000000000000000000000000000000000         7.4815698068799966E-002
   210.000000000000000000000000000000000         7.9577435080734962E-002
   211.000000000000000000000000000000000         8.4436249685628781E-002
   212.000000000000000000000000000000000         8.9386030126259369E-002
   213.000000000000000000000000000000000         9.4420823264652939E-002
   214.000000000000000000000000000000000         9.9534428622042426E-002
   215.000000000000000000000000000000000        0.10472077496445713     
   216.000000000000000000000000000000000        0.10997324370639794     
   217.000000000000000000000000000000000        0.11528592445276072     
   218.000000000000000000000000000000000        0.12065191562984456     
   219.000000000000000000000000000000000        0.12606479938056014     
   220.000000000000000000000000000000000        0.13151794757177809     
   221.000000000000000000000000000000000        0.13700488614966369     
   222.000000000000000000000000000000000        0.14251875475876266     
   223.000000000000000000000000000000000        0.14805288575416584     
   224.000000000000000000000000000000000        0.15360047516763206     
   225.000000000000000000000000000000000        0.15915497344740751     
   226.000000000000000000000000000000000        0.16470939752510852     
   227.000000000000000000000000000000000        0.17025706097126447     
   228.000000000000000000000000000000000        0.17579127731342131     
   229.000000000000000000000000000000000        0.18130506006812006     
   230.000000000000000000000000000000000        0.18679213943307010     
   231.000000000000000000000000000000000        0.19224514599408943     
   232.000000000000000000000000000000000        0.19765818517571365     
   233.000000000000000000000000000000000        0.20302401974705914     
   234.000000000000000000000000000000000        0.20833673525091420     
   235.000000000000000000000000000000000        0.21358916773494882     
   236.000000000000000000000000000000000        0.21877564756045531     
   237.000000000000000000000000000000000        0.22388911761565794     
   238.000000000000000000000000000000000        0.22892406027528825     
   239.000000000000000000000000000000000        0.23387368906604908     
   240.000000000000000000000000000000000        0.23873255779949673     
   241.000000000000000000000000000000000        0.24349423825494360     
   242.000000000000000000000000000000000        0.24815332345482474     
   243.000000000000000000000000000000000        0.25270389483109090     
   244.000000000000000000000000000000000        0.25714066159296428     
   245.000000000000000000000000000000000        0.26145779027092936     
   246.000000000000000000000000000000000        0.26565045713562768     
   247.000000000000000000000000000000000        0.26971327647356230     
   248.000000000000000000000000000000000        0.27364130895126737     
   249.000000000000000000000000000000000        0.27743013353763446     
   250.000000000000000000000000000000000        0.28107465504291168     
   251.000000000000000000000000000000000        0.28457076570916617     
   252.000000000000000000000000000000000        0.28791386403208902     
   253.000000000000000000000000000000000        0.29110038454415582     
   254.000000000000000000000000000000000        0.29412593014399963     
   255.000000000000000000000000000000000        0.29698717839414684     
   256.000000000000000000000000000000000        0.29968031126920952     
   257.000000000000000000000000000000000        0.30220246738957851     
   258.000000000000000000000000000000000        0.30455033940823462     
   259.000000000000000000000000000000000        0.30672084316541398     
   260.000000000000000000000000000000000        0.30871140170970884     
   261.000000000000000000000000000000000        0.31052029264785008     
   262.000000000000000000000000000000000        0.31214412167268751     
   263.000000000000000000000000000000000        0.31358230529974979     
   264.000000000000000000000000000000000        0.31483179891436563     
   265.000000000000000000000000000000000        0.31589196330253161     
   266.000000000000000000000000000000000        0.31676090896382381     
   267.000000000000000000000000000000000        0.31743801423402113     
   268.000000000000000000000000000000000        0.31792201244333756     
   269.000000000000000000000000000000000        0.31821292588897254     
   270.000000000000000000000000000000000        0.31830978438604746     
   271.000000000000000000000000000000000        0.31821292297545661     
   272.000000000000000000000000000000000        0.31792200338828297     
   273.000000000000000000000000000000000        0.31743800550773527     
   274.000000000000000000000000000000000        0.31676108807987580     
   275.000000000000000000000000000000000        0.31589194880605664     
   276.000000000000000000000000000000000        0.31483212673294442     
   277.000000000000000000000000000000000        0.31358228510350949     
   278.000000000000000000000000000000000        0.31214457577833060     
   279.000000000000000000000000000000000        0.31052026685027656     
   280.000000000000000000000000000000000        0.30871182063976377     
   281.000000000000000000000000000000000        0.30672081189231643     
   282.000000000000000000000000000000000        0.30455046918831574     
   283.000000000000000000000000000000000        0.30220243079320569     
   284.000000000000000000000000000000000        0.29968052662353117     
   285.000000000000000000000000000000000        0.29698713665280779     
   286.000000000000000000000000000000000        0.29412605932013380     
   287.000000000000000000000000000000000        0.29110033786123957     
   288.000000000000000000000000000000000        0.28791412540240657     
   289.000000000000000000000000000000000        0.28457071431207126     
   290.000000000000000000000000000000000        0.28107461480371926     
   291.000000000000000000000000000000000        0.27743007767684719     
   292.000000000000000000000000000000000        0.27364146676891732     
   293.000000000000000000000000000000000        0.26971321642120194     
   294.000000000000000000000000000000000        0.26565056803298487     
   295.000000000000000000000000000000000        0.26145772631954389     
   296.000000000000000000000000000000000        0.25714050640740588     
   297.000000000000000000000000000000000        0.25270382729227847     
   298.000000000000000000000000000000000        0.24815340701813998     
   299.000000000000000000000000000000000        0.24349416745774544     
   300.000000000000000000000000000000000        0.23873266115755834     
   301.000000000000000000000000000000000        0.23387361535525855     
   302.000000000000000000000000000000000        0.22892400033671348     
   303.000000000000000000000000000000000        0.22388904135049453     
   304.000000000000000000000000000000000        0.21877568118337912     
   305.000000000000000000000000000000000        0.21358908928688775     
   306.000000000000000000000000000000000        0.20833662153335789     
   307.000000000000000000000000000000000        0.20302393949851383     
   308.000000000000000000000000000000000        0.19765788042603008     
   309.000000000000000000000000000000000        0.19224506433569299     
   310.000000000000000000000000000000000        0.18679183431094709     
   311.000000000000000000000000000000000        0.18130497739797780     
   312.000000000000000000000000000000000        0.17579115984183810     
   313.000000000000000000000000000000000        0.17025697769198453     
   314.000000000000000000000000000000000        0.16470928870876458     
   315.000000000000000000000000000000000        0.15915488996485772     
   316.000000000000000000000000000000000        0.15360019205840272     
   317.000000000000000000000000000000000        0.14805280247490166     
   318.000000000000000000000000000000000        0.14251858230244732     
   319.000000000000000000000000000000000        0.13700480347954533     
   320.000000000000000000000000000000000        0.13151766889620714     
   321.000000000000000000000000000000000        0.12606471772225278     
   322.000000000000000000000000000000000        0.12065176983196506     
   323.000000000000000000000000000000000        0.11528584420415165     
   324.000000000000000000000000000000000        0.10997323630502716     
   325.000000000000000000000000000000000        0.10472069651642912     
   326.000000000000000000000000000000000         9.9534395287149288E-002
   327.000000000000000000000000000000000         9.4420746999526808E-002
   328.000000000000000000000000000000000         8.9385871827524874E-002
   329.000000000000000000000000000000000         8.4436175974826611E-002
   330.000000000000000000000000000000000         7.9577404910210744E-002
   331.000000000000000000000000000000000         7.4815627271540258E-002
   332.000000000000000000000000000000000         7.0156760515075106E-002
   333.000000000000000000000000000000000         6.5605971238414842E-002
   334.000000000000000000000000000000000         6.1169325807680239E-002
   335.000000000000000000000000000000000         5.6852076396491390E-002
   336.000000000000000000000000000000000         5.2659390997899916E-002
   337.000000000000000000000000000000000         4.8596590843731344E-002
   338.000000000000000000000000000000000         4.4668386748648758E-002
   339.000000000000000000000000000000000         4.0879734478289950E-002
   340.000000000000000000000000000000000         3.7235129910719936E-002
   341.000000000000000000000000000000000         3.3739103050665013E-002
   342.000000000000000000000000000000000         3.0395834067187249E-002
   343.000000000000000000000000000000000         2.7209485001427568E-002
   344.000000000000000000000000000000000         2.4183702089406359E-002
   345.000000000000000000000000000000000         2.1322691975041608E-002
   346.000000000000000000000000000000000         1.8629427499671433E-002
   347.000000000000000000000000000000000         1.6107403837047968E-002
   348.000000000000000000000000000000000         1.3759639930474073E-002
   349.000000000000000000000000000000000         1.1589028948398788E-002
   350.000000000000000000000000000000000         9.5981983098845907E-003
   351.000000000000000000000000000000000         7.7895803786057535E-003
   352.000000000000000000000000000000000         6.1654314806297034E-003
   353.000000000000000000000000000000000         4.7275686602054091E-003
   354.000000000000000000000000000000000         3.4779049527820525E-003
   355.000000000000000000000000000000000         2.4179116073320471E-003
   356.000000000000000000000000000000000         1.5488760884026624E-003
   357.000000000000000000000000000000000         8.7186163760139457E-004
   358.000000000000000000000000000000000         3.8769027144074780E-004
   359.000000000000000000000000000000000         9.6950951482279479E-005
   360.000000000000000000000000000000000         1.2652949742030767E-013
