   1.00000000000000000000000000000000000         9.6952893807506269E-005
   2.00000000000000000000000000000000000         3.8769345305448162E-004
   3.00000000000000000000000000000000000         8.7186745512834963E-004
   4.00000000000000000000000000000000000         1.5488742290842169E-003
   5.00000000000000000000000000000000000         2.4179212717242195E-003
   6.00000000000000000000000000000000000         3.4779172193384802E-003
   7.00000000000000000000000000000000000         4.7275821243762655E-003
   8.00000000000000000000000000000000000         6.1654472528168197E-003
   9.00000000000000000000000000000000000         7.7895975769659443E-003
   10.0000000000000000000000000000000000         9.5982168111897383E-003
   11.0000000000000000000000000000000000         1.1589049797136028E-002
   12.0000000000000000000000000000000000         1.3759588087960175E-002
   13.0000000000000000000000000000000000         1.6107428234626443E-002
   14.0000000000000000000000000000000000         1.8629468598808870E-002
   15.0000000000000000000000000000000000         2.1322719802567690E-002
   16.0000000000000000000000000000000000         2.4183788566166053E-002
   17.0000000000000000000000000000000000         2.7209516123326030E-002
   18.0000000000000000000000000000000000         3.0395870253241749E-002
   19.0000000000000000000000000000000000         3.3739137315353961E-002
   20.0000000000000000000000000000000000         3.7235321900452603E-002
   21.0000000000000000000000000000000000         4.0879771718797323E-002
   22.0000000000000000000000000000000000         4.4668464588763349E-002
   23.0000000000000000000000000000000000         4.8596630878633980E-002
   24.0000000000000000000000000000000000         5.2659430698340254E-002
   25.0000000000000000000000000000000000         5.6852119030708581E-002
   26.0000000000000000000000000000000000         6.1169418559976672E-002
   27.0000000000000000000000000000000000         6.5606016264331490E-002
   28.0000000000000000000000000000000000         7.0156610996344848E-002
   29.0000000000000000000000000000000000         7.4815674469710491E-002
   30.0000000000000000000000000000000000         7.9577532994932046E-002
   31.0000000000000000000000000000000000         8.4436225115308641E-002
   32.0000000000000000000000000000000000         8.9385697081154347E-002
   33.0000000000000000000000000000000000         9.4420797842929227E-002
   34.0000000000000000000000000000000000         9.9534457854573974E-002
   35.0000000000000000000000000000000000        0.10472074881508037     
   36.0000000000000000000000000000000000        0.10997375561735441     
   37.0000000000000000000000000000000000        0.11528589770322710     
   38.0000000000000000000000000000000000        0.12065188828085655     
   39.0000000000000000000000000000000000        0.12606477216110956     
   40.0000000000000000000000000000000000        0.13151778501820344     
   41.0000000000000000000000000000000000        0.13700485859298833     
   42.0000000000000000000000000000000000        0.14251861683555742     
   43.0000000000000000000000000000000000        0.14805285799438467     
   44.0000000000000000000000000000000000        0.15360074733314638     
   45.0000000000000000000000000000000000        0.15915494561988791     
   46.0000000000000000000000000000000000        0.16470942873750680     
   47.0000000000000000000000000000000000        0.17025703321149088     
   48.0000000000000000000000000000000000        0.17579104621509262     
   49.0000000000000000000000000000000000        0.18130503251144475     
   50.0000000000000000000000000000000000        0.18679198936387253     
   51.0000000000000000000000000000000000        0.19224511877459088     
   52.0000000000000000000000000000000000        0.19765828198842017     
   53.0000000000000000000000000000000000        0.20302399299753046     
   54.0000000000000000000000000000000000        0.20833636364829736     
   55.0000000000000000000000000000000000        0.21358914158559547     
   56.0000000000000000000000000000000000        0.21877556905842185     
   57.0000000000000000000000000000000000        0.22388909219393380     
   58.0000000000000000000000000000000000        0.22892392168729728     
   59.0000000000000000000000000000000000        0.23387366449576463     
   60.0000000000000000000000000000000000        0.23873200654849591     
   61.0000000000000000000000000000000000        0.24349421465589732     
   62.0000000000000000000000000000000000        0.24815319571127875     
   63.0000000000000000000000000000000000        0.25270387231811564     
   64.0000000000000000000000000000000000        0.25714046767093984     
   65.0000000000000000000000000000000000        0.26145776895388084     
   66.0000000000000000000000000000000000        0.26565029869648327     
   67.0000000000000000000000000000000000        0.26971325645611172     
   68.0000000000000000000000000000000000        0.27364155933866974     
   69.0000000000000000000000000000000000        0.27743011491737030     
   70.0000000000000000000000000000000000        0.28107495197899079     
   71.0000000000000000000000000000000000        0.28457074857677622     
   72.0000000000000000000000000000000000        0.28791391727578575     
   73.0000000000000000000000000000000000        0.29110036898315017     
   74.0000000000000000000000000000000000        0.29412571856656128     
   75.0000000000000000000000000000000000        0.29698716448039170     
   76.0000000000000000000000000000000000        0.29968018563415283     
   77.0000000000000000000000000000000000        0.30220245519078037     
   78.0000000000000000000000000000000000        0.30455001371288909     
   79.0000000000000000000000000000000000        0.30672083274109219     
   80.0000000000000000000000000000000000        0.30871206275160390     
   81.0000000000000000000000000000000000        0.31052028404866783     
   82.0000000000000000000000000000000000        0.31214453009423226     
   83.0000000000000000000000000000000000        0.31358229856773995     
   84.0000000000000000000000000000000000        0.31483156045478244     
   85.0000000000000000000000000000000000        0.31589195847037360     
   86.0000000000000000000000000000000000        0.31676114755907325     
   87.0000000000000000000000000000000000        0.31743801132530181     
   88.0000000000000000000000000000000000        0.31792218191204963     
   89.0000000000000000000000000000000000        0.31821292491784331     
   90.0000000000000000000000000000000000        0.31830973126534939     
   91.0000000000000000000000000000000000        0.31821292394662787     
   92.0000000000000000000000000000000000        0.31792220105493557     
   93.0000000000000000000000000000000000        0.31743800841644887     
   94.0000000000000000000000000000000000        0.31676105242284575     
   95.0000000000000000000000000000000000        0.31589195363824835     
   96.0000000000000000000000000000000000        0.31483192969711937     
   97.0000000000000000000000000000000000        0.31358229183562875     
   98.0000000000000000000000000000000000        0.31214438924915827     
   99.0000000000000000000000000000000000        0.31052027544936195     
   100.000000000000000000000000000000000        0.30871131154632303     
   101.000000000000000000000000000000000        0.30672082231671582     
   102.000000000000000000000000000000000        0.30455033998398845     
   103.000000000000000000000000000000000        0.30220244299202786     
   104.000000000000000000000000000000000        0.29968026507895695     
   105.000000000000000000000000000000000        0.29698715056660346     
   106.000000000000000000000000000000000        0.29412575140291425     
   107.000000000000000000000000000000000        0.29110035342217333     
   108.000000000000000000000000000000000        0.28791405223986727     
   109.000000000000000000000000000000000        0.28457073144450995     
   110.000000000000000000000000000000000        0.28107482094718172     
   111.000000000000000000000000000000000        0.27743009629706972     
   112.000000000000000000000000000000000        0.27364167391210431     
   113.000000000000000000000000000000000        0.26971323643865275     
   114.000000000000000000000000000000000        0.26565045624088690     
   115.000000000000000000000000000000000        0.26145774763671559     
   116.000000000000000000000000000000000        0.25714023403119635     
   117.000000000000000000000000000000000        0.25270384980525845     
   118.000000000000000000000000000000000        0.24815305069045362     
   119.000000000000000000000000000000000        0.24349419105670439     
   120.000000000000000000000000000000000        0.23873263100250841     
   121.000000000000000000000000000000000        0.23387363992555266     
   122.000000000000000000000000000000000        0.22892402346983018     
   123.000000000000000000000000000000000        0.22388906677217058     
   124.000000000000000000000000000000000        0.21877519123912126     
   125.000000000000000000000000000000000        0.21358911543626291     
   126.000000000000000000000000000000000        0.20833656233982864     
   127.000000000000000000000000000000000        0.20302396624798758     
   128.000000000000000000000000000000000        0.19765788183673721     
   129.000000000000000000000000000000000        0.19224509155522379     
   130.000000000000000000000000000000000        0.18679172037097577     
   131.000000000000000000000000000000000        0.18130500495469687     
   132.000000000000000000000000000000000        0.17579102886404116     
   133.000000000000000000000000000000000        0.17025700545178521     
   134.000000000000000000000000000000000        0.16470917725102846     
   135.000000000000000000000000000000000        0.15915491779234561     
   136.000000000000000000000000000000000        0.15360043792229477     
   137.000000000000000000000000000000000        0.14805283023470014     
   138.000000000000000000000000000000000        0.14251834738582217     
   139.000000000000000000000000000000000        0.13700483103622940     
   140.000000000000000000000000000000000        0.13151788470565834     
   141.000000000000000000000000000000000        0.12606474494170042     
   142.000000000000000000000000000000000        0.12065154400576057     
   143.000000000000000000000000000000000        0.11528587095365452     
   144.000000000000000000000000000000000        0.10997321697267817     
   145.000000000000000000000000000000000        0.10472072266576749     
   146.000000000000000000000000000000000         9.9534696008533000E-002
   147.000000000000000000000000000000000         9.4420772421212454E-002
   148.000000000000000000000000000000000         8.9385994242140651E-002
   149.000000000000000000000000000000000         8.4436200545080622E-002
   150.000000000000000000000000000000000         7.9577413348167272E-002
   151.000000000000000000000000000000000         7.4815650870603351E-002
   152.000000000000000000000000000000000         7.0156598952049842E-002
   153.000000000000000000000000000000000         6.5605993751405203E-002
   154.000000000000000000000000000000000         6.1169397099343659E-002
   155.000000000000000000000000000000000         5.6852097713589234E-002
   156.000000000000000000000000000000000         5.2659523079651147E-002
   157.000000000000000000000000000000000         4.8596610861221495E-002
   158.000000000000000000000000000000000         4.4668395204035947E-002
   159.000000000000000000000000000000000         4.0879753098527913E-002
   160.000000000000000000000000000000000         3.7235133978654765E-002
   161.000000000000000000000000000000000         3.3739120183015711E-002
   162.000000000000000000000000000000000         3.0395949614944889E-002
   163.000000000000000000000000000000000         2.7209500562365797E-002
   164.000000000000000000000000000000000         2.4183879657176641E-002
   165.000000000000000000000000000000000         2.1322705888797085E-002
   166.000000000000000000000000000000000         1.8629507107570959E-002
   167.000000000000000000000000000000000         1.6107416035815364E-002
   168.000000000000000000000000000000000         1.3759655247046042E-002
   169.000000000000000000000000000000000         1.1589039372762264E-002
   170.000000000000000000000000000000000         9.5981287503110347E-003
   171.000000000000000000000000000000000         7.7895889777790306E-003
   172.000000000000000000000000000000000         6.1653805564893379E-003
   173.000000000000000000000000000000000         4.7275753922921731E-003
   174.000000000000000000000000000000000         3.4778698520890549E-003
   175.000000000000000000000000000000000         2.4179164395247564E-003
   176.000000000000000000000000000000000         1.5488924130832534E-003
   177.000000000000000000000000000000000         8.7186454636615715E-004
   178.000000000000000000000000000000000         3.8768975542301872E-004
   179.000000000000000000000000000000000         9.6951922642444325E-005
   180.000000000000000000000000000000000         2.3996944138849267E-015
   181.000000000000000000000000000000000         9.6953864975459495E-005
   182.000000000000000000000000000000000         3.8769602074606750E-004
   183.000000000000000000000000000000000         8.7187036390266219E-004
   184.000000000000000000000000000000000         1.5488895193082016E-003
   185.000000000000000000000000000000000         2.4179261039234175E-003
   186.000000000000000000000000000000000         3.4779232433872227E-003
   187.000000000000000000000000000000000         4.7275888564751022E-003
   188.000000000000000000000000000000000         6.1653964192317388E-003
   189.000000000000000000000000000000000         7.7896061761437065E-003
   190.000000000000000000000000000000000         9.5982587266511942E-003
   191.000000000000000000000000000000000         1.1589060221537405E-002
   192.000000000000000000000000000000000         1.3759679663988699E-002
   193.000000000000000000000000000000000         1.6107440433404164E-002
   194.000000000000000000000000000000000         1.8629505794509279E-002
   195.000000000000000000000000000000000         2.1322733716336625E-002
   196.000000000000000000000000000000000         2.4183902597974035E-002
   197.000000000000000000000000000000000         2.7209531684296909E-002
   198.000000000000000000000000000000000         3.0395883246912316E-002
   199.000000000000000000000000000000000         3.3739154447694361E-002
   200.000000000000000000000000000000000         3.7235214175454348E-002
   201.000000000000000000000000000000000         4.0879790339013046E-002
   202.000000000000000000000000000000000         4.4668357485619731E-002
   203.000000000000000000000000000000000         4.8596650896107783E-002
   204.000000000000000000000000000000000         5.2659557227086859E-002
   205.000000000000000000000000000000000         5.6852140347856260E-002
   206.000000000000000000000000000000000         6.1169467577895265E-002
   207.000000000000000000000000000000000         6.5606038777279302E-002
   208.000000000000000000000000000000000         7.0156660574376806E-002
   209.000000000000000000000000000000000         7.4815698068800271E-002
   210.000000000000000000000000000000000         7.9577433001846054E-002
   211.000000000000000000000000000000000         8.4436249685630071E-002
   212.000000000000000000000000000000000         8.9386029959073951E-002
   213.000000000000000000000000000000000         9.4420823264653078E-002
   214.000000000000000000000000000000000         9.9534426911445803E-002
   215.000000000000000000000000000000000        0.10472077496445850     
   216.000000000000000000000000000000000        0.10997323884207602     
   217.000000000000000000000000000000000        0.11528592445276004     
   218.000000000000000000000000000000000        0.12065191592054809     
   219.000000000000000000000000000000000        0.12606479938056006     
   220.000000000000000000000000000000000        0.13151794558776411     
   221.000000000000000000000000000000000        0.13700488614966261     
   222.000000000000000000000000000000000        0.14251875486286414     
   223.000000000000000000000000000000000        0.14805288575416628     
   224.000000000000000000000000000000000        0.15360047280606426     
   225.000000000000000000000000000000000        0.15915497344740689     
   226.000000000000000000000000000000000        0.16470939741468568     
   227.000000000000000000000000000000000        0.17025706097126583     
   228.000000000000000000000000000000000        0.17579128006126821     
   229.000000000000000000000000000000000        0.18130506006812017     
   230.000000000000000000000000000000000        0.18679214612264974     
   231.000000000000000000000000000000000        0.19224514599409129     
   232.000000000000000000000000000000000        0.19765819008425117     
   233.000000000000000000000000000000000        0.20302401974705803     
   234.000000000000000000000000000000000        0.20833674129748600     
   235.000000000000000000000000000000000        0.21358916773495004     
   236.000000000000000000000000000000000        0.21877565374949970     
   237.000000000000000000000000000000000        0.22388911761565783     
   238.000000000000000000000000000000000        0.22892406546072394     
   239.000000000000000000000000000000000        0.23387368906604897     
   240.000000000000000000000000000000000        0.23873256172191462     
   241.000000000000000000000000000000000        0.24349423825494360     
   242.000000000000000000000000000000000        0.24815332483891539     
   243.000000000000000000000000000000000        0.25270389483109024     
   244.000000000000000000000000000000000        0.25714066588837065     
   245.000000000000000000000000000000000        0.26145779027092753     
   246.000000000000000000000000000000000        0.26565045878887872     
   247.000000000000000000000000000000000        0.26971327647356297     
   248.000000000000000000000000000000000        0.27364130434640782     
   249.000000000000000000000000000000000        0.27743013353763540     
   250.000000000000000000000000000000000        0.28107465288220673     
   251.000000000000000000000000000000000        0.28457076570916617     
   252.000000000000000000000000000000000        0.28791385911051476     
   253.000000000000000000000000000000000        0.29110038454415704     
   254.000000000000000000000000000000000        0.29412592774217344     
   255.000000000000000000000000000000000        0.29698717839414879     
   256.000000000000000000000000000000000        0.29968030740393825     
   257.000000000000000000000000000000000        0.30220246738957851     
   258.000000000000000000000000000000000        0.30455034318307184     
   259.000000000000000000000000000000000        0.30672084316541348     
   260.000000000000000000000000000000000        0.30871139263890546     
   261.000000000000000000000000000000000        0.31052029264785108     
   262.000000000000000000000000000000000        0.31214410919232366     
   263.000000000000000000000000000000000        0.31358230529974929     
   264.000000000000000000000000000000000        0.31483179325995181     
   265.000000000000000000000000000000000        0.31589196330252989     
   266.000000000000000000000000000000000        0.31676090599172813     
   267.000000000000000000000000000000000        0.31743801423402090     
   268.000000000000000000000000000000000        0.31792200663196030     
   269.000000000000000000000000000000000        0.31821292588897332     
   270.000000000000000000000000000000000        0.31830978128804910     
   271.000000000000000000000000000000000        0.31821292297545689     
   272.000000000000000000000000000000000        0.31792199746918570     
   273.000000000000000000000000000000000        0.31743800550773577     
   274.000000000000000000000000000000000        0.31676109146559966     
   275.000000000000000000000000000000000        0.31589194880605914     
   276.000000000000000000000000000000000        0.31483213258438358     
   277.000000000000000000000000000000000        0.31358228510350999     
   278.000000000000000000000000000000000        0.31214457920184868     
   279.000000000000000000000000000000000        0.31052026685027656     
   280.000000000000000000000000000000000        0.30871182648505208     
   281.000000000000000000000000000000000        0.30672081189231715     
   282.000000000000000000000000000000000        0.30455047842100530     
   283.000000000000000000000000000000000        0.30220243079320547     
   284.000000000000000000000000000000000        0.29968053124316113     
   285.000000000000000000000000000000000        0.29698713665280851     
   286.000000000000000000000000000000000        0.29412606269881358     
   287.000000000000000000000000000000000        0.29110033786123957     
   288.000000000000000000000000000000000        0.28791413082883788     
   289.000000000000000000000000000000000        0.28457071431206893     
   290.000000000000000000000000000000000        0.28107461309042731     
   291.000000000000000000000000000000000        0.27743007767684741     
   292.000000000000000000000000000000000        0.27364146935770872     
   293.000000000000000000000000000000000        0.26971321642120261     
   294.000000000000000000000000000000000        0.26565057545080484     
   295.000000000000000000000000000000000        0.26145772631954206     
   296.000000000000000000000000000000000        0.25714050772279939     
   297.000000000000000000000000000000000        0.25270382729227892     
   298.000000000000000000000000000000000        0.24815341349468290     
   299.000000000000000000000000000000000        0.24349416745774774     
   300.000000000000000000000000000000000        0.23873267093518274     
   301.000000000000000000000000000000000        0.23387361535525747     
   302.000000000000000000000000000000000        0.22892400602531912     
   303.000000000000000000000000000000000        0.22388904135049423     
   304.000000000000000000000000000000000        0.21877569107331385     
   305.000000000000000000000000000000000        0.21358908928688641     
   306.000000000000000000000000000000000        0.20833662643589984     
   307.000000000000000000000000000000000        0.20302393949851563     
   308.000000000000000000000000000000000        0.19765787787633790     
   309.000000000000000000000000000000000        0.19224506433569183     
   310.000000000000000000000000000000000        0.18679183357026466     
   311.000000000000000000000000000000000        0.18130497739797846     
   312.000000000000000000000000000000000        0.17579116144147458     
   313.000000000000000000000000000000000        0.17025697769198464     
   314.000000000000000000000000000000000        0.16470928775218860     
   315.000000000000000000000000000000000        0.15915488996485896     
   316.000000000000000000000000000000000        0.15360018304092268     
   317.000000000000000000000000000000000        0.14805280247490132     
   318.000000000000000000000000000000000        0.14251857942551463     
   319.000000000000000000000000000000000        0.13700480347954558     
   320.000000000000000000000000000000000        0.13151766036348866     
   321.000000000000000000000000000000000        0.12606471772225261     
   322.000000000000000000000000000000000        0.12065176796283322     
   323.000000000000000000000000000000000        0.11528584420415165     
   324.000000000000000000000000000000000        0.10997323384054740     
   325.000000000000000000000000000000000        0.10472069651642898     
   326.000000000000000000000000000000000         9.9534395045513327E-002
   327.000000000000000000000000000000000         9.4420746999527835E-002
   328.000000000000000000000000000000000         8.9385868884837877E-002
   329.000000000000000000000000000000000         8.4436175974826486E-002
   330.000000000000000000000000000000000         7.9577404235572399E-002
   331.000000000000000000000000000000000         7.4815627271540619E-002
   332.000000000000000000000000000000000         7.0156766403619106E-002
   333.000000000000000000000000000000000         6.5605971238414384E-002
   334.000000000000000000000000000000000         6.1169325546902173E-002
   335.000000000000000000000000000000000         5.6852076396492236E-002
   336.000000000000000000000000000000000         5.2659388716231693E-002
   337.000000000000000000000000000000000         4.8596590843730858E-002
   338.000000000000000000000000000000000         4.4668385621482988E-002
   339.000000000000000000000000000000000         4.0879734478290269E-002
   340.000000000000000000000000000000000         3.7235129290465602E-002
   341.000000000000000000000000000000000         3.3739103050664583E-002
   342.000000000000000000000000000000000         3.0395833287147928E-002
   343.000000000000000000000000000000000         2.7209485001427988E-002
   344.000000000000000000000000000000000         2.4183696567261284E-002
   345.000000000000000000000000000000000         2.1322691975041573E-002
   346.000000000000000000000000000000000         1.8629426964109342E-002
   347.000000000000000000000000000000000         1.6107403837048152E-002
   348.000000000000000000000000000000000         1.3759639744701638E-002
   349.000000000000000000000000000000000         1.1589028948398831E-002
   350.000000000000000000000000000000000         9.5981982957689480E-003
   351.000000000000000000000000000000000         7.7895803786057977E-003
   352.000000000000000000000000000000000         6.1654332830834028E-003
   353.000000000000000000000000000000000         4.7275686602053979E-003
   354.000000000000000000000000000000000         3.4779049216622534E-003
   355.000000000000000000000000000000000         2.4179116073320787E-003
   356.000000000000000000000000000000000         1.5488760492530233E-003
   357.000000000000000000000000000000000         8.7186163760136833E-004
   358.000000000000000000000000000000000         3.8769029479676913E-004
   359.000000000000000000000000000000000         9.6950951482284317E-005
   360.000000000000000000000000000000000         1.3753346548430599E-013
