   1.00000000000000000000000000000000000         9.6952893807705261E-005
   2.00000000000000000000000000000000000         3.8769345305485328E-004
   3.00000000000000000000000000000000000         8.7186745512780742E-004
   4.00000000000000000000000000000000000         1.5488724904608017E-003
   5.00000000000000000000000000000000000         2.4179212717244706E-003
   6.00000000000000000000000000000000000         3.4779171808920527E-003
   7.00000000000000000000000000000000000         4.7275821243761545E-003
   8.00000000000000000000000000000000000         6.1654560439794656E-003
   9.00000000000000000000000000000000000         7.7895975769673815E-003
   10.0000000000000000000000000000000000         9.5982166567849143E-003
   11.0000000000000000000000000000000000         1.1589049797134482E-002
   12.0000000000000000000000000000000000         1.3759575176266643E-002
   13.0000000000000000000000000000000000         1.6107428234629143E-002
   14.0000000000000000000000000000000000         1.8629468422003543E-002
   15.0000000000000000000000000000000000         2.1322719802567260E-002
   16.0000000000000000000000000000000000         2.4183771037064521E-002
   17.0000000000000000000000000000000000         2.7209516123326047E-002
   18.0000000000000000000000000000000000         3.0395867038992132E-002
   19.0000000000000000000000000000000000         3.3739137315353940E-002
   20.0000000000000000000000000000000000         3.7235344095269671E-002
   21.0000000000000000000000000000000000         4.0879771718799703E-002
   22.0000000000000000000000000000000000         4.4668465453905626E-002
   23.0000000000000000000000000000000000         4.8596630878631766E-002
   24.0000000000000000000000000000000000         5.2659419390376883E-002
   25.0000000000000000000000000000000000         5.6852119030707540E-002
   26.0000000000000000000000000000000000         6.1169425184520974E-002
   27.0000000000000000000000000000000000         6.5606016264332934E-002
   28.0000000000000000000000000000000000         7.0156607931399301E-002
   29.0000000000000000000000000000000000         7.4815674469712545E-002
   30.0000000000000000000000000000000000         7.9577542615397137E-002
   31.0000000000000000000000000000000000         8.4436225115303867E-002
   32.0000000000000000000000000000000000         8.9385646589359921E-002
   33.0000000000000000000000000000000000         9.4420797842929838E-002
   34.0000000000000000000000000000000000         9.9534458453907459E-002
   35.0000000000000000000000000000000000        0.10472074881507865     
   36.0000000000000000000000000000000000        0.10997381891529229     
   37.0000000000000000000000000000000000        0.11528589770322623     
   38.0000000000000000000000000000000000        0.12065188963134948     
   39.0000000000000000000000000000000000        0.12606477216110615     
   40.0000000000000000000000000000000000        0.13151775361995427     
   41.0000000000000000000000000000000000        0.13700485859299111     
   42.0000000000000000000000000000000000        0.14251859955732438     
   43.0000000000000000000000000000000000        0.14805285799438056     
   44.0000000000000000000000000000000000        0.15360078428946153     
   45.0000000000000000000000000000000000        0.15915494561988816     
   46.0000000000000000000000000000000000        0.16470943772303928     
   47.0000000000000000000000000000000000        0.17025703321149244     
   48.0000000000000000000000000000000000        0.17579102670092889     
   49.0000000000000000000000000000000000        0.18130503251145302     
   50.0000000000000000000000000000000000        0.18679200194821396     
   51.0000000000000000000000000000000000        0.19224511877458869     
   52.0000000000000000000000000000000000        0.19765832570936345     
   53.0000000000000000000000000000000000        0.20302399299752821     
   54.0000000000000000000000000000000000        0.20833633723863454     
   55.0000000000000000000000000000000000        0.21358914158559630     
   56.0000000000000000000000000000000000        0.21877559050527995     
   57.0000000000000000000000000000000000        0.22388909219393294     
   58.0000000000000000000000000000000000        0.22892392845927717     
   59.0000000000000000000000000000000000        0.23387366449575805     
   60.0000000000000000000000000000000000        0.23873194050350788     
   61.0000000000000000000000000000000000        0.24349421465590462     
   62.0000000000000000000000000000000000        0.24815318552567314     
   63.0000000000000000000000000000000000        0.25270387231810670     
   64.0000000000000000000000000000000000        0.25714046071425317     
   65.0000000000000000000000000000000000        0.26145776895388539     
   66.0000000000000000000000000000000000        0.26565028447685052     
   67.0000000000000000000000000000000000        0.26971325645611399     
   68.0000000000000000000000000000000000        0.27364158055999932     
   69.0000000000000000000000000000000000        0.27743011491737379     
   70.0000000000000000000000000000000000        0.28107499230192334     
   71.0000000000000000000000000000000000        0.28457074857676673     
   72.0000000000000000000000000000000000        0.28791390468757072     
   73.0000000000000000000000000000000000        0.29110036898314900     
   74.0000000000000000000000000000000000        0.29412567519788152     
   75.0000000000000000000000000000000000        0.29698716448040136     
   76.0000000000000000000000000000000000        0.29968014877464905     
   77.0000000000000000000000000000000000        0.30220245519077915     
   78.0000000000000000000000000000000000        0.30454998127228794     
   79.0000000000000000000000000000000000        0.30672083274109707     
   80.0000000000000000000000000000000000        0.30871212701538675     
   81.0000000000000000000000000000000000        0.31052028404867277     
   82.0000000000000000000000000000000000        0.31214453681694471     
   83.0000000000000000000000000000000000        0.31358229856774866     
   84.0000000000000000000000000000000000        0.31483149556668444     
   85.0000000000000000000000000000000000        0.31589195847037238     
   86.0000000000000000000000000000000000        0.31676117228572376     
   87.0000000000000000000000000000000000        0.31743801132530680     
   88.0000000000000000000000000000000000        0.31792218143922962     
   89.0000000000000000000000000000000000        0.31821292491785330     
   90.0000000000000000000000000000000000        0.31830970770718137     
   91.0000000000000000000000000000000000        0.31821292394662787     
   92.0000000000000000000000000000000000        0.31792220398276660     
   93.0000000000000000000000000000000000        0.31743800841644260     
   94.0000000000000000000000000000000000        0.31676106242959279     
   95.0000000000000000000000000000000000        0.31589195363825712     
   96.0000000000000000000000000000000000        0.31483192529738563     
   97.0000000000000000000000000000000000        0.31358229183563618     
   98.0000000000000000000000000000000000        0.31214437449207078     
   99.0000000000000000000000000000000000        0.31052027544934463     
   100.000000000000000000000000000000000        0.30871125618305068     
   101.000000000000000000000000000000000        0.30672082231672321     
   102.000000000000000000000000000000000        0.30455036199331587     
   103.000000000000000000000000000000000        0.30220244299203031     
   104.000000000000000000000000000000000        0.29968024314026082     
   105.000000000000000000000000000000000        0.29698715056661190     
   106.000000000000000000000000000000000        0.29412571570885981     
   107.000000000000000000000000000000000        0.29110035342216734     
   108.000000000000000000000000000000000        0.28791406405821601     
   109.000000000000000000000000000000000        0.28457073144451467     
   110.000000000000000000000000000000000        0.28107484302097557     
   111.000000000000000000000000000000000        0.27743009629706383     
   112.000000000000000000000000000000000        0.27364171673087279     
   113.000000000000000000000000000000000        0.26971323643865619     
   114.000000000000000000000000000000000        0.26565047076710779     
   115.000000000000000000000000000000000        0.26145774763671215     
   116.000000000000000000000000000000000        0.25714019292752971     
   117.000000000000000000000000000000000        0.25270384980526628     
   118.000000000000000000000000000000000        0.24815302083537738     
   119.000000000000000000000000000000000        0.24349419105669398     
   120.000000000000000000000000000000000        0.23873266956288008     
   121.000000000000000000000000000000000        0.23387363992555371     
   122.000000000000000000000000000000000        0.22892405069242125     
   123.000000000000000000000000000000000        0.22388906677216164     
   124.000000000000000000000000000000000        0.21877515590887942     
   125.000000000000000000000000000000000        0.21358911543626394     
   126.000000000000000000000000000000000        0.20833657224582025     
   127.000000000000000000000000000000000        0.20302396624798458     
   128.000000000000000000000000000000000        0.19765786537206154     
   129.000000000000000000000000000000000        0.19224509155523353     
   130.000000000000000000000000000000000        0.18679169398949574     
   131.000000000000000000000000000000000        0.18130500495469970     
   132.000000000000000000000000000000000        0.17579101101504466     
   133.000000000000000000000000000000000        0.17025700545179437     
   134.000000000000000000000000000000000        0.16470915015981072     
   135.000000000000000000000000000000000        0.15915491779234386     
   136.000000000000000000000000000000000        0.15360042945919652     
   137.000000000000000000000000000000000        0.14805283023470700     
   138.000000000000000000000000000000000        0.14251829111171518     
   139.000000000000000000000000000000000        0.13700483103622488     
   140.000000000000000000000000000000000        0.13151787380614349     
   141.000000000000000000000000000000000        0.12606474494170200     
   142.000000000000000000000000000000000        0.12065149418303912     
   143.000000000000000000000000000000000        0.11528587095364812     
   144.000000000000000000000000000000000        0.10997319766102127     
   145.000000000000000000000000000000000        0.10472072266576893     
   146.000000000000000000000000000000000         9.9534739181319373E-002
   147.000000000000000000000000000000000         9.4420772421212454E-002
   148.000000000000000000000000000000000         8.9385995713554253E-002
   149.000000000000000000000000000000000         8.4436200545080622E-002
   150.000000000000000000000000000000000         7.9577407557757815E-002
   151.000000000000000000000000000000000         7.4815650870601519E-002
   152.000000000000000000000000000000000         7.0156597665454998E-002
   153.000000000000000000000000000000000         6.5605993751410602E-002
   154.000000000000000000000000000000000         6.1169403799333520E-002
   155.000000000000000000000000000000000         5.6852097713588970E-002
   156.000000000000000000000000000000000         5.2659530007362128E-002
   157.000000000000000000000000000000000         4.8596610861226026E-002
   158.000000000000000000000000000000000         4.4668387995938495E-002
   159.000000000000000000000000000000000         4.0879753098527351E-002
   160.000000000000000000000000000000000         3.7235128748513056E-002
   161.000000000000000000000000000000000         3.3739120183016218E-002
   162.000000000000000000000000000000000         3.0395961839141554E-002
   163.000000000000000000000000000000000         2.7209500562365155E-002
   164.000000000000000000000000000000000         2.4183879198593456E-002
   165.000000000000000000000000000000000         2.1322705888796114E-002
   166.000000000000000000000000000000000         1.8629515248997249E-002
   167.000000000000000000000000000000000         1.6107416035813813E-002
   168.000000000000000000000000000000000         1.3759654993001977E-002
   169.000000000000000000000000000000000         1.1589039372761272E-002
   170.000000000000000000000000000000000         9.5981159276622933E-003
   171.000000000000000000000000000000000         7.7895889777790132E-003
   172.000000000000000000000000000000000         6.1653798273035082E-003
   173.000000000000000000000000000000000         4.7275753922927785E-003
   174.000000000000000000000000000000000         3.4778631069594126E-003
   175.000000000000000000000000000000000         2.4179164395247343E-003
   176.000000000000000000000000000000000         1.5488942320151680E-003
   177.000000000000000000000000000000000         8.7186454636645845E-004
   178.000000000000000000000000000000000         3.8768947212002670E-004
   179.000000000000000000000000000000000         9.6951922642539979E-005
   180.000000000000000000000000000000000         2.3943823775117422E-015
   181.000000000000000000000000000000000         9.6953864975405651E-005
   182.000000000000000000000000000000000         3.8769612180107171E-004
   183.000000000000000000000000000000000         8.7187036390256548E-004
   184.000000000000000000000000000000000         1.5488896221937402E-003
   185.000000000000000000000000000000000         2.4179261039229349E-003
   186.000000000000000000000000000000000         3.4779232433886139E-003
   187.000000000000000000000000000000000         4.7275888564761578E-003
   188.000000000000000000000000000000000         6.1653957742597455E-003
   189.000000000000000000000000000000000         7.7896061761440448E-003
   190.000000000000000000000000000000000         9.5982637977159654E-003
   191.000000000000000000000000000000000         1.1589060221539440E-002
   192.000000000000000000000000000000000         1.3759679697039180E-002
   193.000000000000000000000000000000000         1.6107440433404521E-002
   194.000000000000000000000000000000000         1.8629509509876553E-002
   195.000000000000000000000000000000000         2.1322733716336365E-002
   196.000000000000000000000000000000000         2.4183901082633515E-002
   197.000000000000000000000000000000000         2.7209531684298027E-002
   198.000000000000000000000000000000000         3.0395879490252263E-002
   199.000000000000000000000000000000000         3.3739154447694229E-002
   200.000000000000000000000000000000000         3.7235216110216351E-002
   201.000000000000000000000000000000000         4.0879790339008376E-002
   202.000000000000000000000000000000000         4.4668337958232905E-002
   203.000000000000000000000000000000000         4.8596650896108956E-002
   204.000000000000000000000000000000000         5.2659562991516438E-002
   205.000000000000000000000000000000000         5.6852140347857648E-002
   206.000000000000000000000000000000000         6.1169478571719303E-002
   207.000000000000000000000000000000000         6.5606038777281009E-002
   208.000000000000000000000000000000000         7.0156661784908259E-002
   209.000000000000000000000000000000000         7.4815698068801784E-002
   210.000000000000000000000000000000000         7.9577422607401929E-002
   211.000000000000000000000000000000000         8.4436249685636525E-002
   212.000000000000000000000000000000000         8.9386029123146887E-002
   213.000000000000000000000000000000000         9.4420823264653758E-002
   214.000000000000000000000000000000000         9.9534418358462856E-002
   215.000000000000000000000000000000000        0.10472077496446532     
   216.000000000000000000000000000000000        0.10997321452046811     
   217.000000000000000000000000000000000        0.11528592445275664     
   218.000000000000000000000000000000000        0.12065191737406572     
   219.000000000000000000000000000000000        0.12606479938055967     
   220.000000000000000000000000000000000        0.13151793566769451     
   221.000000000000000000000000000000000        0.13700488614965728     
   222.000000000000000000000000000000000        0.14251875538337155     
   223.000000000000000000000000000000000        0.14805288575416842     
   224.000000000000000000000000000000000        0.15360046099822552     
   225.000000000000000000000000000000000        0.15915497344740379     
   226.000000000000000000000000000000000        0.16470939686257155     
   227.000000000000000000000000000000000        0.17025706097127272     
   228.000000000000000000000000000000000        0.17579129380050312     
   229.000000000000000000000000000000000        0.18130506006812064     
   230.000000000000000000000000000000000        0.18679217957054980     
   231.000000000000000000000000000000000        0.19224514599410053     
   232.000000000000000000000000000000000        0.19765821462693967     
   233.000000000000000000000000000000000        0.20302401974705253     
   234.000000000000000000000000000000000        0.20833677153034635     
   235.000000000000000000000000000000000        0.21358916773495620     
   236.000000000000000000000000000000000        0.21877568469472297     
   237.000000000000000000000000000000000        0.22388911761565730     
   238.000000000000000000000000000000000        0.22892409138790329     
   239.000000000000000000000000000000000        0.23387368906604844     
   240.000000000000000000000000000000000        0.23873258133400449     
   241.000000000000000000000000000000000        0.24349423825494360     
   242.000000000000000000000000000000000        0.24815333175936860     
   243.000000000000000000000000000000000        0.25270389483108691     
   244.000000000000000000000000000000000        0.25714068736540296     
   245.000000000000000000000000000000000        0.26145779027091848     
   246.000000000000000000000000000000000        0.26565046705513373     
   247.000000000000000000000000000000000        0.26971327647356647     
   248.000000000000000000000000000000000        0.27364128132211080     
   249.000000000000000000000000000000000        0.27743013353764007     
   250.000000000000000000000000000000000        0.28107464207868199     
   251.000000000000000000000000000000000        0.28457076570916617     
   252.000000000000000000000000000000000        0.28791383450264418     
   253.000000000000000000000000000000000        0.29110038454416304     
   254.000000000000000000000000000000000        0.29412591573304264     
   255.000000000000000000000000000000000        0.29698717839415845     
   256.000000000000000000000000000000000        0.29968028807758229     
   257.000000000000000000000000000000000        0.30220246738957851     
   258.000000000000000000000000000000000        0.30455036205725838     
   259.000000000000000000000000000000000        0.30672084316541104     
   260.000000000000000000000000000000000        0.30871134728489041     
   261.000000000000000000000000000000000        0.31052029264785602     
   262.000000000000000000000000000000000        0.31214404679050795     
   263.000000000000000000000000000000000        0.31358230529974679     
   264.000000000000000000000000000000000        0.31483176498788334     
   265.000000000000000000000000000000000        0.31589196330252112     
   266.000000000000000000000000000000000        0.31676089113124978     
   267.000000000000000000000000000000000        0.31743801423401963     
   268.000000000000000000000000000000000        0.31792197757507484     
   269.000000000000000000000000000000000        0.31821292588897704     
   270.000000000000000000000000000000000        0.31830976579805742     
   271.000000000000000000000000000000000        0.31821292297545817     
   272.000000000000000000000000000000000        0.31792196787370003     
   273.000000000000000000000000000000000        0.31743800550773826     
   274.000000000000000000000000000000000        0.31676110839421923     
   275.000000000000000000000000000000000        0.31589194880607158     
   276.000000000000000000000000000000000        0.31483216184158019     
   277.000000000000000000000000000000000        0.31358228510351249     
   278.000000000000000000000000000000000        0.31214459631943964     
   279.000000000000000000000000000000000        0.31052026685027656     
   280.000000000000000000000000000000000        0.30871185571149445     
   281.000000000000000000000000000000000        0.30672081189232087     
   282.000000000000000000000000000000000        0.30455052458445525     
   283.000000000000000000000000000000000        0.30220243079320425     
   284.000000000000000000000000000000000        0.29968055434131124     
   285.000000000000000000000000000000000        0.29698713665281218     
   286.000000000000000000000000000000000        0.29412607959221287     
   287.000000000000000000000000000000000        0.29110033786123957     
   288.000000000000000000000000000000000        0.28791415796099507     
   289.000000000000000000000000000000000        0.28457071431205705     
   290.000000000000000000000000000000000        0.28107460452396754     
   291.000000000000000000000000000000000        0.27743007767684857     
   292.000000000000000000000000000000000        0.27364148230166591     
   293.000000000000000000000000000000000        0.26971321642120610     
   294.000000000000000000000000000000000        0.26565061253990613     
   295.000000000000000000000000000000000        0.26145772631953301     
   296.000000000000000000000000000000000        0.25714051429976686     
   297.000000000000000000000000000000000        0.25270382729228114     
   298.000000000000000000000000000000000        0.24815344587739879     
   299.000000000000000000000000000000000        0.24349416745775923     
   300.000000000000000000000000000000000        0.23873271982330782     
   301.000000000000000000000000000000000        0.23387361535525211     
   302.000000000000000000000000000000000        0.22892403446834841     
   303.000000000000000000000000000000000        0.22388904135049265     
   304.000000000000000000000000000000000        0.21877574052299079     
   305.000000000000000000000000000000000        0.21358908928687975     
   306.000000000000000000000000000000000        0.20833665094861045     
   307.000000000000000000000000000000000        0.20302393949852465     
   308.000000000000000000000000000000000        0.19765786512787734     
   309.000000000000000000000000000000000        0.19224506433568597     
   310.000000000000000000000000000000000        0.18679182986685250     
   311.000000000000000000000000000000000        0.18130497739798176     
   312.000000000000000000000000000000000        0.17579116943965717     
   313.000000000000000000000000000000000        0.17025697769198508     
   314.000000000000000000000000000000000        0.16470928296930873     
   315.000000000000000000000000000000000        0.15915488996486515     
   316.000000000000000000000000000000000        0.15360013795352648     
   317.000000000000000000000000000000000        0.14805280247489963     
   318.000000000000000000000000000000000        0.14251856504085156     
   319.000000000000000000000000000000000        0.13700480347954680     
   320.000000000000000000000000000000000        0.13151761769990045     
   321.000000000000000000000000000000000        0.12606471772225181     
   322.000000000000000000000000000000000        0.12065175861717424     
   323.000000000000000000000000000000000        0.11528584420415165     
   324.000000000000000000000000000000000        0.10997322151814902     
   325.000000000000000000000000000000000        0.10472069651642826     
   326.000000000000000000000000000000000         9.9534393837333549E-002
   327.000000000000000000000000000000000         9.4420746999532956E-002
   328.000000000000000000000000000000000         8.9385854171403628E-002
   329.000000000000000000000000000000000         8.4436175974825833E-002
   330.000000000000000000000000000000000         7.9577400862380770E-002
   331.000000000000000000000000000000000         7.4815627271542437E-002
   332.000000000000000000000000000000000         7.0156795846342768E-002
   333.000000000000000000000000000000000         6.5605971238412109E-002
   334.000000000000000000000000000000000         6.1169324243011858E-002
   335.000000000000000000000000000000000         5.6852076396496476E-002
   336.000000000000000000000000000000000         5.2659377307891331E-002
   337.000000000000000000000000000000000         4.8596590843728409E-002
   338.000000000000000000000000000000000         4.4668379985654330E-002
   339.000000000000000000000000000000000         4.0879734478291838E-002
   340.000000000000000000000000000000000         3.7235126189193994E-002
   341.000000000000000000000000000000000         3.3739103050662446E-002
   342.000000000000000000000000000000000         3.0395829386951460E-002
   343.000000000000000000000000000000000         2.7209485001430094E-002
   344.000000000000000000000000000000000         2.4183668956545369E-002
   345.000000000000000000000000000000000         2.1322691975041413E-002
   346.000000000000000000000000000000000         1.8629424286299004E-002
   347.000000000000000000000000000000000         1.6107403837049068E-002
   348.000000000000000000000000000000000         1.3759638815839475E-002
   349.000000000000000000000000000000000         1.1589028948399039E-002
   350.000000000000000000000000000000000         9.5981982251907363E-003
   351.000000000000000000000000000000000         7.7895803786060180E-003
   352.000000000000000000000000000000000         6.1654422953558484E-003
   353.000000000000000000000000000000000         4.7275686602053406E-003
   354.000000000000000000000000000000000         3.4779047660632605E-003
   355.000000000000000000000000000000000         2.4179116073322357E-003
   356.000000000000000000000000000000000         1.5488758535048357E-003
   357.000000000000000000000000000000000         8.7186163760123725E-004
   358.000000000000000000000000000000000         3.8769041157688639E-004
   359.000000000000000000000000000000000         9.6950951482308576E-005
   360.000000000000000000000000000000000         1.9943461503605084E-013
