   1.00000000000000000000000000000000000         9.6952893807408054E-005
   2.00000000000000000000000000000000000         3.8769345305429584E-004
   3.00000000000000000000000000000000000         8.7186745512861678E-004
   4.00000000000000000000000000000000000         1.5488750983962904E-003
   5.00000000000000000000000000000000000         2.4179212717241011E-003
   6.00000000000000000000000000000000000         3.4779172385616939E-003
   7.00000000000000000000000000000000000         4.7275821243763132E-003
   8.00000000000000000000000000000000000         6.1654428572378477E-003
   9.00000000000000000000000000000000000         7.7895975769652339E-003
   10.0000000000000000000000000000000000         9.5982168883921512E-003
   11.0000000000000000000000000000000000         1.1589049797136789E-002
   12.0000000000000000000000000000000000         1.3759594543809213E-002
   13.0000000000000000000000000000000000         1.6107428234625104E-002
   14.0000000000000000000000000000000000         1.8629468687211530E-002
   15.0000000000000000000000000000000000         2.1322719802567894E-002
   16.0000000000000000000000000000000000         2.4183797330719202E-002
   17.0000000000000000000000000000000000         2.7209516123326030E-002
   18.0000000000000000000000000000000000         3.0395871860366623E-002
   19.0000000000000000000000000000000000         3.3739137315353961E-002
   20.0000000000000000000000000000000000         3.7235310803046553E-002
   21.0000000000000000000000000000000000         4.0879771718796143E-002
   22.0000000000000000000000000000000000         4.4668464156192217E-002
   23.0000000000000000000000000000000000         4.8596630878635083E-002
   24.0000000000000000000000000000000000         5.2659436352322390E-002
   25.0000000000000000000000000000000000         5.6852119030709115E-002
   26.0000000000000000000000000000000000         6.1169415247704660E-002
   27.0000000000000000000000000000000000         6.5606016264330630E-002
   28.0000000000000000000000000000000000         7.0156612528817650E-002
   29.0000000000000000000000000000000000         7.4815674469709575E-002
   30.0000000000000000000000000000000000         7.9577528184699722E-002
   31.0000000000000000000000000000000000         8.4436225115310889E-002
   32.0000000000000000000000000000000000         8.9385722327056910E-002
   33.0000000000000000000000000000000000         9.4420797842929061E-002
   34.0000000000000000000000000000000000         9.9534457554907224E-002
   35.0000000000000000000000000000000000        0.10472074881508109     
   36.0000000000000000000000000000000000        0.10997372396839231     
   37.0000000000000000000000000000000000        0.11528589770322767     
   38.0000000000000000000000000000000000        0.12065188760561009     
   39.0000000000000000000000000000000000        0.12606477216111114     
   40.0000000000000000000000000000000000        0.13151780071732944     
   41.0000000000000000000000000000000000        0.13700485859298711     
   42.0000000000000000000000000000000000        0.14251862547467431     
   43.0000000000000000000000000000000000        0.14805285799438658     
   44.0000000000000000000000000000000000        0.15360072885499049     
   45.0000000000000000000000000000000000        0.15915494561988791     
   46.0000000000000000000000000000000000        0.16470942424474064     
   47.0000000000000000000000000000000000        0.17025703321148997     
   48.0000000000000000000000000000000000        0.17579105597217490     
   49.0000000000000000000000000000000000        0.18130503251144073     
   50.0000000000000000000000000000000000        0.18679198307170200     
   51.0000000000000000000000000000000000        0.19224511877459186     
   52.0000000000000000000000000000000000        0.19765826012795035     
   53.0000000000000000000000000000000000        0.20302399299753171     
   54.0000000000000000000000000000000000        0.20833637685312939     
   55.0000000000000000000000000000000000        0.21358914158559497     
   56.0000000000000000000000000000000000        0.21877555833499321     
   57.0000000000000000000000000000000000        0.22388909219393432     
   58.0000000000000000000000000000000000        0.22892391830130737     
   59.0000000000000000000000000000000000        0.23387366449576788     
   60.0000000000000000000000000000000000        0.23873203957099337     
   61.0000000000000000000000000000000000        0.24349421465589377     
   62.0000000000000000000000000000000000        0.24815320080408165     
   63.0000000000000000000000000000000000        0.25270387231812008     
   64.0000000000000000000000000000000000        0.25714047114928323     
   65.0000000000000000000000000000000000        0.26145776895387857     
   66.0000000000000000000000000000000000        0.26565030580629978     
   67.0000000000000000000000000000000000        0.26971325645611055     
   68.0000000000000000000000000000000000        0.27364154872800522     
   69.0000000000000000000000000000000000        0.27743011491736852     
   70.0000000000000000000000000000000000        0.28107493181752563     
   71.0000000000000000000000000000000000        0.28457074857678094     
   72.0000000000000000000000000000000000        0.28791392356989337     
   73.0000000000000000000000000000000000        0.29110036898315078     
   74.0000000000000000000000000000000000        0.29412574025090232     
   75.0000000000000000000000000000000000        0.29698716448038681     
   76.0000000000000000000000000000000000        0.29968020406390561     
   77.0000000000000000000000000000000000        0.30220245519078098     
   78.0000000000000000000000000000000000        0.30455002993319030     
   79.0000000000000000000000000000000000        0.30672083274108969     
   80.0000000000000000000000000000000000        0.30871203061971503     
   81.0000000000000000000000000000000000        0.31052028404866533     
   82.0000000000000000000000000000000000        0.31214452673287607     
   83.0000000000000000000000000000000000        0.31358229856773562     
   84.0000000000000000000000000000000000        0.31483159289883395     
   85.0000000000000000000000000000000000        0.31589195847037427     
   86.0000000000000000000000000000000000        0.31676113519574839     
   87.0000000000000000000000000000000000        0.31743801132529931     
   88.0000000000000000000000000000000000        0.31792218214845969     
   89.0000000000000000000000000000000000        0.31821292491783826     
   90.0000000000000000000000000000000000        0.31830974304443377     
   91.0000000000000000000000000000000000        0.31821292394662787     
   92.0000000000000000000000000000000000        0.31792219959102003     
   93.0000000000000000000000000000000000        0.31743800841645198     
   94.0000000000000000000000000000000000        0.31676104741947225     
   95.0000000000000000000000000000000000        0.31589195363824402     
   96.0000000000000000000000000000000000        0.31483193189698633     
   97.0000000000000000000000000000000000        0.31358229183562503     
   98.0000000000000000000000000000000000        0.31214439662770216     
   99.0000000000000000000000000000000000        0.31052027544937061     
   100.000000000000000000000000000000000        0.30871133922796101     
   101.000000000000000000000000000000000        0.30672082231671216     
   102.000000000000000000000000000000000        0.30455032897932505     
   103.000000000000000000000000000000000        0.30220244299202664     
   104.000000000000000000000000000000000        0.29968027604830527     
   105.000000000000000000000000000000000        0.29698715056659919     
   106.000000000000000000000000000000000        0.29412576924994227     
   107.000000000000000000000000000000000        0.29110035342217633     
   108.000000000000000000000000000000000        0.28791404633069295     
   109.000000000000000000000000000000000        0.28457073144450773     
   110.000000000000000000000000000000000        0.28107480991028511     
   111.000000000000000000000000000000000        0.27743009629707249     
   112.000000000000000000000000000000000        0.27364165250272132     
   113.000000000000000000000000000000000        0.26971323643865114     
   114.000000000000000000000000000000000        0.26565044897777662     
   115.000000000000000000000000000000000        0.26145774763671703     
   116.000000000000000000000000000000000        0.25714025458303086     
   117.000000000000000000000000000000000        0.25270384980525479     
   118.000000000000000000000000000000000        0.24815306561799239     
   119.000000000000000000000000000000000        0.24349419105670961     
   120.000000000000000000000000000000000        0.23873261172232374     
   121.000000000000000000000000000000000        0.23387363992555210     
   122.000000000000000000000000000000000        0.22892400985853523     
   123.000000000000000000000000000000000        0.22388906677217504     
   124.000000000000000000000000000000000        0.21877520890424323     
   125.000000000000000000000000000000000        0.21358911543626241     
   126.000000000000000000000000000000000        0.20833655738683293     
   127.000000000000000000000000000000000        0.20302396624798907     
   128.000000000000000000000000000000000        0.19765789006907530     
   129.000000000000000000000000000000000        0.19224509155521893     
   130.000000000000000000000000000000000        0.18679173356171647     
   131.000000000000000000000000000000000        0.18130500495469545     
   132.000000000000000000000000000000000        0.17579103778853972     
   133.000000000000000000000000000000000        0.17025700545178063     
   134.000000000000000000000000000000000        0.16470919079663818     
   135.000000000000000000000000000000000        0.15915491779234650     
   136.000000000000000000000000000000000        0.15360044215384400     
   137.000000000000000000000000000000000        0.14805283023469673     
   138.000000000000000000000000000000000        0.14251837552287983     
   139.000000000000000000000000000000000        0.13700483103623165     
   140.000000000000000000000000000000000        0.13151789015541596     
   141.000000000000000000000000000000000        0.12606474494169961     
   142.000000000000000000000000000000000        0.12065156891712515     
   143.000000000000000000000000000000000        0.11528587095365772     
   144.000000000000000000000000000000000        0.10997322662850724     
   145.000000000000000000000000000000000        0.10472072266576676     
   146.000000000000000000000000000000000         9.9534674422143310E-002
   147.000000000000000000000000000000000         9.4420772421212454E-002
   148.000000000000000000000000000000000         8.9385993506433864E-002
   149.000000000000000000000000000000000         8.4436200545080622E-002
   150.000000000000000000000000000000000         7.9577416243372084E-002
   151.000000000000000000000000000000000         7.4815650870604253E-002
   152.000000000000000000000000000000000         7.0156599595347272E-002
   153.000000000000000000000000000000000         6.5605993751402497E-002
   154.000000000000000000000000000000000         6.1169393749348870E-002
   155.000000000000000000000000000000000         5.6852097713589365E-002
   156.000000000000000000000000000000000         5.2659519615795833E-002
   157.000000000000000000000000000000000         4.8596610861219233E-002
   158.000000000000000000000000000000000         4.4668398808084882E-002
   159.000000000000000000000000000000000         4.0879753098528197E-002
   160.000000000000000000000000000000000         3.7235136593725758E-002
   161.000000000000000000000000000000000         3.3739120183015454E-002
   162.000000000000000000000000000000000         3.0395943502847477E-002
   163.000000000000000000000000000000000         2.7209500562366117E-002
   164.000000000000000000000000000000000         2.4183879886468234E-002
   165.000000000000000000000000000000000         2.1322705888797571E-002
   166.000000000000000000000000000000000         1.8629503036858484E-002
   167.000000000000000000000000000000000         1.6107416035816138E-002
   168.000000000000000000000000000000000         1.3759655374068074E-002
   169.000000000000000000000000000000000         1.1589039372762773E-002
   170.000000000000000000000000000000000         9.5981351616386181E-003
   171.000000000000000000000000000000000         7.7895889777790306E-003
   172.000000000000000000000000000000000         6.1653809210822684E-003
   173.000000000000000000000000000000000         4.7275753922918773E-003
   174.000000000000000000000000000000000         3.4778732246563294E-003
   175.000000000000000000000000000000000         2.4179164395247629E-003
   176.000000000000000000000000000000000         1.5488915036176965E-003
   177.000000000000000000000000000000000         8.7186454636600840E-004
   178.000000000000000000000000000000000         3.8768989707455351E-004
   179.000000000000000000000000000000000         9.6951922642395848E-005
   180.000000000000000000000000000000000         2.4023526393506582E-015
   181.000000000000000000000000000000000         9.6953864975485760E-005
   182.000000000000000000000000000000000         3.8769597021856984E-004
   183.000000000000000000000000000000000         8.7187036390271261E-004
   184.000000000000000000000000000000000         1.5488894678654336E-003
   185.000000000000000000000000000000000         2.4179261039236561E-003
   186.000000000000000000000000000000000         3.4779232433865270E-003
   187.000000000000000000000000000000000         4.7275888564745775E-003
   188.000000000000000000000000000000000         6.1653967417177481E-003
   189.000000000000000000000000000000000         7.7896061761435348E-003
   190.000000000000000000000000000000000         9.5982561911193108E-003
   191.000000000000000000000000000000000         1.1589060221536390E-002
   192.000000000000000000000000000000000         1.3759679647463460E-002
   193.000000000000000000000000000000000         1.6107440433403952E-002
   194.000000000000000000000000000000000         1.8629503936825782E-002
   195.000000000000000000000000000000000         2.1322733716336788E-002
   196.000000000000000000000000000000000         2.4183903355644312E-002
   197.000000000000000000000000000000000         2.7209531684296316E-002
   198.000000000000000000000000000000000         3.0395885125242432E-002
   199.000000000000000000000000000000000         3.3739154447694465E-002
   200.000000000000000000000000000000000         3.7235213208073367E-002
   201.000000000000000000000000000000000         4.0879790339015350E-002
   202.000000000000000000000000000000000         4.4668367249314743E-002
   203.000000000000000000000000000000000         4.8596650896107228E-002
   204.000000000000000000000000000000000         5.2659554344872184E-002
   205.000000000000000000000000000000000         5.6852140347855531E-002
   206.000000000000000000000000000000000         6.1169462080983616E-002
   207.000000000000000000000000000000000         6.5606038777278441E-002
   208.000000000000000000000000000000000         7.0156659969111093E-002
   209.000000000000000000000000000000000         7.4815698068799508E-002
   210.000000000000000000000000000000000         7.9577438199068373E-002
   211.000000000000000000000000000000000         8.4436249685626838E-002
   212.000000000000000000000000000000000         8.9386030377037490E-002
   213.000000000000000000000000000000000         9.4420823264652731E-002
   214.000000000000000000000000000000000         9.9534431187937408E-002
   215.000000000000000000000000000000000        0.10472077496445509     
   216.000000000000000000000000000000000        0.10997325100288100     
   217.000000000000000000000000000000000        0.11528592445276173     
   218.000000000000000000000000000000000        0.12065191519378927     
   219.000000000000000000000000000000000        0.12606479938056026     
   220.000000000000000000000000000000000        0.13151795054779908     
   221.000000000000000000000000000000000        0.13700488614966530     
   222.000000000000000000000000000000000        0.14251875460261043     
   223.000000000000000000000000000000000        0.14805288575416520     
   224.000000000000000000000000000000000        0.15360047870998378     
   225.000000000000000000000000000000000        0.15915497344740845     
   226.000000000000000000000000000000000        0.16470939769074275     
   227.000000000000000000000000000000000        0.17025706097126242     
   228.000000000000000000000000000000000        0.17579127319165097     
   229.000000000000000000000000000000000        0.18130506006811992     
   230.000000000000000000000000000000000        0.18679212939870082     
   231.000000000000000000000000000000000        0.19224514599408665     
   232.000000000000000000000000000000000        0.19765817781290748     
   233.000000000000000000000000000000000        0.20302401974706080     
   234.000000000000000000000000000000000        0.20833672618105664     
   235.000000000000000000000000000000000        0.21358916773494702     
   236.000000000000000000000000000000000        0.21877563827688890     
   237.000000000000000000000000000000000        0.22388911761565800     
   238.000000000000000000000000000000000        0.22892405249713482     
   239.000000000000000000000000000000000        0.23387368906604936     
   240.000000000000000000000000000000000        0.23873255191586998     
   241.000000000000000000000000000000000        0.24349423825494346     
   242.000000000000000000000000000000000        0.24815332137868881     
   243.000000000000000000000000000000000        0.25270389483109190     
   244.000000000000000000000000000000000        0.25714065514985479     
   245.000000000000000000000000000000000        0.26145779027093208     
   246.000000000000000000000000000000000        0.26565045465575121     
   247.000000000000000000000000000000000        0.26971327647356125     
   248.000000000000000000000000000000000        0.27364131585855672     
   249.000000000000000000000000000000000        0.27743013353763302     
   250.000000000000000000000000000000000        0.28107465828396916     
   251.000000000000000000000000000000000        0.28457076570916617     
   252.000000000000000000000000000000000        0.28791387141445046     
   253.000000000000000000000000000000000        0.29110038454415404     
   254.000000000000000000000000000000000        0.29412593374673890     
   255.000000000000000000000000000000000        0.29698717839414390     
   256.000000000000000000000000000000000        0.29968031706711645     
   257.000000000000000000000000000000000        0.30220246738957851     
   258.000000000000000000000000000000000        0.30455033374597879     
   259.000000000000000000000000000000000        0.30672084316541470     
   260.000000000000000000000000000000000        0.30871141531591417     
   261.000000000000000000000000000000000        0.31052029264784858     
   262.000000000000000000000000000000000        0.31214414039323385     
   263.000000000000000000000000000000000        0.31358230529975051     
   264.000000000000000000000000000000000        0.31483180739598648     
   265.000000000000000000000000000000000        0.31589196330253422     
   266.000000000000000000000000000000000        0.31676091342196738     
   267.000000000000000000000000000000000        0.31743801423402151     
   268.000000000000000000000000000000000        0.31792202116040352     
   269.000000000000000000000000000000000        0.31821292588897143     
   270.000000000000000000000000000000000        0.31830978903304508     
   271.000000000000000000000000000000000        0.31821292297545628     
   272.000000000000000000000000000000000        0.31792201226692907     
   273.000000000000000000000000000000000        0.31743800550773454     
   274.000000000000000000000000000000000        0.31676108300129002     
   275.000000000000000000000000000000000        0.31589194880605287     
   276.000000000000000000000000000000000        0.31483211795578575     
   277.000000000000000000000000000000000        0.31358228510350877     
   278.000000000000000000000000000000000        0.31214457064305340     
   279.000000000000000000000000000000000        0.31052026685027656     
   280.000000000000000000000000000000000        0.30871181187183139     
   281.000000000000000000000000000000000        0.30672081189231531     
   282.000000000000000000000000000000000        0.30455045533928166     
   283.000000000000000000000000000000000        0.30220243079320608     
   284.000000000000000000000000000000000        0.29968051969408638     
   285.000000000000000000000000000000000        0.29698713665280674     
   286.000000000000000000000000000000000        0.29412605425211413     
   287.000000000000000000000000000000000        0.29110033786123957     
   288.000000000000000000000000000000000        0.28791411726275973     
   289.000000000000000000000000000000000        0.28457071431207481     
   290.000000000000000000000000000000000        0.28107461737365724     
   291.000000000000000000000000000000000        0.27743007767684680     
   292.000000000000000000000000000000000        0.27364146288573021     
   293.000000000000000000000000000000000        0.26971321642120089     
   294.000000000000000000000000000000000        0.26565055690625516     
   295.000000000000000000000000000000000        0.26145772631954661     
   296.000000000000000000000000000000000        0.25714050443431569     
   297.000000000000000000000000000000000        0.25270382729227781     
   298.000000000000000000000000000000000        0.24815339730332575     
   299.000000000000000000000000000000000        0.24349416745774199     
   300.000000000000000000000000000000000        0.23873264649112208     
   301.000000000000000000000000000000000        0.23387361535526016     
   302.000000000000000000000000000000000        0.22892399180380513     
   303.000000000000000000000000000000000        0.22388904135049500     
   304.000000000000000000000000000000000        0.21877566634847748     
   305.000000000000000000000000000000000        0.21358908928688974     
   306.000000000000000000000000000000000        0.20833661417954508     
   307.000000000000000000000000000000000        0.20302393949851114     
   308.000000000000000000000000000000000        0.19765788425056835     
   309.000000000000000000000000000000000        0.19224506433569474     
   310.000000000000000000000000000000000        0.18679183542197075     
   311.000000000000000000000000000000000        0.18130497739797680     
   312.000000000000000000000000000000000        0.17579115744238336     
   313.000000000000000000000000000000000        0.17025697769198439     
   314.000000000000000000000000000000000        0.16470929014362856     
   315.000000000000000000000000000000000        0.15915488996485586     
   316.000000000000000000000000000000000        0.15360020558462326     
   317.000000000000000000000000000000000        0.14805280247490218     
   318.000000000000000000000000000000000        0.14251858661784644     
   319.000000000000000000000000000000000        0.13700480347954497     
   320.000000000000000000000000000000000        0.13151768169528538     
   321.000000000000000000000000000000000        0.12606471772225300     
   322.000000000000000000000000000000000        0.12065177263566285     
   323.000000000000000000000000000000000        0.11528584420415165     
   324.000000000000000000000000000000000        0.10997324000174685     
   325.000000000000000000000000000000000        0.10472069651642935     
   326.000000000000000000000000000000000         9.9534395649603230E-002
   327.000000000000000000000000000000000         9.4420746999525268E-002
   328.000000000000000000000000000000000         8.9385876241555459E-002
   329.000000000000000000000000000000000         8.4436175974826805E-002
   330.000000000000000000000000000000000         7.9577405922168248E-002
   331.000000000000000000000000000000000         7.4815627271539717E-002
   332.000000000000000000000000000000000         7.0156751682259585E-002
   333.000000000000000000000000000000000         6.5605971238415522E-002
   334.000000000000000000000000000000000         6.1169326198847337E-002
   335.000000000000000000000000000000000         5.6852076396490120E-002
   336.000000000000000000000000000000000         5.2659394420402336E-002
   337.000000000000000000000000000000000         4.8596590843732079E-002
   338.000000000000000000000000000000000         4.4668388439397445E-002
   339.000000000000000000000000000000000         4.0879734478289478E-002
   340.000000000000000000000000000000000         3.7235130841101451E-002
   341.000000000000000000000000000000000         3.3739103050665659E-002
   342.000000000000000000000000000000000         3.0395835237246253E-002
   343.000000000000000000000000000000000         2.7209485001426937E-002
   344.000000000000000000000000000000000         2.4183710372625154E-002
   345.000000000000000000000000000000000         2.1322691975041656E-002
   346.000000000000000000000000000000000         1.8629428303014582E-002
   347.000000000000000000000000000000000         1.6107403837047694E-002
   348.000000000000000000000000000000000         1.3759640209132730E-002
   349.000000000000000000000000000000000         1.1589028948398725E-002
   350.000000000000000000000000000000000         9.5981983310580530E-003
   351.000000000000000000000000000000000         7.7895803786056875E-003
   352.000000000000000000000000000000000         6.1654287769496493E-003
   353.000000000000000000000000000000000         4.7275686602054265E-003
   354.000000000000000000000000000000000         3.4779049994617512E-003
   355.000000000000000000000000000000000         2.4179116073320002E-003
   356.000000000000000000000000000000000         1.5488761471271217E-003
   357.000000000000000000000000000000000         8.7186163760143392E-004
   358.000000000000000000000000000000000         3.8769023640671712E-004
   359.000000000000000000000000000000000         9.6950951482272201E-005
   360.000000000000000000000000000000000         1.1088370897825794E-013
