   1.00000000000000000000000000000000000         9.6952893806457222E-005
   2.00000000000000000000000000000000000         3.8769345305240054E-004
   3.00000000000000000000000000000000000         8.7186745513119057E-004
   4.00000000000000000000000000000000000         1.5488839653933751E-003
   5.00000000000000000000000000000000000         2.4179212717231392E-003
   6.00000000000000000000000000000000000         3.4779174346384768E-003
   7.00000000000000000000000000000000000         4.7275821243764390E-003
   8.00000000000000000000000000000000000         6.1653980224218273E-003
   9.00000000000000000000000000000000000         7.7895975769584529E-003
   10.0000000000000000000000000000000000         9.5982176758567777E-003
   11.0000000000000000000000000000000000         1.1589049797143994E-002
   12.0000000000000000000000000000000000         1.3759660393555905E-002
   13.0000000000000000000000000000000000         1.6107428234612108E-002
   14.0000000000000000000000000000000000         1.8629469588918712E-002
   15.0000000000000000000000000000000000         2.1322719802569189E-002
   16.0000000000000000000000000000000000         2.4183886729252028E-002
   17.0000000000000000000000000000000000         2.7209516123326907E-002
   18.0000000000000000000000000000000000         3.0395888253042742E-002
   19.0000000000000000000000000000000000         3.3739137315352982E-002
   20.0000000000000000000000000000000000         3.7235197609599278E-002
   21.0000000000000000000000000000000000         4.0879771718785200E-002
   22.0000000000000000000000000000000000         4.4668459743966778E-002
   23.0000000000000000000000000000000000         4.8596630878645138E-002
   24.0000000000000000000000000000000000         5.2659494022957574E-002
   25.0000000000000000000000000000000000         5.6852119030715798E-002
   26.0000000000000000000000000000000000         6.1169381462535213E-002
   27.0000000000000000000000000000000000         6.5606016264321249E-002
   28.0000000000000000000000000000000000         7.0156628160041160E-002
   29.0000000000000000000000000000000000         7.4815674469701013E-002
   30.0000000000000000000000000000000000         7.9577479120338329E-002
   31.0000000000000000000000000000000000         8.4436225115333149E-002
   32.0000000000000000000000000000000000         8.9385979835466714E-002
   33.0000000000000000000000000000000000         9.4420797842928131E-002
   34.0000000000000000000000000000000000         9.9534454498306488E-002
   35.0000000000000000000000000000000000        0.10472074881508756     
   36.0000000000000000000000000000000000        0.10997340114923895     
   37.0000000000000000000000000000000000        0.11528589770323437     
   38.0000000000000000000000000000000000        0.12065188071809622     
   39.0000000000000000000000000000000000        0.12606477216112624     
   40.0000000000000000000000000000000000        0.13151796084846806     
   41.0000000000000000000000000000000000        0.13700485859297556     
   42.0000000000000000000000000000000000        0.14251871359368173     
   43.0000000000000000000000000000000000        0.14805285799440512     
   44.0000000000000000000000000000000000        0.15360054037786380     
   45.0000000000000000000000000000000000        0.15915494561988902     
   46.0000000000000000000000000000000000        0.16470937841852942     
   47.0000000000000000000000000000000000        0.17025703321147947     
   48.0000000000000000000000000000000000        0.17579115549442953     
   49.0000000000000000000000000000000000        0.18130503251140093     
   50.0000000000000000000000000000000000        0.18679191889156843     
   51.0000000000000000000000000000000000        0.19224511877460057     
   52.0000000000000000000000000000000000        0.19765803715122712     
   53.0000000000000000000000000000000000        0.20302399299754570     
   54.0000000000000000000000000000000000        0.20833651154244001     
   55.0000000000000000000000000000000000        0.21358914158558839     
   56.0000000000000000000000000000000000        0.21877544895603601     
   57.0000000000000000000000000000000000        0.22388909219394104     
   58.0000000000000000000000000000000000        0.22892388376421177     
   59.0000000000000000000000000000000000        0.23387366449579933     
   60.0000000000000000000000000000000000        0.23873237640059775     
   61.0000000000000000000000000000000000        0.24349421465585888     
   62.0000000000000000000000000000000000        0.24815325275067410     
   63.0000000000000000000000000000000000        0.25270387231816061     
   64.0000000000000000000000000000000000        0.25714050662838694     
   65.0000000000000000000000000000000000        0.26145776895386053     
   66.0000000000000000000000000000000000        0.26565037832643384     
   67.0000000000000000000000000000000000        0.26971325645609362     
   68.0000000000000000000000000000000000        0.27364144049923916     
   69.0000000000000000000000000000000000        0.27743011491735592     
   70.0000000000000000000000000000000000        0.28107472617062218     
   71.0000000000000000000000000000000000        0.28457074857682385     
   72.0000000000000000000000000000000000        0.28791398776979499     
   73.0000000000000000000000000000000000        0.29110036898316238     
   74.0000000000000000000000000000000000        0.29412596143122682     
   75.0000000000000000000000000000000000        0.29698716448033191     
   76.0000000000000000000000000000000000        0.29968039204741609     
   77.0000000000000000000000000000000000        0.30220245519079292     
   78.0000000000000000000000000000000000        0.30455019538028738     
   79.0000000000000000000000000000000000        0.30672083274105882     
   80.0000000000000000000000000000000000        0.30871170287454386     
   81.0000000000000000000000000000000000        0.31052028404864590     
   82.0000000000000000000000000000000000        0.31214449244704384     
   83.0000000000000000000000000000000000        0.31358229856768538     
   84.0000000000000000000000000000000000        0.31483192382825487     
   85.0000000000000000000000000000000000        0.31589195847038659     
   86.0000000000000000000000000000000000        0.31676100908984839     
   87.0000000000000000000000000000000000        0.31743801132526778     
   88.0000000000000000000000000000000000        0.31792218455984189     
   89.0000000000000000000000000000000000        0.31821292491779318     
   90.0000000000000000000000000000000000        0.31830986319110660     
   91.0000000000000000000000000000000000        0.31821292394662171     
   92.0000000000000000000000000000000000        0.31792218465908184     
   93.0000000000000000000000000000000000        0.31743800841649000     
   94.0000000000000000000000000000000000        0.31676099638506511     
   95.0000000000000000000000000000000000        0.31589195363819333     
   96.0000000000000000000000000000000000        0.31483195433562916     
   97.0000000000000000000000000000000000        0.31358229183559305     
   98.0000000000000000000000000000000000        0.31214447188885458     
   99.0000000000000000000000000000000000        0.31052027544945277     
   100.000000000000000000000000000000000        0.30871162158073989     
   101.000000000000000000000000000000000        0.30672082231668063     
   102.000000000000000000000000000000000        0.30455021673176974     
   103.000000000000000000000000000000000        0.30220244299200810     
   104.000000000000000000000000000000000        0.29968038793566998     
   105.000000000000000000000000000000000        0.29698715056656216     
   106.000000000000000000000000000000000        0.29412595128965907     
   107.000000000000000000000000000000000        0.29110035342220075     
   108.000000000000000000000000000000000        0.28791398605711871     
   109.000000000000000000000000000000000        0.28457073144448958     
   110.000000000000000000000000000000000        0.28107469733395213     
   111.000000000000000000000000000000000        0.27743009629709636     
   112.000000000000000000000000000000000        0.27364143412706260     
   113.000000000000000000000000000000000        0.26971323643863937     
   114.000000000000000000000000000000000        0.26565037489405735     
   115.000000000000000000000000000000000        0.26145774763672863     
   116.000000000000000000000000000000000        0.25714046421179004     
   117.000000000000000000000000000000000        0.25270384980522059     
   118.000000000000000000000000000000000        0.24815321787891367     
   119.000000000000000000000000000000000        0.24349419105676104     
   120.000000000000000000000000000000000        0.23873241506448456     
   121.000000000000000000000000000000000        0.23387363992554830     
   122.000000000000000000000000000000000        0.22892387102335007     
   123.000000000000000000000000000000000        0.22388906677221895     
   124.000000000000000000000000000000000        0.21877538908852820     
   125.000000000000000000000000000000000        0.21358911543625878     
   126.000000000000000000000000000000000        0.20833650686627997     
   127.000000000000000000000000000000000        0.20302396624800284     
   128.000000000000000000000000000000000        0.19765797403893373     
   129.000000000000000000000000000000000        0.19224509155517081     
   130.000000000000000000000000000000000        0.18679186810729828     
   131.000000000000000000000000000000000        0.18130500495467947     
   132.000000000000000000000000000000000        0.17579112881843817     
   133.000000000000000000000000000000000        0.17025700545173536     
   134.000000000000000000000000000000000        0.16470932896188903     
   135.000000000000000000000000000000000        0.15915491779235413     
   136.000000000000000000000000000000000        0.15360048531564938     
   137.000000000000000000000000000000000        0.14805283023466326     
   138.000000000000000000000000000000000        0.14251866252102663     
   139.000000000000000000000000000000000        0.13700483103625336     
   140.000000000000000000000000000000000        0.13151794574294992     
   141.000000000000000000000000000000000        0.12606474494169290     
   142.000000000000000000000000000000000        0.12065182301319077     
   143.000000000000000000000000000000000        0.11528587095368917     
   144.000000000000000000000000000000000        0.10997332511798807     
   145.000000000000000000000000000000000        0.10472072266576063     
   146.000000000000000000000000000000000         9.9534454241102258E-002
   147.000000000000000000000000000000000         9.4420772421211330E-002
   148.000000000000000000000000000000000         8.9385986002224735E-002
   149.000000000000000000000000000000000         8.4436200545081719E-002
   150.000000000000000000000000000000000         7.9577445774464128E-002
   151.000000000000000000000000000000000         7.4815650870612510E-002
   152.000000000000000000000000000000000         7.0156606156981174E-002
   153.000000000000000000000000000000000         6.5605993751375907E-002
   154.000000000000000000000000000000000         6.1169359579407244E-002
   155.000000000000000000000000000000000         5.6852097713589803E-002
   156.000000000000000000000000000000000         5.2659484284478107E-002
   157.000000000000000000000000000000000         4.8596610861196987E-002
   158.000000000000000000000000000000000         4.4668435569392387E-002
   159.000000000000000000000000000000000         4.0879753098530272E-002
   160.000000000000000000000000000000000         3.7235163267455150E-002
   161.000000000000000000000000000000000         3.3739120183013567E-002
   162.000000000000000000000000000000000         3.0395881159488984E-002
   163.000000000000000000000000000000000         2.7209500562368726E-002
   164.000000000000000000000000000000000         2.4183882225242561E-002
   165.000000000000000000000000000000000         2.1322705888803115E-002
   166.000000000000000000000000000000000         1.8629461515616615E-002
   167.000000000000000000000000000000000         1.6107416035823535E-002
   168.000000000000000000000000000000000         1.3759656669692845E-002
   169.000000000000000000000000000000000         1.1589039372768216E-002
   170.000000000000000000000000000000000         9.5982005573022767E-003
   171.000000000000000000000000000000000         7.7895889777788154E-003
   172.000000000000000000000000000000000         6.1653846399307806E-003
   173.000000000000000000000000000000000         4.7275753922890306E-003
   174.000000000000000000000000000000000         3.4779076249359291E-003
   175.000000000000000000000000000000000         2.4179164395247070E-003
   176.000000000000000000000000000000000         1.5488822270842690E-003
   177.000000000000000000000000000000000         8.7186454636456901E-004
   178.000000000000000000000000000000000         3.8769134192168667E-004
   179.000000000000000000000000000000000         9.6951922641875634E-005
   180.000000000000000000000000000000000         2.4295505918166955E-015
   181.000000000000000000000000000000000         9.6953864975728485E-005
   182.000000000000000000000000000000000         3.8769545483828202E-004
   183.000000000000000000000000000000000         8.7187036390330209E-004
   184.000000000000000000000000000000000         1.5488889431492486E-003
   185.000000000000000000000000000000000         2.4179261039259628E-003
   186.000000000000000000000000000000000         3.4779232433794311E-003
   187.000000000000000000000000000000000         4.7275888564694063E-003
   188.000000000000000000000000000000000         6.1654000310755238E-003
   189.000000000000000000000000000000000         7.7896061761415511E-003
   190.000000000000000000000000000000000         9.5982303287132312E-003
   191.000000000000000000000000000000000         1.1589060221526315E-002
   192.000000000000000000000000000000000         1.3759679478906011E-002
   193.000000000000000000000000000000000         1.6107440433401628E-002
   194.000000000000000000000000000000000         1.8629484988459392E-002
   195.000000000000000000000000000000000         2.1322733716338634E-002
   196.000000000000000000000000000000000         2.4183911083881817E-002
   197.000000000000000000000000000000000         2.7209531684290026E-002
   198.000000000000000000000000000000000         3.0395904284212915E-002
   199.000000000000000000000000000000000         3.3739154447695756E-002
   200.000000000000000000000000000000000         3.7235203340788045E-002
   201.000000000000000000000000000000000         4.0879790339038539E-002
   202.000000000000000000000000000000000         4.4668466839064828E-002
   203.000000000000000000000000000000000         4.8596650896101920E-002
   204.000000000000000000000000000000000         5.2659524946287034E-002
   205.000000000000000000000000000000000         5.6852140347847774E-002
   206.000000000000000000000000000000000         6.1169406012498907E-002
   207.000000000000000000000000000000000         6.5606038777270989E-002
   208.000000000000000000000000000000000         7.0156653795400897E-002
   209.000000000000000000000000000000000         7.4815698068790432E-002
   210.000000000000000000000000000000000         7.9577491210745713E-002
   211.000000000000000000000000000000000         8.4436249685595391E-002
   212.000000000000000000000000000000000         8.9386034640265566E-002
   213.000000000000000000000000000000000         9.4420823264647721E-002
   214.000000000000000000000000000000000         9.9534474808157053E-002
   215.000000000000000000000000000000000        0.10472077496442192     
   216.000000000000000000000000000000000        0.10997337504313005     
   217.000000000000000000000000000000000        0.11528592445277730     
   218.000000000000000000000000000000000        0.12065190778084954     
   219.000000000000000000000000000000000        0.12606479938056411     
   220.000000000000000000000000000000000        0.13151800114016093     
   221.000000000000000000000000000000000        0.13700488614969061     
   222.000000000000000000000000000000000        0.14251875194802263     
   223.000000000000000000000000000000000        0.14805288575415637     
   224.000000000000000000000000000000000        0.15360053892996953     
   225.000000000000000000000000000000000        0.15915497344742208     
   226.000000000000000000000000000000000        0.16470940050652486     
   227.000000000000000000000000000000000        0.17025706097122961     
   228.000000000000000000000000000000000        0.17579120312156263     
   229.000000000000000000000000000000000        0.18130506006811514     
   230.000000000000000000000000000000000        0.18679195881446470     
   231.000000000000000000000000000000000        0.19224514599404194     
   232.000000000000000000000000000000000        0.19765805264522368     
   233.000000000000000000000000000000000        0.20302401974708631     
   234.000000000000000000000000000000000        0.20833657199350861     
   235.000000000000000000000000000000000        0.21358916773491823     
   236.000000000000000000000000000000000        0.21877548045628986     
   237.000000000000000000000000000000000        0.22388911761565800     
   238.000000000000000000000000000000000        0.22892392026854672     
   239.000000000000000000000000000000000        0.23387368906605482     
   240.000000000000000000000000000000000        0.23873245189422612     
   241.000000000000000000000000000000000        0.24349423825494065     
   242.000000000000000000000000000000000        0.24815328608437909     
   243.000000000000000000000000000000000        0.25270389483110900     
   244.000000000000000000000000000000000        0.25714054561700850     
   245.000000000000000000000000000000000        0.26145779027097843     
   246.000000000000000000000000000000000        0.26565041249785293     
   247.000000000000000000000000000000000        0.26971327647354360     
   248.000000000000000000000000000000000        0.27364143328248919     
   249.000000000000000000000000000000000        0.27743013353760920     
   250.000000000000000000000000000000000        0.28107471338194912     
   251.000000000000000000000000000000000        0.28457076570916617     
   252.000000000000000000000000000000000        0.28791399691460945     
   253.000000000000000000000000000000000        0.29110038454412351     
   254.000000000000000000000000000000000        0.29412599499331032     
   255.000000000000000000000000000000000        0.29698717839409455     
   256.000000000000000000000000000000000        0.29968041563154330     
   257.000000000000000000000000000000000        0.30220246738957851     
   258.000000000000000000000000000000000        0.30455023748763810     
   259.000000000000000000000000000000000        0.30672084316542725     
   260.000000000000000000000000000000000        0.30871164662145112     
   261.000000000000000000000000000000000        0.31052029264782333     
   262.000000000000000000000000000000000        0.31214445864260676     
   263.000000000000000000000000000000000        0.31358230529976322     
   264.000000000000000000000000000000000        0.31483195158355853     
   265.000000000000000000000000000000000        0.31589196330257879     
   266.000000000000000000000000000000000        0.31676098921041301     
   267.000000000000000000000000000000000        0.31743801423402790     
   268.000000000000000000000000000000000        0.31792216935054346     
   269.000000000000000000000000000000000        0.31821292588895228     
   270.000000000000000000000000000000000        0.31830986803200945     
   271.000000000000000000000000000000000        0.31821292297544990     
   272.000000000000000000000000000000000        0.31792216320393102     
   273.000000000000000000000000000000000        0.31743800550772178     
   274.000000000000000000000000000000000        0.31676099666533825     
   275.000000000000000000000000000000000        0.31589194880598925     
   276.000000000000000000000000000000000        0.31483196874410757     
   277.000000000000000000000000000000000        0.31358228510349606     
   278.000000000000000000000000000000000        0.31214448334334832     
   279.000000000000000000000000000000000        0.31052026685027656     
   280.000000000000000000000000000000000        0.30871166281700030     
   281.000000000000000000000000000000000        0.30672081189229650     
   282.000000000000000000000000000000000        0.30455021990575026     
   283.000000000000000000000000000000000        0.30220243079321230     
   284.000000000000000000000000000000000        0.29968040189353667     
   285.000000000000000000000000000000000        0.29698713665278820     
   286.000000000000000000000000000000000        0.29412596809578667     
   287.000000000000000000000000000000000        0.29110033786123957     
   288.000000000000000000000000000000000        0.28791397888878112     
   289.000000000000000000000000000000000        0.28457071431213521     
   290.000000000000000000000000000000000        0.28107466106260431     
   291.000000000000000000000000000000000        0.27743007767684086     
   292.000000000000000000000000000000000        0.27364139687155398     
   293.000000000000000000000000000000000        0.26971321642118323     
   294.000000000000000000000000000000000        0.26565036775188539     
   295.000000000000000000000000000000000        0.26145772631959296     
   296.000000000000000000000000000000000        0.25714047089178305     
   297.000000000000000000000000000000000        0.25270382729226643     
   298.000000000000000000000000000000000        0.24815323215151303     
   299.000000000000000000000000000000000        0.24349416745768332     
   300.000000000000000000000000000000000        0.23873239716177480     
   301.000000000000000000000000000000000        0.23387361535528756     
   302.000000000000000000000000000000000        0.22892384674438770     
   303.000000000000000000000000000000000        0.22388904135050305     
   304.000000000000000000000000000000000        0.21877541415522622     
   305.000000000000000000000000000000000        0.21358908928692377     
   306.000000000000000000000000000000000        0.20833648916474704     
   307.000000000000000000000000000000000        0.20302393949846520     
   308.000000000000000000000000000000000        0.19765794926772473     
   309.000000000000000000000000000000000        0.19224506433572452     
   310.000000000000000000000000000000000        0.18679185430937340     
   311.000000000000000000000000000000000        0.18130497739795992     
   312.000000000000000000000000000000000        0.17579111665165550     
   313.000000000000000000000000000000000        0.17025697769198206     
   314.000000000000000000000000000000000        0.16470931453631724     
   315.000000000000000000000000000000000        0.15915488996482424     
   316.000000000000000000000000000000000        0.15360043553046374     
   317.000000000000000000000000000000000        0.14805280247491090     
   318.000000000000000000000000000000000        0.14251865997964128     
   319.000000000000000000000000000000000        0.13700480347953867     
   320.000000000000000000000000000000000        0.13151789927971053     
   321.000000000000000000000000000000000        0.12606471772225702     
   322.000000000000000000000000000000000        0.12065182029853019     
   323.000000000000000000000000000000000        0.11528584420415165     
   324.000000000000000000000000000000000        0.10997330284599111     
   325.000000000000000000000000000000000        0.10472069651643301     
   326.000000000000000000000000000000000         9.9534401811320256E-002
   327.000000000000000000000000000000000         9.4420746999499178E-002
   328.000000000000000000000000000000000         8.9385951280092024E-002
   329.000000000000000000000000000000000         8.4436175974830094E-002
   330.000000000000000000000000000000000         7.9577423125446897E-002
   331.000000000000000000000000000000000         7.4815627271530419E-002
   332.000000000000000000000000000000000         7.0156601524480722E-002
   333.000000000000000000000000000000000         6.5605971238427124E-002
   334.000000000000000000000000000000000         6.1169332848688224E-002
   335.000000000000000000000000000000000         5.6852076396468519E-002
   336.000000000000000000000000000000000         5.2659452602960573E-002
   337.000000000000000000000000000000000         4.8596590843744562E-002
   338.000000000000000000000000000000000         4.4668417182129737E-002
   339.000000000000000000000000000000000         4.0879734478281471E-002
   340.000000000000000000000000000000000         3.7235146657589001E-002
   341.000000000000000000000000000000000         3.3739103050676574E-002
   342.000000000000000000000000000000000         3.0395855128252772E-002
   343.000000000000000000000000000000000         2.7209485001416196E-002
   344.000000000000000000000000000000000         2.4183851187561691E-002
   345.000000000000000000000000000000000         2.1322691975042482E-002
   346.000000000000000000000000000000000         1.8629441959850793E-002
   347.000000000000000000000000000000000         1.6107403837043021E-002
   348.000000000000000000000000000000000         1.3759644946330328E-002
   349.000000000000000000000000000000000         1.1589028948397658E-002
   350.000000000000000000000000000000000         9.5981986910068078E-003
   351.000000000000000000000000000000000         7.7895803786045634E-003
   352.000000000000000000000000000000000         6.1653828144794297E-003
   353.000000000000000000000000000000000         4.7275686602057188E-003
   354.000000000000000000000000000000000         3.4779057930166783E-003
   355.000000000000000000000000000000000         2.4179116073311997E-003
   356.000000000000000000000000000000000         1.5488771454431271E-003
   357.000000000000000000000000000000000         8.7186163760210266E-004
   358.000000000000000000000000000000000         3.8768964082843750E-004
   359.000000000000000000000000000000000         9.6950951482148494E-005
   360.000000000000000000000000000000000         2.8313523167797650E-015
