   1.00000000000000000000000000000000000         9.6952893808093337E-005
   2.00000000000000000000000000000000000         3.8769345305555937E-004
   3.00000000000000000000000000000000000         8.7186745512674762E-004
   4.00000000000000000000000000000000000         1.5488691870790010E-003
   5.00000000000000000000000000000000000         2.4179212717249962E-003
   6.00000000000000000000000000000000000         3.4779171078438416E-003
   7.00000000000000000000000000000000000         4.7275821243758743E-003
   8.00000000000000000000000000000000000         6.1654727472057599E-003
   9.00000000000000000000000000000000000         7.7895975769702091E-003
   10.0000000000000000000000000000000000         9.5982163634157520E-003
   11.0000000000000000000000000000000000         1.1589049797131441E-002
   12.0000000000000000000000000000000000         1.3759550644065623E-002
   13.0000000000000000000000000000000000         1.6107428234634406E-002
   14.0000000000000000000000000000000000         1.8629468086073426E-002
   15.0000000000000000000000000000000000         2.1322719802566288E-002
   16.0000000000000000000000000000000000         2.4183737731789112E-002
   17.0000000000000000000000000000000000         2.7209516123326265E-002
   18.0000000000000000000000000000000000         3.0395860931918331E-002
   19.0000000000000000000000000000000000         3.3739137315353697E-002
   20.0000000000000000000000000000000000         3.7235386265440318E-002
   21.0000000000000000000000000000000000         4.0879771718804442E-002
   22.0000000000000000000000000000000000         4.4668467097675968E-002
   23.0000000000000000000000000000000000         4.8596630878627298E-002
   24.0000000000000000000000000000000000         5.2659397905249816E-002
   25.0000000000000000000000000000000000         5.6852119030705819E-002
   26.0000000000000000000000000000000000         6.1169437771156139E-002
   27.0000000000000000000000000000000000         6.5606016264335640E-002
   28.0000000000000000000000000000000000         7.0156602108002938E-002
   29.0000000000000000000000000000000000         7.4815674469716584E-002
   30.0000000000000000000000000000000000         7.9577560894282390E-002
   31.0000000000000000000000000000000000         8.4436225115294666E-002
   32.0000000000000000000000000000000000         8.9385550654989793E-002
   33.0000000000000000000000000000000000         9.4420797842931142E-002
   34.0000000000000000000000000000000000         9.9534459592641081E-002
   35.0000000000000000000000000000000000        0.10472074881507523     
   36.0000000000000000000000000000000000        0.10997393918142444     
   37.0000000000000000000000000000000000        0.11528589770322480     
   38.0000000000000000000000000000000000        0.12065189219728610     
   39.0000000000000000000000000000000000        0.12606477216109940     
   40.0000000000000000000000000000000000        0.13151769396329116     
   41.0000000000000000000000000000000000        0.13700485859299655     
   42.0000000000000000000000000000000000        0.14251856672868449     
   43.0000000000000000000000000000000000        0.14805285799437246     
   44.0000000000000000000000000000000000        0.15360085450647251     
   45.0000000000000000000000000000000000        0.15915494561988902     
   46.0000000000000000000000000000000000        0.16470945479555166     
   47.0000000000000000000000000000000000        0.17025703321149505     
   48.0000000000000000000000000000000000        0.17579098962402079     
   49.0000000000000000000000000000000000        0.18130503251146918     
   50.0000000000000000000000000000000000        0.18679202585846383     
   51.0000000000000000000000000000000000        0.19224511877458408     
   52.0000000000000000000000000000000000        0.19765840877916904     
   53.0000000000000000000000000000000000        0.20302399299752441     
   54.0000000000000000000000000000000000        0.20833628706027982     
   55.0000000000000000000000000000000000        0.21358914158559728     
   56.0000000000000000000000000000000000        0.21877563125431321     
   57.0000000000000000000000000000000000        0.22388909219393194     
   58.0000000000000000000000000000000000        0.22892394132603922     
   59.0000000000000000000000000000000000        0.23387366449574479     
   60.0000000000000000000000000000000000        0.23873181501805579     
   61.0000000000000000000000000000000000        0.24349421465591919     
   62.0000000000000000000000000000000000        0.24815316617302305     
   63.0000000000000000000000000000000000        0.25270387231808972     
   64.0000000000000000000000000000000000        0.25714044749654880     
   65.0000000000000000000000000000000000        0.26145776895389400     
   66.0000000000000000000000000000000000        0.26565025745954929     
   67.0000000000000000000000000000000000        0.26971325645611838     
   68.0000000000000000000000000000000000        0.27364162088052785     
   69.0000000000000000000000000000000000        0.27743011491738045     
   70.0000000000000000000000000000000000        0.28107506891550305     
   71.0000000000000000000000000000000000        0.28457074857674874     
   72.0000000000000000000000000000000000        0.28791388076996294     
   73.0000000000000000000000000000000000        0.29110036898314673     
   74.0000000000000000000000000000000000        0.29412559279739886     
   75.0000000000000000000000000000000000        0.29698716448041973     
   76.0000000000000000000000000000000000        0.29968007874159802     
   77.0000000000000000000000000000000000        0.30220245519077682     
   78.0000000000000000000000000000000000        0.30454991963515055     
   79.0000000000000000000000000000000000        0.30672083274110645     
   80.0000000000000000000000000000000000        0.30871224911659245     
   81.0000000000000000000000000000000000        0.31052028404868215     
   82.0000000000000000000000000000000000        0.31214454959009857     
   83.0000000000000000000000000000000000        0.31358229856776521     
   84.0000000000000000000000000000000000        0.31483137227931662     
   85.0000000000000000000000000000000000        0.31589195847036999     
   86.0000000000000000000000000000000000        0.31676121926636230     
   87.0000000000000000000000000000000000        0.31743801132531629     
   88.0000000000000000000000000000000000        0.31792218054087151     
   89.0000000000000000000000000000000000        0.31821292491787234     
   90.0000000000000000000000000000000000        0.31830966294666446     
   91.0000000000000000000000000000000000        0.31821292394662787     
   92.0000000000000000000000000000000000        0.31792220954564571     
   93.0000000000000000000000000000000000        0.31743800841643072     
   94.0000000000000000000000000000000000        0.31676108144241266     
   95.0000000000000000000000000000000000        0.31589195363827371     
   96.0000000000000000000000000000000000        0.31483191693789153     
   97.0000000000000000000000000000000000        0.31358229183565040     
   98.0000000000000000000000000000000000        0.31214434645360556     
   99.0000000000000000000000000000000000        0.31052027544931171     
   100.000000000000000000000000000000000        0.30871115099284691     
   101.000000000000000000000000000000000        0.30672082231673725     
   102.000000000000000000000000000000000        0.30455040381104009     
   103.000000000000000000000000000000000        0.30220244299203497     
   104.000000000000000000000000000000000        0.29968020145674040     
   105.000000000000000000000000000000000        0.29698715056662800     
   106.000000000000000000000000000000000        0.29412564789016238     
   107.000000000000000000000000000000000        0.29110035342215596     
   108.000000000000000000000000000000000        0.28791408651307931     
   109.000000000000000000000000000000000        0.28457073144452372     
   110.000000000000000000000000000000000        0.28107488496118627     
   111.000000000000000000000000000000000        0.27743009629705273     
   112.000000000000000000000000000000000        0.27364179808654221     
   113.000000000000000000000000000000000        0.26971323643866280     
   114.000000000000000000000000000000000        0.26565049836692856     
   115.000000000000000000000000000000000        0.26145774763670571     
   116.000000000000000000000000000000000        0.25714011483057220     
   117.000000000000000000000000000000000        0.25270384980528110     
   118.000000000000000000000000000000000        0.24815296411073751     
   119.000000000000000000000000000000000        0.24349419105667372     
   120.000000000000000000000000000000000        0.23873274282759485     
   121.000000000000000000000000000000000        0.23387363992555618     
   122.000000000000000000000000000000000        0.22892410241534875     
   123.000000000000000000000000000000000        0.22388906677214426     
   124.000000000000000000000000000000000        0.21877508878142779     
   125.000000000000000000000000000000000        0.21358911543626627     
   126.000000000000000000000000000000000        0.20833659106720498     
   127.000000000000000000000000000000000        0.20302396624797855     
   128.000000000000000000000000000000000        0.19765783408917961     
   129.000000000000000000000000000000000        0.19224509155525232     
   130.000000000000000000000000000000000        0.18679164386468886     
   131.000000000000000000000000000000000        0.18130500495470486     
   132.000000000000000000000000000000000        0.17579097710195385     
   133.000000000000000000000000000000000        0.17025700545181197     
   134.000000000000000000000000000000000        0.16470909868650316     
   135.000000000000000000000000000000000        0.15915491779234031     
   136.000000000000000000000000000000000        0.15360041337931046     
   137.000000000000000000000000000000000        0.14805283023472010     
   138.000000000000000000000000000000000        0.14251818419094250     
   139.000000000000000000000000000000000        0.13700483103621616     
   140.000000000000000000000000000000000        0.13151785309706648     
   141.000000000000000000000000000000000        0.12606474494170505     
   142.000000000000000000000000000000000        0.12065139951989672     
   143.000000000000000000000000000000000        0.11528587095363589     
   144.000000000000000000000000000000000        0.10997316096887787     
   145.000000000000000000000000000000000        0.10472072266577166     
   146.000000000000000000000000000000000         9.9534821209639301E-002
   147.000000000000000000000000000000000         9.4420772421212454E-002
   148.000000000000000000000000000000000         8.9385998509240117E-002
   149.000000000000000000000000000000000         8.4436200545080622E-002
   150.000000000000000000000000000000000         7.9577396555980423E-002
   151.000000000000000000000000000000000         7.4815650870598063E-002
   152.000000000000000000000000000000000         7.0156595220924836E-002
   153.000000000000000000000000000000000         6.5605993751420871E-002
   154.000000000000000000000000000000000         6.1169416529315256E-002
   155.000000000000000000000000000000000         5.6852097713588332E-002
   156.000000000000000000000000000000000         5.2659543170014235E-002
   157.000000000000000000000000000000000         4.8596610861234742E-002
   158.000000000000000000000000000000000         4.4668374300554953E-002
   159.000000000000000000000000000000000         4.0879753098526185E-002
   160.000000000000000000000000000000000         3.7235118811244812E-002
   161.000000000000000000000000000000000         3.3739120183017272E-002
   162.000000000000000000000000000000000         3.0395985065121988E-002
   163.000000000000000000000000000000000         2.7209500562363875E-002
   164.000000000000000000000000000000000         2.4183878327285416E-002
   165.000000000000000000000000000000000         2.1322705888794320E-002
   166.000000000000000000000000000000000         1.8629530717712103E-002
   167.000000000000000000000000000000000         1.6107416035810826E-002
   168.000000000000000000000000000000000         1.3759654510318261E-002
   169.000000000000000000000000000000000         1.1589039372759435E-002
   170.000000000000000000000000000000000         9.5980915646532803E-003
   171.000000000000000000000000000000000         7.7895889777789377E-003
   172.000000000000000000000000000000000         6.1653784418505501E-003
   173.000000000000000000000000000000000         4.7275753922939598E-003
   174.000000000000000000000000000000000         3.4778502912311119E-003
   175.000000000000000000000000000000000         2.4179164395246684E-003
   176.000000000000000000000000000000000         1.5488976879887480E-003
   177.000000000000000000000000000000000         8.7186454636704630E-004
   178.000000000000000000000000000000000         3.8768893384462713E-004
   179.000000000000000000000000000000000         9.6951922642716772E-005
   180.000000000000000000000000000000000         2.3843057245972300E-015
   181.000000000000000000000000000000000         9.6953864975298382E-005
   182.000000000000000000000000000000000         3.8769631380561516E-004
   183.000000000000000000000000000000000         8.7187036390239570E-004
   184.000000000000000000000000000000000         1.5488898176762727E-003
   185.000000000000000000000000000000000         2.4179261039219938E-003
   186.000000000000000000000000000000000         3.4779232433912572E-003
   187.000000000000000000000000000000000         4.7275888564781996E-003
   188.000000000000000000000000000000000         6.1653945488130517E-003
   189.000000000000000000000000000000000         7.7896061761446372E-003
   190.000000000000000000000000000000000         9.5982734327427210E-003
   191.000000000000000000000000000000000         1.1589060221543369E-002
   192.000000000000000000000000000000000         1.3759679759835093E-002
   193.000000000000000000000000000000000         1.6107440433405191E-002
   194.000000000000000000000000000000000         1.8629516569075393E-002
   195.000000000000000000000000000000000         2.1322733716335904E-002
   196.000000000000000000000000000000000         2.4183898203486660E-002
   197.000000000000000000000000000000000         2.7209531684300115E-002
   198.000000000000000000000000000000000         3.0395872352598798E-002
   199.000000000000000000000000000000000         3.3739154447694035E-002
   200.000000000000000000000000000000000         3.7235219786264304E-002
   201.000000000000000000000000000000000         4.0879790338999425E-002
   202.000000000000000000000000000000000         4.4668300856209694E-002
   203.000000000000000000000000000000000         4.8596650896111281E-002
   204.000000000000000000000000000000000         5.2659573943933509E-002
   205.000000000000000000000000000000000         5.6852140347860160E-002
   206.000000000000000000000000000000000         6.1169499459987696E-002
   207.000000000000000000000000000000000         6.5606038777284242E-002
   208.000000000000000000000000000000000         7.0156664084918038E-002
   209.000000000000000000000000000000000         7.4815698068804670E-002
   210.000000000000000000000000000000000         7.9577402857959958E-002
   211.000000000000000000000000000000000         8.4436249685648779E-002
   212.000000000000000000000000000000000         8.9386027534885490E-002
   213.000000000000000000000000000000000         9.4420823264655049E-002
   214.000000000000000000000000000000000         9.9534402107796280E-002
   215.000000000000000000000000000000000        0.10472077496447829     
   216.000000000000000000000000000000000        0.10997316830942049     
   217.000000000000000000000000000000000        0.11528592445275020     
   218.000000000000000000000000000000000        0.12065192013574924     
   219.000000000000000000000000000000000        0.12606479938055892     
   220.000000000000000000000000000000000        0.13151791681956326     
   221.000000000000000000000000000000000        0.13700488614964712     
   222.000000000000000000000000000000000        0.14251875637233566     
   223.000000000000000000000000000000000        0.14805288575417247     
   224.000000000000000000000000000000000        0.15360043856333319     
   225.000000000000000000000000000000000        0.15915497344739790     
   226.000000000000000000000000000000000        0.16470939581355470     
   227.000000000000000000000000000000000        0.17025706097128576     
   228.000000000000000000000000000000000        0.17579131990505095     
   229.000000000000000000000000000000000        0.18130506006812153     
   230.000000000000000000000000000000000        0.18679224312156820     
   231.000000000000000000000000000000000        0.19224514599411810     
   232.000000000000000000000000000000000        0.19765826125805203     
   233.000000000000000000000000000000000        0.20302401974704209     
   234.000000000000000000000000000000000        0.20833682897278705     
   235.000000000000000000000000000000000        0.21358916773496792     
   236.000000000000000000000000000000000        0.21877574349065321     
   237.000000000000000000000000000000000        0.22388911761565630     
   238.000000000000000000000000000000000        0.22892414064954811     
   239.000000000000000000000000000000000        0.23387368906604741     
   240.000000000000000000000000000000000        0.23873261859697750     
   241.000000000000000000000000000000000        0.24349423825494360     
   242.000000000000000000000000000000000        0.24815334490823002     
   243.000000000000000000000000000000000        0.25270389483108052     
   244.000000000000000000000000000000000        0.25714072817176692     
   245.000000000000000000000000000000000        0.26145779027090121     
   246.000000000000000000000000000000000        0.26565048276101860     
   247.000000000000000000000000000000000        0.26971327647357302     
   248.000000000000000000000000000000000        0.27364123757594905     
   249.000000000000000000000000000000000        0.27743013353764895     
   250.000000000000000000000000000000000        0.28107462155198554     
   251.000000000000000000000000000000000        0.28457076570916617     
   252.000000000000000000000000000000000        0.28791378774769294     
   253.000000000000000000000000000000000        0.29110038454417442     
   254.000000000000000000000000000000000        0.29412589291569485     
   255.000000000000000000000000000000000        0.29698717839417682     
   256.000000000000000000000000000000000        0.29968025135750759     
   257.000000000000000000000000000000000        0.30220246738957851     
   258.000000000000000000000000000000000        0.30455039791821437     
   259.000000000000000000000000000000000        0.30672084316540632     
   260.000000000000000000000000000000000        0.30871126111227104     
   261.000000000000000000000000000000000        0.31052029264786540     
   262.000000000000000000000000000000000        0.31214392822707537     
   263.000000000000000000000000000000000        0.31358230529974207     
   264.000000000000000000000000000000000        0.31483171127095683     
   265.000000000000000000000000000000000        0.31589196330250452     
   266.000000000000000000000000000000000        0.31676086289634198     
   267.000000000000000000000000000000000        0.31743801423401724     
   268.000000000000000000000000000000000        0.31792192236699612     
   269.000000000000000000000000000000000        0.31821292588898420     
   270.000000000000000000000000000000000        0.31830973636707427     
   271.000000000000000000000000000000000        0.31821292297546050     
   272.000000000000000000000000000000000        0.31792191164228101     
   273.000000000000000000000000000000000        0.31743800550774304     
   274.000000000000000000000000000000000        0.31676114055859772     
   275.000000000000000000000000000000000        0.31589194880609534     
   276.000000000000000000000000000000000        0.31483221743025752     
   277.000000000000000000000000000000000        0.31358228510351721     
   278.000000000000000000000000000000000        0.31214462884286365     
   279.000000000000000000000000000000000        0.31052026685027656     
   280.000000000000000000000000000000000        0.30871191124173880     
   281.000000000000000000000000000000000        0.30672081189232786     
   282.000000000000000000000000000000000        0.30455061229501978     
   283.000000000000000000000000000000000        0.30220243079320191     
   284.000000000000000000000000000000000        0.29968059822779902     
   285.000000000000000000000000000000000        0.29698713665281906     
   286.000000000000000000000000000000000        0.29412611168967279     
   287.000000000000000000000000000000000        0.29110033786123957     
   288.000000000000000000000000000000000        0.28791420951209729     
   289.000000000000000000000000000000000        0.28457071431203457     
   290.000000000000000000000000000000000        0.28107458824769438     
   291.000000000000000000000000000000000        0.27743007767685079     
   292.000000000000000000000000000000000        0.27364150689518546     
   293.000000000000000000000000000000000        0.26971321642121265     
   294.000000000000000000000000000000000        0.26565068300920575     
   295.000000000000000000000000000000000        0.26145772631951575     
   296.000000000000000000000000000000000        0.25714052679600530     
   297.000000000000000000000000000000000        0.25270382729228541     
   298.000000000000000000000000000000000        0.24815350740456477     
   299.000000000000000000000000000000000        0.24349416745778110     
   300.000000000000000000000000000000000        0.23873281271075927     
   301.000000000000000000000000000000000        0.23387361535524190     
   302.000000000000000000000000000000000        0.22892408851010895     
   303.000000000000000000000000000000000        0.22388904135048965     
   304.000000000000000000000000000000000        0.21877583447739238     
   305.000000000000000000000000000000000        0.21358908928686707     
   306.000000000000000000000000000000000        0.20833669752276460     
   307.000000000000000000000000000000000        0.20302393949854175     
   308.000000000000000000000000000000000        0.19765784090580338     
   309.000000000000000000000000000000000        0.19224506433567487     
   310.000000000000000000000000000000000        0.18679182283036952     
   311.000000000000000000000000000000000        0.18130497739798804     
   312.000000000000000000000000000000000        0.17579118463620458     
   313.000000000000000000000000000000000        0.17025697769198597     
   314.000000000000000000000000000000000        0.16470927388183712     
   315.000000000000000000000000000000000        0.15915488996487695     
   316.000000000000000000000000000000000        0.15360005228749193     
   317.000000000000000000000000000000000        0.14805280247489638     
   318.000000000000000000000000000000000        0.14251853770999370     
   319.000000000000000000000000000000000        0.13700480347954916     
   320.000000000000000000000000000000000        0.13151753663910193     
   321.000000000000000000000000000000000        0.12606471772225034     
   322.000000000000000000000000000000000        0.12065174086042317     
   323.000000000000000000000000000000000        0.11528584420415165     
   324.000000000000000000000000000000000        0.10997319810559400     
   325.000000000000000000000000000000000        0.10472069651642690     
   326.000000000000000000000000000000000         9.9534391541791972E-002
   327.000000000000000000000000000000000         9.4420746999542671E-002
   328.000000000000000000000000000000000         8.9385826215881911E-002
   329.000000000000000000000000000000000         8.4436175974824612E-002
   330.000000000000000000000000000000000         7.9577394453316852E-002
   331.000000000000000000000000000000000         7.4815627271545906E-002
   332.000000000000000000000000000000000         7.0156851787534766E-002
   333.000000000000000000000000000000000         6.5605971238407779E-002
   334.000000000000000000000000000000000         6.1169321765620288E-002
   335.000000000000000000000000000000000         5.6852076396504518E-002
   336.000000000000000000000000000000000         5.2659355632048037E-002
   337.000000000000000000000000000000000         4.8596590843723760E-002
   338.000000000000000000000000000000000         4.4668369277580867E-002
   339.000000000000000000000000000000000         4.0879734478294821E-002
   340.000000000000000000000000000000000         3.7235120296778286E-002
   341.000000000000000000000000000000000         3.3739103050658373E-002
   342.000000000000000000000000000000000         3.0395821976578859E-002
   343.000000000000000000000000000000000         2.7209485001434094E-002
   344.000000000000000000000000000000000         2.4183616496228549E-002
   345.000000000000000000000000000000000         2.1322691975041105E-002
   346.000000000000000000000000000000000         1.8629419198459892E-002
   347.000000000000000000000000000000000         1.6107403837050806E-002
   348.000000000000000000000000000000000         1.3759637051001453E-002
   349.000000000000000000000000000000000         1.1589028948399437E-002
   350.000000000000000000000000000000000         9.5981980910921361E-003
   351.000000000000000000000000000000000         7.7895803786064369E-003
   352.000000000000000000000000000000000         6.1654594186916420E-003
   353.000000000000000000000000000000000         4.7275686602052322E-003
   354.000000000000000000000000000000000         3.4779044704251836E-003
   355.000000000000000000000000000000000         2.4179116073325337E-003
   356.000000000000000000000000000000000         1.5488754815833133E-003
   357.000000000000000000000000000000000         8.7186163760098810E-004
   358.000000000000000000000000000000000         3.8769063345915725E-004
   359.000000000000000000000000000000000         9.6950951482354669E-005
   360.000000000000000000000000000000000         3.4864347740862878E-013
