   1.00000000000000000000000000000000000         9.6952893807989999E-005
   2.00000000000000000000000000000000000         3.8769345305537353E-004
   3.00000000000000000000000000000000000         8.7186745512703016E-004
   4.00000000000000000000000000000000000         1.5488700563896596E-003
   5.00000000000000000000000000000000000         2.4179212717248513E-003
   6.00000000000000000000000000000000000         3.4779171270670549E-003
   7.00000000000000000000000000000000000         4.7275821243759559E-003
   8.00000000000000000000000000000000000         6.1654683516176988E-003
   9.00000000000000000000000000000000000         7.7895975769694545E-003
   10.0000000000000000000000000000000000         9.5982164406181614E-003
   11.0000000000000000000000000000000000         1.1589049797132253E-002
   12.0000000000000000000000000000000000         1.3759557099905877E-002
   13.0000000000000000000000000000000000         1.6107428234632997E-002
   14.0000000000000000000000000000000000         1.8629468174476086E-002
   15.0000000000000000000000000000000000         2.1322719802566573E-002
   16.0000000000000000000000000000000000         2.4183746496333050E-002
   17.0000000000000000000000000000000000         2.7209516123326175E-002
   18.0000000000000000000000000000000000         3.0395862539042955E-002
   19.0000000000000000000000000000000000         3.3739137315353801E-002
   20.0000000000000000000000000000000000         3.7235375168024672E-002
   21.0000000000000000000000000000000000         4.0879771718803158E-002
   22.0000000000000000000000000000000000         4.4668466665104822E-002
   23.0000000000000000000000000000000000         4.8596630878628512E-002
   24.0000000000000000000000000000000000         5.2659403559230197E-002
   25.0000000000000000000000000000000000         5.6852119030706243E-002
   26.0000000000000000000000000000000000         6.1169434458883599E-002
   27.0000000000000000000000000000000000         6.5606016264334932E-002
   28.0000000000000000000000000000000000         7.0156603640475643E-002
   29.0000000000000000000000000000000000         7.4815674469715529E-002
   30.0000000000000000000000000000000000         7.9577556084049234E-002
   31.0000000000000000000000000000000000         8.4436225115297081E-002
   32.0000000000000000000000000000000000         8.9385575900871678E-002
   33.0000000000000000000000000000000000         9.4420797842930795E-002
   34.0000000000000000000000000000000000         9.9534459292974331E-002
   35.0000000000000000000000000000000000        0.10472074881507613     
   36.0000000000000000000000000000000000        0.10997390753243591     
   37.0000000000000000000000000000000000        0.11528589770322517     
   38.0000000000000000000000000000000000        0.12065189152203962     
   39.0000000000000000000000000000000000        0.12606477216110118     
   40.0000000000000000000000000000000000        0.13151770966241172     
   41.0000000000000000000000000000000000        0.13700485859299513     
   42.0000000000000000000000000000000000        0.14251857536779988     
   43.0000000000000000000000000000000000        0.14805285799437459     
   44.0000000000000000000000000000000000        0.15360083602831018     
   45.0000000000000000000000000000000000        0.15915494561988880     
   46.0000000000000000000000000000000000        0.16470945030278517     
   47.0000000000000000000000000000000000        0.17025703321149438     
   48.0000000000000000000000000000000000        0.17579099938110149     
   49.0000000000000000000000000000000000        0.18130503251146493     
   50.0000000000000000000000000000000000        0.18679201956629266     
   51.0000000000000000000000000000000000        0.19224511877458531     
   52.0000000000000000000000000000000000        0.19765838691869220     
   53.0000000000000000000000000000000000        0.20302399299752541     
   54.0000000000000000000000000000000000        0.20833630026510944     
   55.0000000000000000000000000000000000        0.21358914158559703     
   56.0000000000000000000000000000000000        0.21877562053088304     
   57.0000000000000000000000000000000000        0.22388909219393222     
   58.0000000000000000000000000000000000        0.22892393794004917     
   59.0000000000000000000000000000000000        0.23387366449574826     
   60.0000000000000000000000000000000000        0.23873184804053998     
   61.0000000000000000000000000000000000        0.24349421465591536     
   62.0000000000000000000000000000000000        0.24815317126582562     
   63.0000000000000000000000000000000000        0.25270387231809421     
   64.0000000000000000000000000000000000        0.25714045097489202     
   65.0000000000000000000000000000000000        0.26145776895389172     
   66.0000000000000000000000000000000000        0.26565026456936525     
   67.0000000000000000000000000000000000        0.26971325645611727     
   68.0000000000000000000000000000000000        0.27364161026986217     
   69.0000000000000000000000000000000000        0.27743011491737873     
   70.0000000000000000000000000000000000        0.28107504875403372     
   71.0000000000000000000000000000000000        0.28457074857675346     
   72.0000000000000000000000000000000000        0.28791388706407017     
   73.0000000000000000000000000000000000        0.29110036898314728     
   74.0000000000000000000000000000000000        0.29412561448173530     
   75.0000000000000000000000000000000000        0.29698716448041490     
   76.0000000000000000000000000000000000        0.29968009717134753     
   77.0000000000000000000000000000000000        0.30220245519077743     
   78.0000000000000000000000000000000000        0.30454993585544926     
   79.0000000000000000000000000000000000        0.30672083274110395     
   80.0000000000000000000000000000000000        0.30871221698469387     
   81.0000000000000000000000000000000000        0.31052028404867971     
   82.0000000000000000000000000000000000        0.31214454622874227     
   83.0000000000000000000000000000000000        0.31358229856776082     
   84.0000000000000000000000000000000000        0.31483140472335847     
   85.0000000000000000000000000000000000        0.31589195847037060     
   86.0000000000000000000000000000000000        0.31676120690303605     
   87.0000000000000000000000000000000000        0.31743801132531380     
   88.0000000000000000000000000000000000        0.31792218077728152     
   89.0000000000000000000000000000000000        0.31821292491786735     
   90.0000000000000000000000000000000000        0.31830967472574756     
   91.0000000000000000000000000000000000        0.31821292394662787     
   92.0000000000000000000000000000000000        0.31792220808173016     
   93.0000000000000000000000000000000000        0.31743800841643383     
   94.0000000000000000000000000000000000        0.31676107643903895     
   95.0000000000000000000000000000000000        0.31589195363826933     
   96.0000000000000000000000000000000000        0.31483191913775838     
   97.0000000000000000000000000000000000        0.31358229183564662     
   98.0000000000000000000000000000000000        0.31214435383214895     
   99.0000000000000000000000000000000000        0.31052027544932037     
   100.000000000000000000000000000000000        0.30871117867447773     
   101.000000000000000000000000000000000        0.30672082231673353     
   102.000000000000000000000000000000000        0.30455039280637553     
   103.000000000000000000000000000000000        0.30220244299203375     
   104.000000000000000000000000000000000        0.29968021242608761     
   105.000000000000000000000000000000000        0.29698715056662378     
   106.000000000000000000000000000000000        0.29412566573718724     
   107.000000000000000000000000000000000        0.29110035342215895     
   108.000000000000000000000000000000000        0.28791408060390467     
   109.000000000000000000000000000000000        0.28457073144452133     
   110.000000000000000000000000000000000        0.28107487392428843     
   111.000000000000000000000000000000000        0.27743009629705567     
   112.000000000000000000000000000000000        0.27364177667715434     
   113.000000000000000000000000000000000        0.26971323643866107     
   114.000000000000000000000000000000000        0.26565049110381772     
   115.000000000000000000000000000000000        0.26145774763670737     
   116.000000000000000000000000000000000        0.25714013538240199     
   117.000000000000000000000000000000000        0.25270384980527721     
   118.000000000000000000000000000000000        0.24815297903827369     
   119.000000000000000000000000000000000        0.24349419105667919     
   120.000000000000000000000000000000000        0.23873272354740566     
   121.000000000000000000000000000000000        0.23387363992555538     
   122.000000000000000000000000000000000        0.22892408880405146     
   123.000000000000000000000000000000000        0.22388906677214898     
   124.000000000000000000000000000000000        0.21877510644654566     
   125.000000000000000000000000000000000        0.21358911543626549     
   126.000000000000000000000000000000000        0.20833658611420891     
   127.000000000000000000000000000000000        0.20302396624798033     
   128.000000000000000000000000000000000        0.19765784232151670     
   129.000000000000000000000000000000000        0.19224509155524722     
   130.000000000000000000000000000000000        0.18679165705542686     
   131.000000000000000000000000000000000        0.18130500495470367     
   132.000000000000000000000000000000000        0.17579098602645113     
   133.000000000000000000000000000000000        0.17025700545180719     
   134.000000000000000000000000000000000        0.16470911223210963     
   135.000000000000000000000000000000000        0.15915491779234137     
   136.000000000000000000000000000000000        0.15360041761085935     
   137.000000000000000000000000000000000        0.14805283023471655     
   138.000000000000000000000000000000000        0.14251821232798406     
   139.000000000000000000000000000000000        0.13700483103621855     
   140.000000000000000000000000000000000        0.13151785854682344     
   141.000000000000000000000000000000000        0.12606474494170419     
   142.000000000000000000000000000000000        0.12065142443124638     
   143.000000000000000000000000000000000        0.11528587095363914     
   144.000000000000000000000000000000000        0.10997317062470448     
   145.000000000000000000000000000000000        0.10472072266577094     
   146.000000000000000000000000000000000         9.9534799623236053E-002
   147.000000000000000000000000000000000         9.4420772421212454E-002
   148.000000000000000000000000000000000         8.9385997773533302E-002
   149.000000000000000000000000000000000         8.4436200545080622E-002
   150.000000000000000000000000000000000         7.9577399451184930E-002
   151.000000000000000000000000000000000         7.4815650870598979E-002
   152.000000000000000000000000000000000         7.0156595864222238E-002
   153.000000000000000000000000000000000         6.5605993751418165E-002
   154.000000000000000000000000000000000         6.1169413179319933E-002
   155.000000000000000000000000000000000         5.6852097713588533E-002
   156.000000000000000000000000000000000         5.2659539706158255E-002
   157.000000000000000000000000000000000         4.8596610861232410E-002
   158.000000000000000000000000000000000         4.4668377904603054E-002
   159.000000000000000000000000000000000         4.0879753098526525E-002
   160.000000000000000000000000000000000         3.7235121426315271E-002
   161.000000000000000000000000000000000         3.3739120183016967E-002
   162.000000000000000000000000000000000         3.0395978953021013E-002
   163.000000000000000000000000000000000         2.7209500562364240E-002
   164.000000000000000000000000000000000         2.4183878556577002E-002
   165.000000000000000000000000000000000         2.1322705888794768E-002
   166.000000000000000000000000000000000         1.8629526646997043E-002
   167.000000000000000000000000000000000         1.6107416035811638E-002
   168.000000000000000000000000000000000         1.3759654637340291E-002
   169.000000000000000000000000000000000         1.1589039372759912E-002
   170.000000000000000000000000000000000         9.5980979759684431E-003
   171.000000000000000000000000000000000         7.7895889777789620E-003
   172.000000000000000000000000000000000         6.1653788064434190E-003
   173.000000000000000000000000000000000         4.7275753922936450E-003
   174.000000000000000000000000000000000         3.4778536637889018E-003
   175.000000000000000000000000000000000         2.4179164395246888E-003
   176.000000000000000000000000000000000         1.5488967785216425E-003
   177.000000000000000000000000000000000         8.7186454636688975E-004
   178.000000000000000000000000000000000         3.8768907549601187E-004
   179.000000000000000000000000000000000         9.6951922642670856E-005
   180.000000000000000000000000000000000         2.3869554152259772E-015
   181.000000000000000000000000000000000         9.6953864975327222E-005
   182.000000000000000000000000000000000         3.8769626327809912E-004
   183.000000000000000000000000000000000         8.7187036390243852E-004
   184.000000000000000000000000000000000         1.5488897662335000E-003
   185.000000000000000000000000000000000         2.4179261039222444E-003
   186.000000000000000000000000000000000         3.4779232433905616E-003
   187.000000000000000000000000000000000         4.7275888564776557E-003
   188.000000000000000000000000000000000         6.1653948712990115E-003
   189.000000000000000000000000000000000         7.7896061761444906E-003
   190.000000000000000000000000000000000         9.5982708972088947E-003
   191.000000000000000000000000000000000         1.1589060221542326E-002
   192.000000000000000000000000000000000         1.3759679743309852E-002
   193.000000000000000000000000000000000         1.6107440433405014E-002
   194.000000000000000000000000000000000         1.8629514711391359E-002
   195.000000000000000000000000000000000         2.1322733716336025E-002
   196.000000000000000000000000000000000         2.4183898961156868E-002
   197.000000000000000000000000000000000         2.7209531684299567E-002
   198.000000000000000000000000000000000         3.0395874230928575E-002
   199.000000000000000000000000000000000         3.3739154447694084E-002
   200.000000000000000000000000000000000         3.7235218818883246E-002
   201.000000000000000000000000000000000         4.0879790339001777E-002
   202.000000000000000000000000000000000         4.4668310619898524E-002
   203.000000000000000000000000000000000         4.8596650896110670E-002
   204.000000000000000000000000000000000         5.2659571061718383E-002
   205.000000000000000000000000000000000         5.6852140347859501E-002
   206.000000000000000000000000000000000         6.1169493963074618E-002
   207.000000000000000000000000000000000         6.5606038777283396E-002
   208.000000000000000000000000000000000         7.0156663479652298E-002
   209.000000000000000000000000000000000         7.4815698068803921E-002
   210.000000000000000000000000000000000         7.9577408055181292E-002
   211.000000000000000000000000000000000         8.4436249685645545E-002
   212.000000000000000000000000000000000         8.9386027952849015E-002
   213.000000000000000000000000000000000         9.4420823264654716E-002
   214.000000000000000000000000000000000         9.9534406384287358E-002
   215.000000000000000000000000000000000        0.10472077496447488     
   216.000000000000000000000000000000000        0.10997318047022155     
   217.000000000000000000000000000000000        0.11528592445275189     
   218.000000000000000000000000000000000        0.12065191940899041     
   219.000000000000000000000000000000000        0.12606479938055912     
   220.000000000000000000000000000000000        0.13151792177959765     
   221.000000000000000000000000000000000        0.13700488614964978     
   222.000000000000000000000000000000000        0.14251875611208195     
   223.000000000000000000000000000000000        0.14805288575417139     
   224.000000000000000000000000000000000        0.15360044446725207     
   225.000000000000000000000000000000000        0.15915497344739946     
   226.000000000000000000000000000000000        0.16470939608961177     
   227.000000000000000000000000000000000        0.17025706097128235     
   228.000000000000000000000000000000000        0.17579131303543291     
   229.000000000000000000000000000000000        0.18130506006812130     
   230.000000000000000000000000000000000        0.18679222639761495     
   231.000000000000000000000000000000000        0.19224514599411349     
   232.000000000000000000000000000000000        0.19765824898670614     
   233.000000000000000000000000000000000        0.20302401974704484     
   234.000000000000000000000000000000000        0.20833681385635450     
   235.000000000000000000000000000000000        0.21358916773496484     
   236.000000000000000000000000000000000        0.21877572801803921     
   237.000000000000000000000000000000000        0.22388911761565658     
   238.000000000000000000000000000000000        0.22892412768595685     
   239.000000000000000000000000000000000        0.23387368906604769     
   240.000000000000000000000000000000000        0.23873260879093169     
   241.000000000000000000000000000000000        0.24349423825494360     
   242.000000000000000000000000000000000        0.24815334144800330     
   243.000000000000000000000000000000000        0.25270389483108219     
   244.000000000000000000000000000000000        0.25714071743324979     
   245.000000000000000000000000000000000        0.26145779027090577     
   246.000000000000000000000000000000000        0.26565047862789098     
   247.000000000000000000000000000000000        0.26971327647357130     
   248.000000000000000000000000000000000        0.27364124908809656     
   249.000000000000000000000000000000000        0.27743013353764662     
   250.000000000000000000000000000000000        0.28107462695374769     
   251.000000000000000000000000000000000        0.28457076570916617     
   252.000000000000000000000000000000000        0.28791380005162714     
   253.000000000000000000000000000000000        0.29110038454417142     
   254.000000000000000000000000000000000        0.29412589892025998     
   255.000000000000000000000000000000000        0.29698717839417199     
   256.000000000000000000000000000000000        0.29968026102068496     
   257.000000000000000000000000000000000        0.30220246738957851     
   258.000000000000000000000000000000000        0.30455038848112048     
   259.000000000000000000000000000000000        0.30672084316540760     
   260.000000000000000000000000000000000        0.30871128378927498     
   261.000000000000000000000000000000000        0.31052029264786296     
   262.000000000000000000000000000000000        0.31214395942797651     
   263.000000000000000000000000000000000        0.31358230529974329     
   264.000000000000000000000000000000000        0.31483172540698967     
   265.000000000000000000000000000000000        0.31589196330250890     
   266.000000000000000000000000000000000        0.31676087032658073     
   267.000000000000000000000000000000000        0.31743801423401791     
   268.000000000000000000000000000000000        0.31792193689543741     
   269.000000000000000000000000000000000        0.31821292588898231     
   270.000000000000000000000000000000000        0.31830974411206969     
   271.000000000000000000000000000000000        0.31821292297545989     
   272.000000000000000000000000000000000        0.31792192644002237     
   273.000000000000000000000000000000000        0.31743800550774176     
   274.000000000000000000000000000000000        0.31676113209428741     
   275.000000000000000000000000000000000        0.31589194880608906     
   276.000000000000000000000000000000000        0.31483220280165775     
   277.000000000000000000000000000000000        0.31358228510351599     
   278.000000000000000000000000000000000        0.31214462028406764     
   279.000000000000000000000000000000000        0.31052026685027656     
   280.000000000000000000000000000000000        0.30871189662851611     
   281.000000000000000000000000000000000        0.30672081189232603     
   282.000000000000000000000000000000000        0.30455058921329103     
   283.000000000000000000000000000000000        0.30220243079320253     
   284.000000000000000000000000000000000        0.29968058667872299     
   285.000000000000000000000000000000000        0.29698713665281723     
   286.000000000000000000000000000000000        0.29412610324297267     
   287.000000000000000000000000000000000        0.29110033786123957     
   288.000000000000000000000000000000000        0.28791419594601730     
   289.000000000000000000000000000000000        0.28457071431204045     
   290.000000000000000000000000000000000        0.28107459253092415     
   291.000000000000000000000000000000000        0.27743007767685018     
   292.000000000000000000000000000000000        0.27364150042320656     
   293.000000000000000000000000000000000        0.26971321642121093     
   294.000000000000000000000000000000000        0.26565066446465235     
   295.000000000000000000000000000000000        0.26145772631952030     
   296.000000000000000000000000000000000        0.25714052350752148     
   297.000000000000000000000000000000000        0.25270382729228430     
   298.000000000000000000000000000000000        0.24815349121320457     
   299.000000000000000000000000000000000        0.24349416745777536     
   300.000000000000000000000000000000000        0.23873278826669136     
   301.000000000000000000000000000000000        0.23387361535524459     
   302.000000000000000000000000000000000        0.22892407428859241     
   303.000000000000000000000000000000000        0.22388904135049045     
   304.000000000000000000000000000000000        0.21877580975254790     
   305.000000000000000000000000000000000        0.21358908928687040     
   306.000000000000000000000000000000000        0.20833668526640772     
   307.000000000000000000000000000000000        0.20302393949853725     
   308.000000000000000000000000000000000        0.19765784728003322     
   309.000000000000000000000000000000000        0.19224506433567781     
   310.000000000000000000000000000000000        0.18679182468207556     
   311.000000000000000000000000000000000        0.18130497739798640     
   312.000000000000000000000000000000000        0.17579118063711308     
   313.000000000000000000000000000000000        0.17025697769198572     
   314.000000000000000000000000000000000        0.16470927627327700     
   315.000000000000000000000000000000000        0.15915488996487384     
   316.000000000000000000000000000000000        0.15360007483118290     
   317.000000000000000000000000000000000        0.14805280247489722     
   318.000000000000000000000000000000000        0.14251854490232446     
   319.000000000000000000000000000000000        0.13700480347954855     
   320.000000000000000000000000000000000        0.13151755797088857     
   321.000000000000000000000000000000000        0.12606471772225072     
   322.000000000000000000000000000000000        0.12065174553325228     
   323.000000000000000000000000000000000        0.11528584420415165     
   324.000000000000000000000000000000000        0.10997320426679245     
   325.000000000000000000000000000000000        0.10472069651642726     
   326.000000000000000000000000000000000         9.9534392145881861E-002
   327.000000000000000000000000000000000         9.4420746999540117E-002
   328.000000000000000000000000000000000         8.9385833572597731E-002
   329.000000000000000000000000000000000         8.4436175974824931E-002
   330.000000000000000000000000000000000         7.9577396139912590E-002
   331.000000000000000000000000000000000         7.4815627271544990E-002
   332.000000000000000000000000000000000         7.0156837066166280E-002
   333.000000000000000000000000000000000         6.5605971238408917E-002
   334.000000000000000000000000000000000         6.1169322417565432E-002
   335.000000000000000000000000000000000         5.6852076396502402E-002
   336.000000000000000000000000000000000         5.2659361336216889E-002
   337.000000000000000000000000000000000         4.8596590843724981E-002
   338.000000000000000000000000000000000         4.4668372095494811E-002
   339.000000000000000000000000000000000         4.0879734478294037E-002
   340.000000000000000000000000000000000         3.7235121847413954E-002
   341.000000000000000000000000000000000         3.3739103050659448E-002
   342.000000000000000000000000000000000         3.0395823926676824E-002
   343.000000000000000000000000000000000         2.7209485001433043E-002
   344.000000000000000000000000000000000         2.4183630301569566E-002
   345.000000000000000000000000000000000         2.1322691975041184E-002
   346.000000000000000000000000000000000         1.8629420537364855E-002
   347.000000000000000000000000000000000         1.6107403837050348E-002
   348.000000000000000000000000000000000         1.3759637515432500E-002
   349.000000000000000000000000000000000         1.1589028948399333E-002
   350.000000000000000000000000000000000         9.5981981263812410E-003
   351.000000000000000000000000000000000         7.7895803786063268E-003
   352.000000000000000000000000000000000         6.1654549125483389E-003
   353.000000000000000000000000000000000         4.7275686602052608E-003
   354.000000000000000000000000000000000         3.4779045482246761E-003
   355.000000000000000000000000000000000         2.4179116073324552E-003
   356.000000000000000000000000000000000         1.5488755794573939E-003
   357.000000000000000000000000000000000         8.7186163760105359E-004
   358.000000000000000000000000000000000         3.8769057506908008E-004
   359.000000000000000000000000000000000         9.6950951482342539E-005
   360.000000000000000000000000000000000         3.0536389025830746E-013
