   1.00000000000000000000000000000000000         9.6952893807310692E-005
   2.00000000000000000000000000000000000         3.8769345305411001E-004
   3.00000000000000000000000000000000000         8.7186745512888122E-004
   4.00000000000000000000000000000000000         1.5488759677086078E-003
   5.00000000000000000000000000000000000         2.4179212717239862E-003
   6.00000000000000000000000000000000000         3.4779172577849076E-003
   7.00000000000000000000000000000000000         4.7275821243763531E-003
   8.00000000000000000000000000000000000         6.1654384616604413E-003
   9.00000000000000000000000000000000000         7.7895975769645357E-003
   10.0000000000000000000000000000000000         9.5982169655945641E-003
   11.0000000000000000000000000000000000         1.1589049797137535E-002
   12.0000000000000000000000000000000000         1.3759600999659765E-002
   13.0000000000000000000000000000000000         1.6107428234623775E-002
   14.0000000000000000000000000000000000         1.8629468775614194E-002
   15.0000000000000000000000000000000000         2.1322719802568089E-002
   16.0000000000000000000000000000000000         2.4183806095273937E-002
   17.0000000000000000000000000000000000         2.7209516123326047E-002
   18.0000000000000000000000000000000000         3.0395873467491535E-002
   19.0000000000000000000000000000000000         3.3739137315353940E-002
   20.0000000000000000000000000000000000         3.7235299705642155E-002
   21.0000000000000000000000000000000000         4.0879771718794991E-002
   22.0000000000000000000000000000000000         4.4668463723621085E-002
   23.0000000000000000000000000000000000         4.8596630878636159E-002
   24.0000000000000000000000000000000000         5.2659442006304839E-002
   25.0000000000000000000000000000000000         5.6852119030709684E-002
   26.0000000000000000000000000000000000         6.1169411935432731E-002
   27.0000000000000000000000000000000000         6.5606016264329783E-002
   28.0000000000000000000000000000000000         7.0156614061290465E-002
   29.0000000000000000000000000000000000         7.4815674469708660E-002
   30.0000000000000000000000000000000000         7.9577523374467551E-002
   31.0000000000000000000000000000000000         8.4436225115313152E-002
   32.0000000000000000000000000000000000         8.9385747572963040E-002
   33.0000000000000000000000000000000000         9.4420797842928880E-002
   34.0000000000000000000000000000000000         9.9534457255240488E-002
   35.0000000000000000000000000000000000        0.10472074881508181     
   36.0000000000000000000000000000000000        0.10997369231943475     
   37.0000000000000000000000000000000000        0.11528589770322822     
   38.0000000000000000000000000000000000        0.12065188693036362     
   39.0000000000000000000000000000000000        0.12606477216111273     
   40.0000000000000000000000000000000000        0.13151781641645635     
   41.0000000000000000000000000000000000        0.13700485859298589     
   42.0000000000000000000000000000000000        0.14251863411379148     
   43.0000000000000000000000000000000000        0.14805285799438850     
   44.0000000000000000000000000000000000        0.15360071037683570     
   45.0000000000000000000000000000000000        0.15915494561988791     
   46.0000000000000000000000000000000000        0.16470941975197456     
   47.0000000000000000000000000000000000        0.17025703321148905     
   48.0000000000000000000000000000000000        0.17579106572925743     
   49.0000000000000000000000000000000000        0.18130503251143670     
   50.0000000000000000000000000000000000        0.18679197677953155     
   51.0000000000000000000000000000000000        0.19224511877459283     
   52.0000000000000000000000000000000000        0.19765823826748172     
   53.0000000000000000000000000000000000        0.20302399299753296     
   54.0000000000000000000000000000000000        0.20833639005796184     
   55.0000000000000000000000000000000000        0.21358914158559444     
   56.0000000000000000000000000000000000        0.21877554761156481     
   57.0000000000000000000000000000000000        0.22388909219393482     
   58.0000000000000000000000000000000000        0.22892391491531749     
   59.0000000000000000000000000000000000        0.23387366449577110     
   60.0000000000000000000000000000000000        0.23873207259349308     
   61.0000000000000000000000000000000000        0.24349421465589022     
   62.0000000000000000000000000000000000        0.24815320589688458     
   63.0000000000000000000000000000000000        0.25270387231812458     
   64.0000000000000000000000000000000000        0.25714047462762663     
   65.0000000000000000000000000000000000        0.26145776895387629     
   66.0000000000000000000000000000000000        0.26565031291611640     
   67.0000000000000000000000000000000000        0.26971325645610938     
   68.0000000000000000000000000000000000        0.27364153811734093     
   69.0000000000000000000000000000000000        0.27743011491736680     
   70.0000000000000000000000000000000000        0.28107491165606119     
   71.0000000000000000000000000000000000        0.28457074857678571     
   72.0000000000000000000000000000000000        0.28791392986400105     
   73.0000000000000000000000000000000000        0.29110036898315139     
   74.0000000000000000000000000000000000        0.29412576193524420     
   75.0000000000000000000000000000000000        0.29698716448038198     
   76.0000000000000000000000000000000000        0.29968022249365894     
   77.0000000000000000000000000000000000        0.30220245519078170     
   78.0000000000000000000000000000000000        0.30455004615349196     
   79.0000000000000000000000000000000000        0.30672083274108713     
   80.0000000000000000000000000000000000        0.30871199848782782     
   81.0000000000000000000000000000000000        0.31052028404866300     
   82.0000000000000000000000000000000000        0.31214452337151988     
   83.0000000000000000000000000000000000        0.31358229856773112     
   84.0000000000000000000000000000000000        0.31483162534288711     
   85.0000000000000000000000000000000000        0.31589195847037510     
   86.0000000000000000000000000000000000        0.31676112283242375     
   87.0000000000000000000000000000000000        0.31743801132529653     
   88.0000000000000000000000000000000000        0.31792218238486969     
   89.0000000000000000000000000000000000        0.31821292491783354     
   90.0000000000000000000000000000000000        0.31830975482351831     
   91.0000000000000000000000000000000000        0.31821292394662748     
   92.0000000000000000000000000000000000        0.31792219812710448     
   93.0000000000000000000000000000000000        0.31743800841645547     
   94.0000000000000000000000000000000000        0.31676104241609881     
   95.0000000000000000000000000000000000        0.31589195363823924     
   96.0000000000000000000000000000000000        0.31483193409685323     
   97.0000000000000000000000000000000000        0.31358229183562164     
   98.0000000000000000000000000000000000        0.31214440400624610     
   99.0000000000000000000000000000000000        0.31052027544937877     
   100.000000000000000000000000000000000        0.30871136690960033     
   101.000000000000000000000000000000000        0.30672082231670894     
   102.000000000000000000000000000000000        0.30455031797466187     
   103.000000000000000000000000000000000        0.30220244299202498     
   104.000000000000000000000000000000000        0.29968028701765387     
   105.000000000000000000000000000000000        0.29698715056659558     
   106.000000000000000000000000000000000        0.29412578709697085     
   107.000000000000000000000000000000000        0.29110035342217871     
   108.000000000000000000000000000000000        0.28791404042151875     
   109.000000000000000000000000000000000        0.28457073144450595     
   110.000000000000000000000000000000000        0.28107479887338871     
   111.000000000000000000000000000000000        0.27743009629707488     
   112.000000000000000000000000000000000        0.27364163109333917     
   113.000000000000000000000000000000000        0.26971323643864997     
   114.000000000000000000000000000000000        0.26565044171466645     
   115.000000000000000000000000000000000        0.26145774763671820     
   116.000000000000000000000000000000000        0.25714027513486626     
   117.000000000000000000000000000000000        0.25270384980525140     
   118.000000000000000000000000000000000        0.24815308054553165     
   119.000000000000000000000000000000000        0.24349419105671480     
   120.000000000000000000000000000000000        0.23873259244213985     
   121.000000000000000000000000000000000        0.23387363992555157     
   122.000000000000000000000000000000000        0.22892399624724072     
   123.000000000000000000000000000000000        0.22388906677217951     
   124.000000000000000000000000000000000        0.21877522656936593     
   125.000000000000000000000000000000000        0.21358911543626188     
   126.000000000000000000000000000000000        0.20833655243383728     
   127.000000000000000000000000000000000        0.20302396624799057     
   128.000000000000000000000000000000000        0.19765789830141359     
   129.000000000000000000000000000000000        0.19224509155521408     
   130.000000000000000000000000000000000        0.18679174675245766     
   131.000000000000000000000000000000000        0.18130500495469404     
   132.000000000000000000000000000000000        0.17579104671303852     
   133.000000000000000000000000000000000        0.17025700545177605     
   134.000000000000000000000000000000000        0.16470920434224845     
   135.000000000000000000000000000000000        0.15915491779234739     
   136.000000000000000000000000000000000        0.15360044638539327     
   137.000000000000000000000000000000000        0.14805283023469332     
   138.000000000000000000000000000000000        0.14251840365994028     
   139.000000000000000000000000000000000        0.13700483103623390     
   140.000000000000000000000000000000000        0.13151789560517366     
   141.000000000000000000000000000000000        0.12606474494169884     
   142.000000000000000000000000000000000        0.12065159382849230     
   143.000000000000000000000000000000000        0.11528587095366093     
   144.000000000000000000000000000000000        0.10997323628433675     
   145.000000000000000000000000000000000        0.10472072266576606     
   146.000000000000000000000000000000000         9.9534652835755966E-002
   147.000000000000000000000000000000000         9.4420772421212454E-002
   148.000000000000000000000000000000000         8.9385992770727063E-002
   149.000000000000000000000000000000000         8.4436200545080622E-002
   150.000000000000000000000000000000000         7.9577419138576938E-002
   151.000000000000000000000000000000000         7.4815650870605169E-002
   152.000000000000000000000000000000000         7.0156600238644701E-002
   153.000000000000000000000000000000000         6.5605993751399791E-002
   154.000000000000000000000000000000000         6.1169390399354172E-002
   155.000000000000000000000000000000000         5.6852097713589470E-002
   156.000000000000000000000000000000000         5.2659516151940630E-002
   157.000000000000000000000000000000000         4.8596610861216992E-002
   158.000000000000000000000000000000000         4.4668402412133969E-002
   159.000000000000000000000000000000000         4.0879753098528440E-002
   160.000000000000000000000000000000000         3.7235139208796848E-002
   161.000000000000000000000000000000000         3.3739120183015232E-002
   162.000000000000000000000000000000000         3.0395937390750680E-002
   163.000000000000000000000000000000000         2.7209500562366401E-002
   164.000000000000000000000000000000000         2.4183880115759830E-002
   165.000000000000000000000000000000000         2.1322705888798092E-002
   166.000000000000000000000000000000000         1.8629498966146449E-002
   167.000000000000000000000000000000000         1.6107416035816884E-002
   168.000000000000000000000000000000000         1.3759655501090108E-002
   169.000000000000000000000000000000000         1.1589039372763279E-002
   170.000000000000000000000000000000000         9.5981415729683422E-003
   171.000000000000000000000000000000000         7.7895889777790306E-003
   172.000000000000000000000000000000000         6.1653812856752102E-003
   173.000000000000000000000000000000000         4.7275753922915815E-003
   174.000000000000000000000000000000000         3.4778765972252384E-003
   175.000000000000000000000000000000000         2.4179164395247677E-003
   176.000000000000000000000000000000000         1.5488905941524070E-003
   177.000000000000000000000000000000000         8.7186454636586105E-004
   178.000000000000000000000000000000000         3.8769003872611416E-004
   179.000000000000000000000000000000000         9.6951922642346896E-005
   180.000000000000000000000000000000000         2.4050123363332088E-015
   181.000000000000000000000000000000000         9.6953864975511591E-005
   182.000000000000000000000000000000000         3.8769591969107554E-004
   183.000000000000000000000000000000000         8.7187036390276443E-004
   184.000000000000000000000000000000000         1.5488894164226664E-003
   185.000000000000000000000000000000000         2.4179261039238916E-003
   186.000000000000000000000000000000000         3.4779232433858310E-003
   187.000000000000000000000000000000000         4.7275888564740545E-003
   188.000000000000000000000000000000000         6.1653970642037651E-003
   189.000000000000000000000000000000000         7.7896061761433587E-003
   190.000000000000000000000000000000000         9.5982536555877622E-003
   191.000000000000000000000000000000000         1.1589060221535379E-002
   192.000000000000000000000000000000000         1.3759679630938219E-002
   193.000000000000000000000000000000000         1.6107440433403741E-002
   194.000000000000000000000000000000000         1.8629502079142376E-002
   195.000000000000000000000000000000000         2.1322733716336948E-002
   196.000000000000000000000000000000000         2.4183904113314600E-002
   197.000000000000000000000000000000000         2.7209531684295719E-002
   198.000000000000000000000000000000000         3.0395887003572604E-002
   199.000000000000000000000000000000000         3.3739154447694569E-002
   200.000000000000000000000000000000000         3.7235212240692393E-002
   201.000000000000000000000000000000000         4.0879790339017646E-002
   202.000000000000000000000000000000000         4.4668377013010824E-002
   203.000000000000000000000000000000000         4.8596650896106680E-002
   204.000000000000000000000000000000000         5.2659551462657592E-002
   205.000000000000000000000000000000000         5.6852140347854803E-002
   206.000000000000000000000000000000000         6.1169456584072211E-002
   207.000000000000000000000000000000000         6.5606038777277595E-002
   208.000000000000000000000000000000000         7.0156659363845381E-002
   209.000000000000000000000000000000000         7.4815698068798758E-002
   210.000000000000000000000000000000000         7.9577443396290859E-002
   211.000000000000000000000000000000000         8.4436249685623618E-002
   212.000000000000000000000000000000000         8.9386030795001015E-002
   213.000000000000000000000000000000000         9.4420823264652384E-002
   214.000000000000000000000000000000000         9.9534435464429111E-002
   215.000000000000000000000000000000000        0.10472077496445167     
   216.000000000000000000000000000000000        0.10997326316368664     
   217.000000000000000000000000000000000        0.11528592445276342     
   218.000000000000000000000000000000000        0.12065191446703047     
   219.000000000000000000000000000000000        0.12606479938056050     
   220.000000000000000000000000000000000        0.13151795550783413     
   221.000000000000000000000000000000000        0.13700488614966791     
   222.000000000000000000000000000000000        0.14251875434235672     
   223.000000000000000000000000000000000        0.14805288575416423     
   224.000000000000000000000000000000000        0.15360048461390344     
   225.000000000000000000000000000000000        0.15915497344740986     
   226.000000000000000000000000000000000        0.16470939796679981     
   227.000000000000000000000000000000000        0.17025706097125912     
   228.000000000000000000000000000000000        0.17579126632203385     
   229.000000000000000000000000000000000        0.18130506006811950     
   230.000000000000000000000000000000000        0.18679211267475268     
   231.000000000000000000000000000000000        0.19224514599408224     
   232.000000000000000000000000000000000        0.19765816554156418     
   233.000000000000000000000000000000000        0.20302401974706330     
   234.000000000000000000000000000000000        0.20833671106462784     
   235.000000000000000000000000000000000        0.21358916773494421     
   236.000000000000000000000000000000000        0.21877562280427862     
   237.000000000000000000000000000000000        0.22388911761565800     
   238.000000000000000000000000000000000        0.22892403953354606     
   239.000000000000000000000000000000000        0.23387368906604988     
   240.000000000000000000000000000000000        0.23873254210982553     
   241.000000000000000000000000000000000        0.24349423825494318     
   242.000000000000000000000000000000000        0.24815331791846226     
   243.000000000000000000000000000000000        0.25270389483109362     
   244.000000000000000000000000000000000        0.25714064441133921     
   245.000000000000000000000000000000000        0.26145779027093663     
   246.000000000000000000000000000000000        0.26565045052262382     
   247.000000000000000000000000000000000        0.26971327647355953     
   248.000000000000000000000000000000000        0.27364132737070584     
   249.000000000000000000000000000000000        0.27743013353763069     
   250.000000000000000000000000000000000        0.28107466368573164     
   251.000000000000000000000000000000000        0.28457076570916617     
   252.000000000000000000000000000000000        0.28791388371838639     
   253.000000000000000000000000000000000        0.29110038454415105     
   254.000000000000000000000000000000000        0.29412593975130447     
   255.000000000000000000000000000000000        0.29698717839413907     
   256.000000000000000000000000000000000        0.29968032673029488     
   257.000000000000000000000000000000000        0.30220246738957851     
   258.000000000000000000000000000000000        0.30455032430888590     
   259.000000000000000000000000000000000        0.30672084316541592     
   260.000000000000000000000000000000000        0.30871143799292378     
   261.000000000000000000000000000000000        0.31052029264784614     
   262.000000000000000000000000000000000        0.31214417159414559     
   263.000000000000000000000000000000000        0.31358230529975178     
   264.000000000000000000000000000000000        0.31483182153202149     
   265.000000000000000000000000000000000        0.31589196330253860     
   266.000000000000000000000000000000000        0.31676092085220675     
   267.000000000000000000000000000000000        0.31743801423402213     
   268.000000000000000000000000000000000        0.31792203568884708     
   269.000000000000000000000000000000000        0.31821292588896954     
   270.000000000000000000000000000000000        0.31830979677804111     
   271.000000000000000000000000000000000        0.31821292297545561     
   272.000000000000000000000000000000000        0.31792202706467276     
   273.000000000000000000000000000000000        0.31743800550773327     
   274.000000000000000000000000000000000        0.31676107453698049     
   275.000000000000000000000000000000000        0.31589194880604665     
   276.000000000000000000000000000000000        0.31483210332718831     
   277.000000000000000000000000000000000        0.31358228510350750     
   278.000000000000000000000000000000000        0.31214456208425828     
   279.000000000000000000000000000000000        0.31052026685027656     
   280.000000000000000000000000000000000        0.30871179725861109     
   281.000000000000000000000000000000000        0.30672081189231348     
   282.000000000000000000000000000000000        0.30455043225755885     
   283.000000000000000000000000000000000        0.30220243079320669     
   284.000000000000000000000000000000000        0.29968050814501185     
   285.000000000000000000000000000000000        0.29698713665280491     
   286.000000000000000000000000000000000        0.29412604580541479     
   287.000000000000000000000000000000000        0.29110033786123957     
   288.000000000000000000000000000000000        0.28791410369668197     
   289.000000000000000000000000000000000        0.28457071431208075     
   290.000000000000000000000000000000000        0.28107462165688718     
   291.000000000000000000000000000000000        0.27743007767684624     
   292.000000000000000000000000000000000        0.27364145641375182     
   293.000000000000000000000000000000000        0.26971321642119916     
   294.000000000000000000000000000000000        0.26565053836170610     
   295.000000000000000000000000000000000        0.26145772631955116     
   296.000000000000000000000000000000000        0.25714050114583198     
   297.000000000000000000000000000000000        0.25270382729227669     
   298.000000000000000000000000000000000        0.24815338111196913     
   299.000000000000000000000000000000000        0.24349416745773622     
   300.000000000000000000000000000000000        0.23873262204706266     
   301.000000000000000000000000000000000        0.23387361535526285     
   302.000000000000000000000000000000000        0.22892397758229158     
   303.000000000000000000000000000000000        0.22388904135049581     
   304.000000000000000000000000000000000        0.21877564162364249     
   305.000000000000000000000000000000000        0.21358908928689307     
   306.000000000000000000000000000000000        0.20833660192319065     
   307.000000000000000000000000000000000        0.20302393949850664     
   308.000000000000000000000000000000000        0.19765789062479891     
   309.000000000000000000000000000000000        0.19224506433569766     
   310.000000000000000000000000000000000        0.18679183727367685     
   311.000000000000000000000000000000000        0.18130497739797513     
   312.000000000000000000000000000000000        0.17579115344329219     
   313.000000000000000000000000000000000        0.17025697769198417     
   314.000000000000000000000000000000000        0.16470929253506855     
   315.000000000000000000000000000000000        0.15915488996485277     
   316.000000000000000000000000000000000        0.15360022812832552     
   317.000000000000000000000000000000000        0.14805280247490304     
   318.000000000000000000000000000000000        0.14251859381017842     
   319.000000000000000000000000000000000        0.13700480347954436     
   320.000000000000000000000000000000000        0.13151770302708379     
   321.000000000000000000000000000000000        0.12606471772225339     
   322.000000000000000000000000000000000        0.12065177730849257     
   323.000000000000000000000000000000000        0.11528584420415165     
   324.000000000000000000000000000000000        0.10997324616294647     
   325.000000000000000000000000000000000        0.10472069651642971     
   326.000000000000000000000000000000000         9.9534396253693119E-002
   327.000000000000000000000000000000000         9.4420746999522714E-002
   328.000000000000000000000000000000000         8.9385883598273333E-002
   329.000000000000000000000000000000000         8.4436175974827124E-002
   330.000000000000000000000000000000000         7.9577407608764111E-002
   331.000000000000000000000000000000000         7.4815627271538801E-002
   332.000000000000000000000000000000000         7.0156736960901606E-002
   333.000000000000000000000000000000000         6.5605971238416660E-002
   334.000000000000000000000000000000000         6.1169326850792509E-002
   335.000000000000000000000000000000000         5.6852076396488004E-002
   336.000000000000000000000000000000000         5.2659400124573291E-002
   337.000000000000000000000000000000000         4.8596590843733301E-002
   338.000000000000000000000000000000000         4.4668391257312000E-002
   339.000000000000000000000000000000000         4.0879734478288694E-002
   340.000000000000000000000000000000000         3.7235132391737341E-002
   341.000000000000000000000000000000000         3.3739103050666727E-002
   342.000000000000000000000000000000000         3.0395837187344645E-002
   343.000000000000000000000000000000000         2.7209485001425882E-002
   344.000000000000000000000000000000000         2.4183724177992961E-002
   345.000000000000000000000000000000000         2.1322691975041736E-002
   346.000000000000000000000000000000000         1.8629429641919871E-002
   347.000000000000000000000000000000000         1.6107403837047236E-002
   348.000000000000000000000000000000000         1.3759640673563832E-002
   349.000000000000000000000000000000000         1.1589028948398621E-002
   350.000000000000000000000000000000000         9.5981983663471562E-003
   351.000000000000000000000000000000000         7.7895803786055774E-003
   352.000000000000000000000000000000000         6.1654242708175438E-003
   353.000000000000000000000000000000000         4.7275686602054551E-003
   354.000000000000000000000000000000000         3.4779050772612498E-003
   355.000000000000000000000000000000000         2.4179116073319218E-003
   356.000000000000000000000000000000000         1.5488762450012233E-003
   357.000000000000000000000000000000000         8.7186163760149952E-004
   358.000000000000000000000000000000000         3.8769017801666944E-004
   359.000000000000000000000000000000000         9.6950951482260072E-005
   360.000000000000000000000000000000000         8.7101164652000399E-014
