   1.00000000000000000000000000000000000         9.6952893806763861E-005
   2.00000000000000000000000000000000000         3.8769345305303231E-004
   3.00000000000000000000000000000000000         8.7186745513036321E-004
   4.00000000000000000000000000000000000         1.5488810097248600E-003
   5.00000000000000000000000000000000000         2.4179212717234089E-003
   6.00000000000000000000000000000000000         3.4779173692795484E-003
   7.00000000000000000000000000000000000         4.7275821243764676E-003
   8.00000000000000000000000000000000000         6.1654129673423879E-003
   9.00000000000000000000000000000000000         7.7895975769606230E-003
   10.0000000000000000000000000000000000         9.5982174133685642E-003
   11.0000000000000000000000000000000000         1.1589049797141700E-002
   12.0000000000000000000000000000000000         1.3759638443622832E-002
   13.0000000000000000000000000000000000         1.6107428234616313E-002
   14.0000000000000000000000000000000000         1.8629469288349649E-002
   15.0000000000000000000000000000000000         2.1322719802568908E-002
   16.0000000000000000000000000000000000         2.4183856929722726E-002
   17.0000000000000000000000000000000000         2.7209516123326449E-002
   18.0000000000000000000000000000000000         3.0395882788816875E-002
   19.0000000000000000000000000000000000         3.3739137315353496E-002
   20.0000000000000000000000000000000000         3.7235235340729256E-002
   21.0000000000000000000000000000000000         4.0879771718788649E-002
   22.0000000000000000000000000000000000         4.4668461214708563E-002
   23.0000000000000000000000000000000000         4.8596630878642008E-002
   24.0000000000000000000000000000000000         5.2659474799409009E-002
   25.0000000000000000000000000000000000         5.6852119030713334E-002
   26.0000000000000000000000000000000000         6.1169392724257324E-002
   27.0000000000000000000000000000000000         6.5606016264324635E-002
   28.0000000000000000000000000000000000         7.0156622949633124E-002
   29.0000000000000000000000000000000000         7.4815674469703594E-002
   30.0000000000000000000000000000000000         7.9577495475123772E-002
   31.0000000000000000000000000000000000         8.4436225115326030E-002
   32.0000000000000000000000000000000000         8.9385893999288896E-002
   33.0000000000000000000000000000000000         9.4420797842928131E-002
   34.0000000000000000000000000000000000         9.9534455517173395E-002
   35.0000000000000000000000000000000000        0.10472074881508572     
   36.0000000000000000000000000000000000        0.10997350875557076     
   37.0000000000000000000000000000000000        0.11528589770323180     
   38.0000000000000000000000000000000000        0.12065188301393416     
   39.0000000000000000000000000000000000        0.12606477216112155     
   40.0000000000000000000000000000000000        0.13151790747141101     
   41.0000000000000000000000000000000000        0.13700485859297906     
   42.0000000000000000000000000000000000        0.14251868422067623     
   43.0000000000000000000000000000000000        0.14805285799439932     
   44.0000000000000000000000000000000000        0.15360060320355984     
   45.0000000000000000000000000000000000        0.15915494561988827     
   46.0000000000000000000000000000000000        0.16470939369393245     
   47.0000000000000000000000000000000000        0.17025703321148336     
   48.0000000000000000000000000000000000        0.17579112232034150     
   49.0000000000000000000000000000000000        0.18130503251141378     
   50.0000000000000000000000000000000000        0.18679194028494506     
   51.0000000000000000000000000000000000        0.19224511877459810     
   52.0000000000000000000000000000000000        0.19765811147678755     
   53.0000000000000000000000000000000000        0.20302399299754062     
   54.0000000000000000000000000000000000        0.20833646664599828     
   55.0000000000000000000000000000000000        0.21358914158559100     
   56.0000000000000000000000000000000000        0.21877548541568537     
   57.0000000000000000000000000000000000        0.22388909219393835     
   58.0000000000000000000000000000000000        0.22892389527657669     
   59.0000000000000000000000000000000000        0.23387366449578928     
   60.0000000000000000000000000000000000        0.23873226412403656     
   61.0000000000000000000000000000000000        0.24349421465587004     
   62.0000000000000000000000000000000000        0.24815323543514267     
   63.0000000000000000000000000000000000        0.25270387231814734     
   64.0000000000000000000000000000000000        0.25714049480201878     
   65.0000000000000000000000000000000000        0.26145776895386630     
   66.0000000000000000000000000000000000        0.26565035415305471     
   67.0000000000000000000000000000000000        0.26971325645609950     
   68.0000000000000000000000000000000000        0.27364147657549215     
   69.0000000000000000000000000000000000        0.27743011491735992     
   70.0000000000000000000000000000000000        0.28107479471958163     
   71.0000000000000000000000000000000000        0.28457074857680975     
   72.0000000000000000000000000000000000        0.28791396636982702     
   73.0000000000000000000000000000000000        0.29110036898315833     
   74.0000000000000000000000000000000000        0.29412588770444276     
   75.0000000000000000000000000000000000        0.29698716448035040     
   76.0000000000000000000000000000000000        0.29968032938623934     
   77.0000000000000000000000000000000000        0.30220245519078875     
   78.0000000000000000000000000000000000        0.30455014023124999     
   79.0000000000000000000000000000000000        0.30672083274106932     
   80.0000000000000000000000000000000000        0.30871181212291493     
   81.0000000000000000000000000000000000        0.31052028404865223     
   82.0000000000000000000000000000000000        0.31214450387565434     
   83.0000000000000000000000000000000000        0.31358229856770226     
   84.0000000000000000000000000000000000        0.31483181351842859     
   85.0000000000000000000000000000000000        0.31589195847038237     
   86.0000000000000000000000000000000000        0.31676105112514563     
   87.0000000000000000000000000000000000        0.31743801132527838     
   88.0000000000000000000000000000000000        0.31792218375604780     
   89.0000000000000000000000000000000000        0.31821292491780812     
   90.0000000000000000000000000000000000        0.31830982314221312     
   91.0000000000000000000000000000000000        0.31821292394662387     
   92.0000000000000000000000000000000000        0.31792218963639451     
   93.0000000000000000000000000000000000        0.31743800841647724     
   94.0000000000000000000000000000000000        0.31676101339653367     
   95.0000000000000000000000000000000000        0.31589195363821032     
   96.0000000000000000000000000000000000        0.31483194685608146     
   97.0000000000000000000000000000000000        0.31358229183560360     
   98.0000000000000000000000000000000000        0.31214444680180276     
   99.0000000000000000000000000000000000        0.31052027544942540     
   100.000000000000000000000000000000000        0.30871152746313257     
   101.000000000000000000000000000000000        0.30672082231669112     
   102.000000000000000000000000000000000        0.30455025414761921     
   103.000000000000000000000000000000000        0.30220244299201432     
   104.000000000000000000000000000000000        0.29968035063987947     
   105.000000000000000000000000000000000        0.29698715056657454     
   106.000000000000000000000000000000000        0.29412589060974720     
   107.000000000000000000000000000000000        0.29110035342219265     
   108.000000000000000000000000000000000        0.28791400614830942     
   109.000000000000000000000000000000000        0.28457073144449563     
   110.000000000000000000000000000000000        0.28107473485939394     
   111.000000000000000000000000000000000        0.27743009629708842     
   112.000000000000000000000000000000000        0.27364150691893918     
   113.000000000000000000000000000000000        0.26971323643864331     
   114.000000000000000000000000000000000        0.26565039958862929     
   115.000000000000000000000000000000000        0.26145774763672475     
   116.000000000000000000000000000000000        0.25714039433552749     
   117.000000000000000000000000000000000        0.25270384980523197     
   118.000000000000000000000000000000000        0.24815316712526805     
   119.000000000000000000000000000000000        0.24349419105674427     
   120.000000000000000000000000000000000        0.23873248061708863     
   121.000000000000000000000000000000000        0.23387363992554921     
   122.000000000000000000000000000000000        0.22892391730174044     
   123.000000000000000000000000000000000        0.22388906677220466     
   124.000000000000000000000000000000000        0.21877532902709163     
   125.000000000000000000000000000000000        0.21358911543625964     
   126.000000000000000000000000000000000        0.20833652370646361     
   127.000000000000000000000000000000000        0.20302396624799857     
   128.000000000000000000000000000000000        0.19765794604897893     
   129.000000000000000000000000000000000        0.19224509155518651     
   130.000000000000000000000000000000000        0.18679182325876564     
   131.000000000000000000000000000000000        0.18130500495468510     
   132.000000000000000000000000000000000        0.17579109847513608     
   133.000000000000000000000000000000000        0.17025700545175015     
   134.000000000000000000000000000000000        0.16470928290679895     
   135.000000000000000000000000000000000        0.15915491779235186     
   136.000000000000000000000000000000000        0.15360047092838025     
   137.000000000000000000000000000000000        0.14805283023467414     
   138.000000000000000000000000000000000        0.14251856685494560     
   139.000000000000000000000000000000000        0.13700483103624636     
   140.000000000000000000000000000000000        0.13151792721377062     
   141.000000000000000000000000000000000        0.12606474494169490     
   142.000000000000000000000000000000000        0.12065173831447251     
   143.000000000000000000000000000000000        0.11528587095367891     
   144.000000000000000000000000000000000        0.10997329228815624     
   145.000000000000000000000000000000000        0.10472072266576246     
   146.000000000000000000000000000000000         9.9534527634755551E-002
   147.000000000000000000000000000000000         9.4420772421211913E-002
   148.000000000000000000000000000000000         8.9385988503627736E-002
   149.000000000000000000000000000000000         8.4436200545081178E-002
   150.000000000000000000000000000000000         7.9577435930766174E-002
   151.000000000000000000000000000000000         7.4815650870609929E-002
   152.000000000000000000000000000000000         7.0156603969769846E-002
   153.000000000000000000000000000000000         6.5605993751384609E-002
   154.000000000000000000000000000000000         6.1169370969386724E-002
   155.000000000000000000000000000000000         5.6852097713589803E-002
   156.000000000000000000000000000000000         5.2659496061582697E-002
   157.000000000000000000000000000000000         4.8596610861204266E-002
   158.000000000000000000000000000000000         4.4668423315621542E-002
   159.000000000000000000000000000000000         4.0879753098529696E-002
   160.000000000000000000000000000000000         3.7235154376210958E-002
   161.000000000000000000000000000000000         3.3739120183014087E-002
   162.000000000000000000000000000000000         3.0395901940601378E-002
   163.000000000000000000000000000000000         2.7209500562367948E-002
   164.000000000000000000000000000000000         2.4183881445651104E-002
   165.000000000000000000000000000000000         2.1322705888801186E-002
   166.000000000000000000000000000000000         1.8629475356025431E-002
   167.000000000000000000000000000000000         1.6107416035821141E-002
   168.000000000000000000000000000000000         1.3759656237817915E-002
   169.000000000000000000000000000000000         1.1589039372766343E-002
   170.000000000000000000000000000000000         9.5981787587229705E-003
   171.000000000000000000000000000000000         7.7895889777789351E-003
   172.000000000000000000000000000000000         6.1653834003144855E-003
   173.000000000000000000000000000000000         4.7275753922899422E-003
   174.000000000000000000000000000000000         3.4778961581571591E-003
   175.000000000000000000000000000000000         2.4179164395247521E-003
   176.000000000000000000000000000000000         1.5488853192589917E-003
   177.000000000000000000000000000000000         8.7186454636503305E-004
   178.000000000000000000000000000000000         3.8769086030567647E-004
   179.000000000000000000000000000000000         9.6951922642054202E-005
   180.000000000000000000000000000000000         2.4204675970470776E-015
   181.000000000000000000000000000000000         9.6953864975652673E-005
   182.000000000000000000000000000000000         3.8769562663167328E-004
   183.000000000000000000000000000000000         8.7187036390309045E-004
   184.000000000000000000000000000000000         1.5488891180546337E-003
   185.000000000000000000000000000000000         2.4179261039252191E-003
   186.000000000000000000000000000000000         3.4779232433817964E-003
   187.000000000000000000000000000000000         4.7275888564710950E-003
   188.000000000000000000000000000000000         6.1653989346228339E-003
   189.000000000000000000000000000000000         7.7896061761422563E-003
   190.000000000000000000000000000000000         9.5982389495113864E-003
   191.000000000000000000000000000000000         1.1589060221529619E-002
   192.000000000000000000000000000000000         1.3759679535091827E-002
   193.000000000000000000000000000000000         1.6107440433402464E-002
   194.000000000000000000000000000000000         1.8629491304580449E-002
   195.000000000000000000000000000000000         2.1322733716337947E-002
   196.000000000000000000000000000000000         2.4183908507802512E-002
   197.000000000000000000000000000000000         2.7209531684292205E-002
   198.000000000000000000000000000000000         3.0395897897888748E-002
   199.000000000000000000000000000000000         3.3739154447695242E-002
   200.000000000000000000000000000000000         3.7235206629883007E-002
   201.000000000000000000000000000000000         4.0879790339030907E-002
   202.000000000000000000000000000000000         4.4668433642469134E-002
   203.000000000000000000000000000000000         4.8596650896103585E-002
   204.000000000000000000000000000000000         5.2659534745814508E-002
   205.000000000000000000000000000000000         5.6852140347850473E-002
   206.000000000000000000000000000000000         6.1169424701990958E-002
   207.000000000000000000000000000000000         6.5606038777273418E-002
   208.000000000000000000000000000000000         7.0156655853304259E-002
   209.000000000000000000000000000000000         7.4815698068793526E-002
   210.000000000000000000000000000000000         7.9577473540184643E-002
   211.000000000000000000000000000000000         8.4436249685605813E-002
   212.000000000000000000000000000000000         8.9386033219189517E-002
   213.000000000000000000000000000000000         9.4420823264649456E-002
   214.000000000000000000000000000000000         9.9534460268082783E-002
   215.000000000000000000000000000000000        0.10472077496443291     
   216.000000000000000000000000000000000        0.10997333369637260     
   217.000000000000000000000000000000000        0.11528592445277216     
   218.000000000000000000000000000000000        0.12065191025182943     
   219.000000000000000000000000000000000        0.12606479938056278     
   220.000000000000000000000000000000000        0.13151798427603922     
   221.000000000000000000000000000000000        0.13700488614968223     
   222.000000000000000000000000000000000        0.14251875283288523     
   223.000000000000000000000000000000000        0.14805288575415926     
   224.000000000000000000000000000000000        0.15360051885663964     
   225.000000000000000000000000000000000        0.15915497344741755     
   226.000000000000000000000000000000000        0.16470939956793082     
   227.000000000000000000000000000000000        0.17025706097124052     
   228.000000000000000000000000000000000        0.17579122647825718     
   229.000000000000000000000000000000000        0.18130506006811675     
   230.000000000000000000000000000000000        0.18679201567586809     
   231.000000000000000000000000000000000        0.19224514599405682     
   232.000000000000000000000000000000000        0.19765809436778056     
   233.000000000000000000000000000000000        0.20302401974707779     
   234.000000000000000000000000000000000        0.20833662338935163     
   235.000000000000000000000000000000000        0.21358916773492784     
   236.000000000000000000000000000000000        0.21877553306314990     
   237.000000000000000000000000000000000        0.22388911761565800     
   238.000000000000000000000000000000000        0.22892396434473850     
   239.000000000000000000000000000000000        0.23387368906605299     
   240.000000000000000000000000000000000        0.23873248523477175     
   241.000000000000000000000000000000000        0.24349423825494157     
   242.000000000000000000000000000000000        0.24815329784914872     
   243.000000000000000000000000000000000        0.25270389483110328     
   244.000000000000000000000000000000000        0.25714058212795354     
   245.000000000000000000000000000000000        0.26145779027096300     
   246.000000000000000000000000000000000        0.26565042655048532     
   247.000000000000000000000000000000000        0.26971327647354948     
   248.000000000000000000000000000000000        0.27364139414117555     
   249.000000000000000000000000000000000        0.27743013353761714     
   250.000000000000000000000000000000000        0.28107469501595522     
   251.000000000000000000000000000000000        0.28457076570916617     
   252.000000000000000000000000000000000        0.28791395508122009     
   253.000000000000000000000000000000000        0.29110038454413367     
   254.000000000000000000000000000000000        0.29412597457778578     
   255.000000000000000000000000000000000        0.29698717839411104     
   256.000000000000000000000000000000000        0.29968038277673253     
   257.000000000000000000000000000000000        0.30220246738957851     
   258.000000000000000000000000000000000        0.30455026957374998     
   259.000000000000000000000000000000000        0.30672084316542308     
   260.000000000000000000000000000000000        0.30871156951959583     
   261.000000000000000000000000000000000        0.31052029264783176     
   262.000000000000000000000000000000000        0.31214435255946443     
   263.000000000000000000000000000000000        0.31358230529975900     
   264.000000000000000000000000000000000        0.31483190352103085     
   265.000000000000000000000000000000000        0.31589196330256397     
   266.000000000000000000000000000000000        0.31676096394759679     
   267.000000000000000000000000000000000        0.31743801423402579     
   268.000000000000000000000000000000000        0.31792211995382630     
   269.000000000000000000000000000000000        0.31821292588895866     
   270.000000000000000000000000000000000        0.31830984169902021     
   271.000000000000000000000000000000000        0.31821292297545201     
   272.000000000000000000000000000000000        0.31792211289159306     
   273.000000000000000000000000000000000        0.31743800550772600     
   274.000000000000000000000000000000000        0.31676102544398754     
   275.000000000000000000000000000000000        0.31589194880601046     
   276.000000000000000000000000000000000        0.31483201848132969     
   277.000000000000000000000000000000000        0.31358228510350034     
   278.000000000000000000000000000000000        0.31214451244324865     
   279.000000000000000000000000000000000        0.31052026685027656     
   280.000000000000000000000000000000000        0.30871171250194002     
   281.000000000000000000000000000000000        0.30672081189230277     
   282.000000000000000000000000000000000        0.30455029838358394     
   283.000000000000000000000000000000000        0.30220243079321024     
   284.000000000000000000000000000000000        0.29968044116038400     
   285.000000000000000000000000000000000        0.29698713665279436     
   286.000000000000000000000000000000000        0.29412599681456109     
   287.000000000000000000000000000000000        0.29110033786123957     
   288.000000000000000000000000000000000        0.28791402501343699     
   289.000000000000000000000000000000000        0.28457071431211511     
   290.000000000000000000000000000000000        0.28107464649962161     
   291.000000000000000000000000000000000        0.27743007767684286     
   292.000000000000000000000000000000000        0.27364141887627852     
   293.000000000000000000000000000000000        0.26971321642118912     
   294.000000000000000000000000000000000        0.26565043080333450     
   295.000000000000000000000000000000000        0.26145772631957748     
   296.000000000000000000000000000000000        0.25714048207262702     
   297.000000000000000000000000000000000        0.25270382729227020     
   298.000000000000000000000000000000000        0.24815328720211116     
   299.000000000000000000000000000000000        0.24349416745770286     
   300.000000000000000000000000000000000        0.23873248027154276     
   301.000000000000000000000000000000000        0.23387361535527842     
   302.000000000000000000000000000000000        0.22892389509752173     
   303.000000000000000000000000000000000        0.22388904135050039     
   304.000000000000000000000000000000000        0.21877549821962716     
   305.000000000000000000000000000000000        0.21358908928691242     
   306.000000000000000000000000000000000        0.20833653083634221     
   307.000000000000000000000000000000000        0.20302393949848052     
   308.000000000000000000000000000000000        0.19765792759533810     
   309.000000000000000000000000000000000        0.19224506433571462     
   310.000000000000000000000000000000000        0.18679184801357240     
   311.000000000000000000000000000000000        0.18130497739796556     
   312.000000000000000000000000000000000        0.17579113024856427     
   313.000000000000000000000000000000000        0.17025697769198284     
   314.000000000000000000000000000000000        0.16470930640542081     
   315.000000000000000000000000000000000        0.15915488996483479     
   316.000000000000000000000000000000000        0.15360035888183113     
   317.000000000000000000000000000000000        0.14805280247490799     
   318.000000000000000000000000000000000        0.14251863552570757     
   319.000000000000000000000000000000000        0.13700480347954078     
   320.000000000000000000000000000000000        0.13151782675154883     
   321.000000000000000000000000000000000        0.12606471772225569     
   322.000000000000000000000000000000000        0.12065180441090670     
   323.000000000000000000000000000000000        0.11528584420415165     
   324.000000000000000000000000000000000        0.10997328189790768     
   325.000000000000000000000000000000000        0.10472069651643179     
   326.000000000000000000000000000000000         9.9534399757414557E-002
   327.000000000000000000000000000000000         9.4420746999507879E-002
   328.000000000000000000000000000000000         8.9385926267242996E-002
   329.000000000000000000000000000000000         8.4436175974828998E-002
   330.000000000000000000000000000000000         7.9577417391020477E-002
   331.000000000000000000000000000000000         7.4815627271533514E-002
   332.000000000000000000000000000000000         7.0156651577055820E-002
   333.000000000000000000000000000000000         6.5605971238423252E-002
   334.000000000000000000000000000000000         6.1169330632074553E-002
   335.000000000000000000000000000000000         5.6852076396475722E-002
   336.000000000000000000000000000000000         5.2659433208770923E-002
   337.000000000000000000000000000000000         4.8596590843740399E-002
   338.000000000000000000000000000000000         4.4668407601218048E-002
   339.000000000000000000000000000000000         4.0879734478284135E-002
   340.000000000000000000000000000000000         3.7235141385426114E-002
   341.000000000000000000000000000000000         3.3739103050672938E-002
   342.000000000000000000000000000000000         3.0395848497916544E-002
   343.000000000000000000000000000000000         2.7209485001419776E-002
   344.000000000000000000000000000000000         2.4183804249203959E-002
   345.000000000000000000000000000000000         2.1322691975042208E-002
   346.000000000000000000000000000000000         1.8629437407571500E-002
   347.000000000000000000000000000000000         1.6107403837044579E-002
   348.000000000000000000000000000000000         1.3759643367264372E-002
   349.000000000000000000000000000000000         1.1589028948398014E-002
   350.000000000000000000000000000000000         9.5981985710238936E-003
   351.000000000000000000000000000000000         7.7895803786049381E-003
   352.000000000000000000000000000000000         6.1653981352838005E-003
   353.000000000000000000000000000000000         4.7275686602056208E-003
   354.000000000000000000000000000000000         3.4779055284983591E-003
   355.000000000000000000000000000000000         2.4179116073314664E-003
   356.000000000000000000000000000000000         1.5488768126710884E-003
   357.000000000000000000000000000000000         8.7186163760187975E-004
   358.000000000000000000000000000000000         3.8768983935447984E-004
   359.000000000000000000000000000000000         9.6950951482189734E-005
   360.000000000000000000000000000000000         5.7038317422155931E-015
