   1.00000000000000000000000000000000000         9.6952893806421796E-005
   2.00000000000000000000000000000000000         3.8769345305232622E-004
   3.00000000000000000000000000000000000         8.7186745513128587E-004
   4.00000000000000000000000000000000000         1.5488843131192681E-003
   5.00000000000000000000000000000000000         2.4179212717231106E-003
   6.00000000000000000000000000000000000         3.4779174423277626E-003
   7.00000000000000000000000000000000000         4.7275821243764312E-003
   8.00000000000000000000000000000000000         6.1653962641970705E-003
   9.00000000000000000000000000000000000         7.7895975769582031E-003
   10.0000000000000000000000000000000000         9.5982177067377439E-003
   11.0000000000000000000000000000000000         1.1589049797144256E-002
   12.0000000000000000000000000000000000         1.3759662975902122E-002
   13.0000000000000000000000000000000000         1.6107428234611629E-002
   14.0000000000000000000000000000000000         1.8629469624279776E-002
   15.0000000000000000000000000000000000         2.1322719802569206E-002
   16.0000000000000000000000000000000000         2.4183890235080212E-002
   17.0000000000000000000000000000000000         2.7209516123326973E-002
   18.0000000000000000000000000000000000         3.0395888895892877E-002
   19.0000000000000000000000000000000000         3.3739137315352913E-002
   20.0000000000000000000000000000000000         3.7235193170644068E-002
   21.0000000000000000000000000000000000         4.0879771718784812E-002
   22.0000000000000000000000000000000000         4.4668459570938332E-002
   23.0000000000000000000000000000000000         4.8596630878645498E-002
   24.0000000000000000000000000000000000         5.2659496284551757E-002
   25.0000000000000000000000000000000000         5.6852119030716103E-002
   26.0000000000000000000000000000000000         6.1169380137626801E-002
   27.0000000000000000000000000000000000         6.5606016264320846E-002
   28.0000000000000000000000000000000000         7.0156628773030347E-002
   29.0000000000000000000000000000000000         7.4815674469700708E-002
   30.0000000000000000000000000000000000         7.9577477196246027E-002
   31.0000000000000000000000000000000000         8.4436225115333996E-002
   32.0000000000000000000000000000000000         8.9385989933843280E-002
   33.0000000000000000000000000000000000         9.4420797842928131E-002
   34.0000000000000000000000000000000000         9.9534454378439788E-002
   35.0000000000000000000000000000000000        0.10472074881508778     
   36.0000000000000000000000000000000000        0.10997338848967397     
   37.0000000000000000000000000000000000        0.11528589770323468     
   38.0000000000000000000000000000000000        0.12065188044799764     
   39.0000000000000000000000000000000000        0.12606477216112680     
   40.0000000000000000000000000000000000        0.13151796712812255     
   41.0000000000000000000000000000000000        0.13700485859297515     
   42.0000000000000000000000000000000000        0.14251871704932964     
   43.0000000000000000000000000000000000        0.14805285799440582     
   44.0000000000000000000000000000000000        0.15360053298660628     
   45.0000000000000000000000000000000000        0.15915494561988910     
   46.0000000000000000000000000000000000        0.16470937662142321     
   47.0000000000000000000000000000000000        0.17025703321147903     
   48.0000000000000000000000000000000000        0.17579115939726361     
   49.0000000000000000000000000000000000        0.18130503251139940     
   50.0000000000000000000000000000000000        0.18679191637470069     
   51.0000000000000000000000000000000000        0.19224511877460088     
   52.0000000000000000000000000000000000        0.19765802840704447     
   53.0000000000000000000000000000000000        0.20302399299754631     
   54.0000000000000000000000000000000000        0.20833651682437465     
   55.0000000000000000000000000000000000        0.21358914158558809     
   56.0000000000000000000000000000000000        0.21877544466666568     
   57.0000000000000000000000000000000000        0.22388909219394135     
   58.0000000000000000000000000000000000        0.22892388240981593     
   59.0000000000000000000000000000000000        0.23387366449580052     
   60.0000000000000000000000000000000000        0.23873238960960669     
   61.0000000000000000000000000000000000        0.24349421465585755     
   62.0000000000000000000000000000000000        0.24815325478779549     
   63.0000000000000000000000000000000000        0.25270387231816216     
   64.0000000000000000000000000000000000        0.25714050801972438     
   65.0000000000000000000000000000000000        0.26145776895385986     
   66.0000000000000000000000000000000000        0.26565038117036088     
   67.0000000000000000000000000000000000        0.26971325645609290     
   68.0000000000000000000000000000000000        0.27364143625497422     
   69.0000000000000000000000000000000000        0.27743011491735542     
   70.0000000000000000000000000000000000        0.28107471810603923     
   71.0000000000000000000000000000000000        0.28457074857682552     
   72.0000000000000000000000000000000000        0.28791399028743836     
   73.0000000000000000000000000000000000        0.29110036898316288     
   74.0000000000000000000000000000000000        0.29412597010496672     
   75.0000000000000000000000000000000000        0.29698716448032975     
   76.0000000000000000000000000000000000        0.29968039941931962     
   77.0000000000000000000000000000000000        0.30220245519079342     
   78.0000000000000000000000000000000000        0.30455020186840975     
   79.0000000000000000000000000000000000        0.30672083274105760     
   80.0000000000000000000000000000000000        0.30871169002179560     
   81.0000000000000000000000000000000000        0.31052028404864518     
   82.0000000000000000000000000000000000        0.31214449110250142     
   83.0000000000000000000000000000000000        0.31358229856768338     
   84.0000000000000000000000000000000000        0.31483193680588278     
   85.0000000000000000000000000000000000        0.31589195847038709     
   86.0000000000000000000000000000000000        0.31676100414451952     
   87.0000000000000000000000000000000000        0.31743801132526650     
   88.0000000000000000000000000000000000        0.31792218465440591     
   89.0000000000000000000000000000000000        0.31821292491779146     
   90.0000000000000000000000000000000000        0.31830986790274129     
   91.0000000000000000000000000000000000        0.31821292394662148     
   92.0000000000000000000000000000000000        0.31792218407351563     
   93.0000000000000000000000000000000000        0.31743800841649150     
   94.0000000000000000000000000000000000        0.31676099438371585     
   95.0000000000000000000000000000000000        0.31589195363819134     
   96.0000000000000000000000000000000000        0.31483195521557594     
   97.0000000000000000000000000000000000        0.31358229183559183     
   98.0000000000000000000000000000000000        0.31214447484027252     
   99.0000000000000000000000000000000000        0.31052027544945598     
   100.000000000000000000000000000000000        0.30871163265340051     
   101.000000000000000000000000000000000        0.30672082231667941     
   102.000000000000000000000000000000000        0.30455021232990526     
   103.000000000000000000000000000000000        0.30220244299200738     
   104.000000000000000000000000000000000        0.29968039232341021     
   105.000000000000000000000000000000000        0.29698715056656072     
   106.000000000000000000000000000000000        0.29412595842847267     
   107.000000000000000000000000000000000        0.29110035342220175     
   108.000000000000000000000000000000000        0.28791398369344923     
   109.000000000000000000000000000000000        0.28457073144448886     
   110.000000000000000000000000000000000        0.28107469291919440     
   111.000000000000000000000000000000000        0.27743009629709731     
   112.000000000000000000000000000000000        0.27364142556331306     
   113.000000000000000000000000000000000        0.26971323643863893     
   114.000000000000000000000000000000000        0.26565037198881369     
   115.000000000000000000000000000000000        0.26145774763672908     
   116.000000000000000000000000000000000        0.25714047243252747     
   117.000000000000000000000000000000000        0.25270384980521926     
   118.000000000000000000000000000000000        0.24815322384993113     
   119.000000000000000000000000000000000        0.24349419105676301     
   120.000000000000000000000000000000000        0.23873240735241411     
   121.000000000000000000000000000000000        0.23387363992554819     
   122.000000000000000000000000000000000        0.22892386557883387     
   123.000000000000000000000000000000000        0.22388906677222065     
   124.000000000000000000000000000000000        0.21877539615458011     
   125.000000000000000000000000000000000        0.21358911543625866     
   126.000000000000000000000000000000000        0.20833650488508193     
   127.000000000000000000000000000000000        0.20302396624800334     
   128.000000000000000000000000000000000        0.19765797733186971     
   129.000000000000000000000000000000000        0.19224509155516895     
   130.000000000000000000000000000000000        0.18679187338359660     
   131.000000000000000000000000000000000        0.18130500495467880     
   132.000000000000000000000000000000000        0.17579113238823857     
   133.000000000000000000000000000000000        0.17025700545173364     
   134.000000000000000000000000000000000        0.16470933438013532     
   135.000000000000000000000000000000000        0.15915491779235438     
   136.000000000000000000000000000000000        0.15360048700826931     
   137.000000000000000000000000000000000        0.14805283023466195     
   138.000000000000000000000000000000000        0.14251867377586180     
   139.000000000000000000000000000000000        0.13700483103625416     
   140.000000000000000000000000000000000        0.13151794792285346     
   141.000000000000000000000000000000000        0.12606474494169265     
   142.000000000000000000000000000000000        0.12065183297774783     
   143.000000000000000000000000000000000        0.11528587095369036     
   144.000000000000000000000000000000000        0.10997332898032156     
   145.000000000000000000000000000000000        0.10472072266576041     
   146.000000000000000000000000000000000         9.9534445606556596E-002
   147.000000000000000000000000000000000         9.4420772421211260E-002
   148.000000000000000000000000000000000         8.9385985707942026E-002
   149.000000000000000000000000000000000         8.4436200545081788E-002
   150.000000000000000000000000000000000         7.9577446932546286E-002
   151.000000000000000000000000000000000         7.4815650870612815E-002
   152.000000000000000000000000000000000         7.0156606414300160E-002
   153.000000000000000000000000000000000         6.5605993751374880E-002
   154.000000000000000000000000000000000         6.1169358239409728E-002
   155.000000000000000000000000000000000         5.6852097713589803E-002
   156.000000000000000000000000000000000         5.2659482898936474E-002
   157.000000000000000000000000000000000         4.8596610861196127E-002
   158.000000000000000000000000000000000         4.4668437011012599E-002
   159.000000000000000000000000000000000         4.0879753098530341E-002
   160.000000000000000000000000000000000         3.7235164313483948E-002
   161.000000000000000000000000000000000         3.3739120183013505E-002
   162.000000000000000000000000000000000         3.0395878714652699E-002
   163.000000000000000000000000000000000         2.7209500562368819E-002
   164.000000000000000000000000000000000         2.4183882316959202E-002
   165.000000000000000000000000000000000         2.1322705888803344E-002
   166.000000000000000000000000000000000         1.8629459887333562E-002
   167.000000000000000000000000000000000         1.6107416035823819E-002
   168.000000000000000000000000000000000         1.3759656720501660E-002
   169.000000000000000000000000000000000         1.1589039372768443E-002
   170.000000000000000000000000000000000         9.5982031218426467E-003
   171.000000000000000000000000000000000         7.7895889777787955E-003
   172.000000000000000000000000000000000         6.1653847857679996E-003
   173.000000000000000000000000000000000         4.7275753922889274E-003
   174.000000000000000000000000000000000         3.4779089739699681E-003
   175.000000000000000000000000000000000         2.4179164395247005E-003
   176.000000000000000000000000000000000         1.5488818632992105E-003
   177.000000000000000000000000000000000         8.7186454636451534E-004
   178.000000000000000000000000000000000         3.8769139858241340E-004
   179.000000000000000000000000000000000         9.6951922641854289E-005
   180.000000000000000000000000000000000         2.4306202977769205E-015
   181.000000000000000000000000000000000         9.6953864975737051E-005
   182.000000000000000000000000000000000         3.8769543462729733E-004
   183.000000000000000000000000000000000         8.7187036390332789E-004
   184.000000000000000000000000000000000         1.5488889225721452E-003
   185.000000000000000000000000000000000         2.4179261039260487E-003
   186.000000000000000000000000000000000         3.4779232433791527E-003
   187.000000000000000000000000000000000         4.7275888564692111E-003
   188.000000000000000000000000000000000         6.1654001600699639E-003
   189.000000000000000000000000000000000         7.7896061761414653E-003
   190.000000000000000000000000000000000         9.5982293145019382E-003
   191.000000000000000000000000000000000         1.1589060221525928E-002
   192.000000000000000000000000000000000         1.3759679472295915E-002
   193.000000000000000000000000000000000         1.6107440433401527E-002
   194.000000000000000000000000000000000         1.8629484245386397E-002
   195.000000000000000000000000000000000         2.1322733716338717E-002
   196.000000000000000000000000000000000         2.4183911386949981E-002
   197.000000000000000000000000000000000         2.7209531684289769E-002
   198.000000000000000000000000000000000         3.0395905035545213E-002
   199.000000000000000000000000000000000         3.3739154447695818E-002
   200.000000000000000000000000000000000         3.7235202953835707E-002
   201.000000000000000000000000000000000         4.0879790339039435E-002
   202.000000000000000000000000000000000         4.4668470744547488E-002
   203.000000000000000000000000000000000         4.8596650896101726E-002
   204.000000000000000000000000000000000         5.2659523793401511E-002
   205.000000000000000000000000000000000         5.6852140347847455E-002
   206.000000000000000000000000000000000         6.1169403813735326E-002
   207.000000000000000000000000000000000         6.5606038777270712E-002
   208.000000000000000000000000000000000         7.0156653553294618E-002
   209.000000000000000000000000000000000         7.4815698068790071E-002
   210.000000000000000000000000000000000         7.9577493289635384E-002
   211.000000000000000000000000000000000         8.4436249685594156E-002
   212.000000000000000000000000000000000         8.9386034807450984E-002
   213.000000000000000000000000000000000         9.4420823264647513E-002
   214.000000000000000000000000000000000         9.9534476518754106E-002
   215.000000000000000000000000000000000        0.10472077496442063     
   216.000000000000000000000000000000000        0.10997337990745498     
   217.000000000000000000000000000000000        0.11528592445277790     
   218.000000000000000000000000000000000        0.12065190749014602     
   219.000000000000000000000000000000000        0.12606479938056428     
   220.000000000000000000000000000000000        0.13151800312417530     
   221.000000000000000000000000000000000        0.13700488614969158     
   222.000000000000000000000000000000000        0.14251875184392115     
   223.000000000000000000000000000000000        0.14805288575415601     
   224.000000000000000000000000000000000        0.15360054129153783     
   225.000000000000000000000000000000000        0.15915497344742260     
   226.000000000000000000000000000000000        0.16470940061694769     
   227.000000000000000000000000000000000        0.17025706097122834     
   228.000000000000000000000000000000000        0.17579120037371629     
   229.000000000000000000000000000000000        0.18130506006811495     
   230.000000000000000000000000000000000        0.18679195212488842     
   231.000000000000000000000000000000000        0.19224514599404019     
   232.000000000000000000000000000000000        0.19765804773668788     
   233.000000000000000000000000000000000        0.20302401974708731     
   234.000000000000000000000000000000000        0.20833656594693928     
   235.000000000000000000000000000000000        0.21358916773491710     
   236.000000000000000000000000000000000        0.21877547426724794     
   237.000000000000000000000000000000000        0.22388911761565800     
   238.000000000000000000000000000000000        0.22892391508311266     
   239.000000000000000000000000000000000        0.23387368906605505     
   240.000000000000000000000000000000000        0.23873244797180915     
   241.000000000000000000000000000000000        0.24349423825494054     
   242.000000000000000000000000000000000        0.24815328470028855     
   243.000000000000000000000000000000000        0.25270389483110967     
   244.000000000000000000000000000000000        0.25714054132160336     
   245.000000000000000000000000000000000        0.26145779027098021     
   246.000000000000000000000000000000000        0.26565041084460206     
   247.000000000000000000000000000000000        0.26971327647354293     
   248.000000000000000000000000000000000        0.27364143788734979     
   249.000000000000000000000000000000000        0.27743013353760826     
   250.000000000000000000000000000000000        0.28107471554265434     
   251.000000000000000000000000000000000        0.28457076570916617     
   252.000000000000000000000000000000000        0.28791400183618487     
   253.000000000000000000000000000000000        0.29110038454412229     
   254.000000000000000000000000000000000        0.29412599739513678     
   255.000000000000000000000000000000000        0.29698717839409261     
   256.000000000000000000000000000000000        0.29968041949681523     
   257.000000000000000000000000000000000        0.30220246738957851     
   258.000000000000000000000000000000000        0.30455023371280154     
   259.000000000000000000000000000000000        0.30672084316542775     
   260.000000000000000000000000000000000        0.30871165569225828     
   261.000000000000000000000000000000000        0.31052029264782238     
   262.000000000000000000000000000000000        0.31214447112297761     
   263.000000000000000000000000000000000        0.31358230529976372     
   264.000000000000000000000000000000000        0.31483195723797380     
   265.000000000000000000000000000000000        0.31589196330258057     
   266.000000000000000000000000000000000        0.31676099218250914     
   267.000000000000000000000000000000000        0.31743801423402812     
   268.000000000000000000000000000000000        0.31792217516192223     
   269.000000000000000000000000000000000        0.31821292588895150     
   270.000000000000000000000000000000000        0.31830987113000825     
   271.000000000000000000000000000000000        0.31821292297544962     
   272.000000000000000000000000000000000        0.31792216912302984     
   273.000000000000000000000000000000000        0.31743800550772128     
   274.000000000000000000000000000000000        0.31676099327961488     
   275.000000000000000000000000000000000        0.31589194880598676     
   276.000000000000000000000000000000000        0.31483196289266990     
   277.000000000000000000000000000000000        0.31358228510349556     
   278.000000000000000000000000000000000        0.31214447991983069     
   279.000000000000000000000000000000000        0.31052026685027656     
   280.000000000000000000000000000000000        0.30871165697171354     
   281.000000000000000000000000000000000        0.30672081189229577     
   282.000000000000000000000000000000000        0.30455021067306465     
   283.000000000000000000000000000000000        0.30220243079321252     
   284.000000000000000000000000000000000        0.29968039727390777     
   285.000000000000000000000000000000000        0.29698713665278748     
   286.000000000000000000000000000000000        0.29412596471710745     
   287.000000000000000000000000000000000        0.29110033786123957     
   288.000000000000000000000000000000000        0.28791397346235126     
   289.000000000000000000000000000000000        0.28457071431213760     
   290.000000000000000000000000000000000        0.28107466277589643     
   291.000000000000000000000000000000000        0.27743007767684064     
   292.000000000000000000000000000000000        0.27364139428276291     
   293.000000000000000000000000000000000        0.26971321642118257     
   294.000000000000000000000000000000000        0.26565036033406830     
   295.000000000000000000000000000000000        0.26145772631959474     
   296.000000000000000000000000000000000        0.25714046957638964     
   297.000000000000000000000000000000000        0.25270382729226598     
   298.000000000000000000000000000000000        0.24815322567497247     
   299.000000000000000000000000000000000        0.24349416745768102     
   300.000000000000000000000000000000000        0.23873238738415600     
   301.000000000000000000000000000000000        0.23387361535528861     
   302.000000000000000000000000000000000        0.22892384105578403     
   303.000000000000000000000000000000000        0.22388904135050336     
   304.000000000000000000000000000000000        0.21877540426529776     
   305.000000000000000000000000000000000        0.21358908928692510     
   306.000000000000000000000000000000000        0.20833648426220669     
   307.000000000000000000000000000000000        0.20302393949846342     
   308.000000000000000000000000000000000        0.19765795181741735     
   309.000000000000000000000000000000000        0.19224506433572569     
   310.000000000000000000000000000000000        0.18679185505005585     
   311.000000000000000000000000000000000        0.18130497739795925     
   312.000000000000000000000000000000000        0.17579111505201922     
   313.000000000000000000000000000000000        0.17025697769198198     
   314.000000000000000000000000000000000        0.16470931549289330     
   315.000000000000000000000000000000000        0.15915488996482299     
   316.000000000000000000000000000000000        0.15360044454795116     
   317.000000000000000000000000000000000        0.14805280247491123     
   318.000000000000000000000000000000000        0.14251866285657477     
   319.000000000000000000000000000000000        0.13700480347953842     
   320.000000000000000000000000000000000        0.13151790781243675     
   321.000000000000000000000000000000000        0.12606471772225719     
   322.000000000000000000000000000000000        0.12065182216766245     
   323.000000000000000000000000000000000        0.11528584420415165     
   324.000000000000000000000000000000000        0.10997330531047164     
   325.000000000000000000000000000000000        0.10472069651643315     
   326.000000000000000000000000000000000         9.9534402052956231E-002
   327.000000000000000000000000000000000         9.4420746999498151E-002
   328.000000000000000000000000000000000         8.9385954222780367E-002
   329.000000000000000000000000000000000         8.4436175974830219E-002
   330.000000000000000000000000000000000         7.9577423800085312E-002
   331.000000000000000000000000000000000         7.4815627271530058E-002
   332.000000000000000000000000000000000         7.0156595635943661E-002
   333.000000000000000000000000000000000         6.5605971238427582E-002
   334.000000000000000000000000000000000         6.1169333109466303E-002
   335.000000000000000000000000000000000         5.6852076396467673E-002
   336.000000000000000000000000000000000         5.2659454884630183E-002
   337.000000000000000000000000000000000         4.8596590843745048E-002
   338.000000000000000000000000000000000         4.4668418309295882E-002
   339.000000000000000000000000000000000         4.0879734478281152E-002
   340.000000000000000000000000000000000         3.7235147277843481E-002
   341.000000000000000000000000000000000         3.3739103050677004E-002
   342.000000000000000000000000000000000         3.0395855908292375E-002
   343.000000000000000000000000000000000         2.7209485001415772E-002
   344.000000000000000000000000000000000         2.4183856709724418E-002
   345.000000000000000000000000000000000         2.1322691975042513E-002
   346.000000000000000000000000000000000         1.8629442495413099E-002
   347.000000000000000000000000000000000         1.6107403837042837E-002
   348.000000000000000000000000000000000         1.3759645132102798E-002
   349.000000000000000000000000000000000         1.1589028948397617E-002
   350.000000000000000000000000000000000         9.5981987051224453E-003
   351.000000000000000000000000000000000         7.7895803786045192E-003
   352.000000000000000000000000000000000         6.1653810120331082E-003
   353.000000000000000000000000000000000         4.7275686602057301E-003
   354.000000000000000000000000000000000         3.4779058241364812E-003
   355.000000000000000000000000000000000         2.4179116073311684E-003
   356.000000000000000000000000000000000         1.5488771845927809E-003
   357.000000000000000000000000000000000         8.7186163760212890E-004
   358.000000000000000000000000000000000         3.8768961747243585E-004
   359.000000000000000000000000000000000         9.6950951482143642E-005
   360.000000000000000000000000000000000         4.6724948171783955E-015
