   1.00000000000000000000000000000000000         9.6952893807605338E-005
   2.00000000000000000000000000000000000         3.8769345305466745E-004
   3.00000000000000000000000000000000000         8.7186745512807999E-004
   4.00000000000000000000000000000000000         1.5488733597723873E-003
   5.00000000000000000000000000000000000         2.4179212717243431E-003
   6.00000000000000000000000000000000000         3.4779172001152664E-003
   7.00000000000000000000000000000000000         4.7275821243762117E-003
   8.00000000000000000000000000000000000         6.1654516483973590E-003
   9.00000000000000000000000000000000000         7.7895975769666590E-003
   10.0000000000000000000000000000000000         9.5982167339873255E-003
   11.0000000000000000000000000000000000         1.1589049797135259E-002
   12.0000000000000000000000000000000000         1.3759581632112652E-002
   13.0000000000000000000000000000000000         1.6107428234627783E-002
   14.0000000000000000000000000000000000         1.8629468510406207E-002
   15.0000000000000000000000000000000000         2.1322719802567489E-002
   16.0000000000000000000000000000000000         2.4183779801614493E-002
   17.0000000000000000000000000000000000         2.7209516123326030E-002
   18.0000000000000000000000000000000000         3.0395868646116920E-002
   19.0000000000000000000000000000000000         3.3739137315353961E-002
   20.0000000000000000000000000000000000         3.7235332997860311E-002
   21.0000000000000000000000000000000000         4.0879771718798502E-002
   22.0000000000000000000000000000000000         4.4668465021334487E-002
   23.0000000000000000000000000000000000         4.8596630878632877E-002
   24.0000000000000000000000000000000000         5.2659425044358416E-002
   25.0000000000000000000000000000000000         5.6852119030708054E-002
   26.0000000000000000000000000000000000         6.1169421872248782E-002
   27.0000000000000000000000000000000000         6.5606016264332226E-002
   28.0000000000000000000000000000000000         7.0156609463872061E-002
   29.0000000000000000000000000000000000         7.4815674469711491E-002
   30.0000000000000000000000000000000000         7.9577537805164522E-002
   31.0000000000000000000000000000000000         8.4436225115306282E-002
   32.0000000000000000000000000000000000         8.9385671835255351E-002
   33.0000000000000000000000000000000000         9.4420797842929505E-002
   34.0000000000000000000000000000000000         9.9534458154240710E-002
   35.0000000000000000000000000000000000        0.10472074881507955     
   36.0000000000000000000000000000000000        0.10997378726632107     
   37.0000000000000000000000000000000000        0.11528589770322660     
   38.0000000000000000000000000000000000        0.12065188895610302     
   39.0000000000000000000000000000000000        0.12606477216110792     
   40.0000000000000000000000000000000000        0.13151776931907838     
   41.0000000000000000000000000000000000        0.13700485859298966     
   42.0000000000000000000000000000000000        0.14251860819644074     
   43.0000000000000000000000000000000000        0.14805285799438270     
   44.0000000000000000000000000000000000        0.15360076581130339     
   45.0000000000000000000000000000000000        0.15915494561988794     
   46.0000000000000000000000000000000000        0.16470943323027301     
   47.0000000000000000000000000000000000        0.17025703321149174     
   48.0000000000000000000000000000000000        0.17579103645801061     
   49.0000000000000000000000000000000000        0.18130503251144875     
   50.0000000000000000000000000000000000        0.18679199565604321     
   51.0000000000000000000000000000000000        0.19224511877458991     
   52.0000000000000000000000000000000000        0.19765830384889121     
   53.0000000000000000000000000000000000        0.20302399299752921     
   54.0000000000000000000000000000000000        0.20833635044346574     
   55.0000000000000000000000000000000000        0.21358914158559600     
   56.0000000000000000000000000000000000        0.21877557978185078     
   57.0000000000000000000000000000000000        0.22388909219393327     
   58.0000000000000000000000000000000000        0.22892392507328721     
   59.0000000000000000000000000000000000        0.23387366449576141     
   60.0000000000000000000000000000000000        0.23873197352600076     
   61.0000000000000000000000000000000000        0.24349421465590090     
   62.0000000000000000000000000000000000        0.24815319061847593     
   63.0000000000000000000000000000000000        0.25270387231811120     
   64.0000000000000000000000000000000000        0.25714046419259651     
   65.0000000000000000000000000000000000        0.26145776895388312     
   66.0000000000000000000000000000000000        0.26565029158666681     
   67.0000000000000000000000000000000000        0.26971325645611288     
   68.0000000000000000000000000000000000        0.27364156994933442     
   69.0000000000000000000000000000000000        0.27743011491737207     
   70.0000000000000000000000000000000000        0.28107497214045668     
   71.0000000000000000000000000000000000        0.28457074857677150     
   72.0000000000000000000000000000000000        0.28791391098167823     
   73.0000000000000000000000000000000000        0.29110036898314956     
   74.0000000000000000000000000000000000        0.29412569688222101     
   75.0000000000000000000000000000000000        0.29698716448039653     
   76.0000000000000000000000000000000000        0.29968016720440066     
   77.0000000000000000000000000000000000        0.30220245519077976     
   78.0000000000000000000000000000000000        0.30454999749258826     
   79.0000000000000000000000000000000000        0.30672083274109463     
   80.0000000000000000000000000000000000        0.30871209488349449     
   81.0000000000000000000000000000000000        0.31052028404867027     
   82.0000000000000000000000000000000000        0.31214453345558851     
   83.0000000000000000000000000000000000        0.31358229856774428     
   84.0000000000000000000000000000000000        0.31483152801073261     
   85.0000000000000000000000000000000000        0.31589195847037299     
   86.0000000000000000000000000000000000        0.31676115992239839     
   87.0000000000000000000000000000000000        0.31743801132530430     
   88.0000000000000000000000000000000000        0.31792218167563963     
   89.0000000000000000000000000000000000        0.31821292491784831     
   90.0000000000000000000000000000000000        0.31830971948626530     
   91.0000000000000000000000000000000000        0.31821292394662787     
   92.0000000000000000000000000000000000        0.31792220251885112     
   93.0000000000000000000000000000000000        0.31743800841644570     
   94.0000000000000000000000000000000000        0.31676105742621924     
   95.0000000000000000000000000000000000        0.31589195363825273     
   96.0000000000000000000000000000000000        0.31483192749725253     
   97.0000000000000000000000000000000000        0.31358229183563247     
   98.0000000000000000000000000000000000        0.31214438187061450     
   99.0000000000000000000000000000000000        0.31052027544935329     
   100.000000000000000000000000000000000        0.30871128386468621     
   101.000000000000000000000000000000000        0.30672082231671954     
   102.000000000000000000000000000000000        0.30455035098865207     
   103.000000000000000000000000000000000        0.30220244299202909     
   104.000000000000000000000000000000000        0.29968025410960880     
   105.000000000000000000000000000000000        0.29698715056660768     
   106.000000000000000000000000000000000        0.29412573355588678     
   107.000000000000000000000000000000000        0.29110035342217033     
   108.000000000000000000000000000000000        0.28791405814904159     
   109.000000000000000000000000000000000        0.28457073144451234     
   110.000000000000000000000000000000000        0.28107483198407851     
   111.000000000000000000000000000000000        0.27743009629706677     
   112.000000000000000000000000000000000        0.27364169532148813     
   113.000000000000000000000000000000000        0.26971323643865447     
   114.000000000000000000000000000000000        0.26565046350399729     
   115.000000000000000000000000000000000        0.26145774763671387     
   116.000000000000000000000000000000000        0.25714021347936261     
   117.000000000000000000000000000000000        0.25270384980526234     
   118.000000000000000000000000000000000        0.24815303576291528     
   119.000000000000000000000000000000000        0.24349419105669920     
   120.000000000000000000000000000000000        0.23873265028269386     
   121.000000000000000000000000000000000        0.23387363992555318     
   122.000000000000000000000000000000000        0.22892403708112549     
   123.000000000000000000000000000000000        0.22388906677216611     
   124.000000000000000000000000000000000        0.21877517357399998     
   125.000000000000000000000000000000000        0.21358911543626344     
   126.000000000000000000000000000000000        0.20833656729282443     
   127.000000000000000000000000000000000        0.20302396624798608     
   128.000000000000000000000000000000000        0.19765787360439929     
   129.000000000000000000000000000000000        0.19224509155522868     
   130.000000000000000000000000000000000        0.18679170718023552     
   131.000000000000000000000000000000000        0.18130500495469828     
   132.000000000000000000000000000000000        0.17579101993954280     
   133.000000000000000000000000000000000        0.17025700545178979     
   134.000000000000000000000000000000000        0.16470916370541933     
   135.000000000000000000000000000000000        0.15915491779234472     
   136.000000000000000000000000000000000        0.15360043369074564     
   137.000000000000000000000000000000000        0.14805283023470359     
   138.000000000000000000000000000000000        0.14251831924876729     
   139.000000000000000000000000000000000        0.13700483103622713     
   140.000000000000000000000000000000000        0.13151787925590086     
   141.000000000000000000000000000000000        0.12606474494170120     
   142.000000000000000000000000000000000        0.12065151909439856     
   143.000000000000000000000000000000000        0.11528587095365131     
   144.000000000000000000000000000000000        0.10997320731684951     
   145.000000000000000000000000000000000        0.10472072266576821     
   146.000000000000000000000000000000000         9.9534717594925021E-002
   147.000000000000000000000000000000000         9.4420772421212454E-002
   148.000000000000000000000000000000000         8.9385994977847452E-002
   149.000000000000000000000000000000000         8.4436200545080622E-002
   150.000000000000000000000000000000000         7.9577410452962516E-002
   151.000000000000000000000000000000000         7.4815650870602435E-002
   152.000000000000000000000000000000000         7.0156598308752427E-002
   153.000000000000000000000000000000000         6.5605993751407896E-002
   154.000000000000000000000000000000000         6.1169400449338544E-002
   155.000000000000000000000000000000000         5.6852097713589102E-002
   156.000000000000000000000000000000000         5.2659526543506578E-002
   157.000000000000000000000000000000000         4.8596610861223764E-002
   158.000000000000000000000000000000000         4.4668391599987152E-002
   159.000000000000000000000000000000000         4.0879753098527635E-002
   160.000000000000000000000000000000000         3.7235131363583862E-002
   161.000000000000000000000000000000000         3.3739120183015968E-002
   162.000000000000000000000000000000000         3.0395955727042911E-002
   163.000000000000000000000000000000000         2.7209500562365475E-002
   164.000000000000000000000000000000000         2.4183879427885049E-002
   165.000000000000000000000000000000000         2.1322705888796600E-002
   166.000000000000000000000000000000000         1.8629511178283882E-002
   167.000000000000000000000000000000000         1.6107416035814587E-002
   168.000000000000000000000000000000000         1.3759655120024009E-002
   169.000000000000000000000000000000000         1.1589039372761765E-002
   170.000000000000000000000000000000000         9.5981223389855937E-003
   171.000000000000000000000000000000000         7.7895889777790253E-003
   172.000000000000000000000000000000000         6.1653801918964170E-003
   173.000000000000000000000000000000000         4.7275753922924732E-003
   174.000000000000000000000000000000000         3.4778664795234162E-003
   175.000000000000000000000000000000000         2.4179164395247460E-003
   176.000000000000000000000000000000000         1.5488933225490773E-003
   177.000000000000000000000000000000000         8.7186454636630710E-004
   178.000000000000000000000000000000000         3.8768961377150978E-004
   179.000000000000000000000000000000000         9.6951922642492355E-005
   180.000000000000000000000000000000000         2.3970376599379597E-015
   181.000000000000000000000000000000000         9.6953864975432810E-005
   182.000000000000000000000000000000000         3.8769607127356814E-004
   183.000000000000000000000000000000000         8.7187036390261330E-004
   184.000000000000000000000000000000000         1.5488895707509705E-003
   185.000000000000000000000000000000000         2.4179261039231773E-003
   186.000000000000000000000000000000000         3.4779232433879183E-003
   187.000000000000000000000000000000000         4.7275888564756270E-003
   188.000000000000000000000000000000000         6.1653960967457382E-003
   189.000000000000000000000000000000000         7.7896061761438783E-003
   190.000000000000000000000000000000000         9.5982612621834124E-003
   191.000000000000000000000000000000000         1.1589060221538421E-002
   192.000000000000000000000000000000000         1.3759679680513939E-002
   193.000000000000000000000000000000000         1.6107440433404348E-002
   194.000000000000000000000000000000000         1.8629507652192869E-002
   195.000000000000000000000000000000000         2.1322733716336487E-002
   196.000000000000000000000000000000000         2.4183901840303768E-002
   197.000000000000000000000000000000000         2.7209531684297478E-002
   198.000000000000000000000000000000000         3.0395881368582262E-002
   199.000000000000000000000000000000000         3.3739154447694278E-002
   200.000000000000000000000000000000000         3.7235215142835343E-002
   201.000000000000000000000000000000000         4.0879790339010735E-002
   202.000000000000000000000000000000000         4.4668347721925787E-002
   203.000000000000000000000000000000000         4.8596650896108345E-002
   204.000000000000000000000000000000000         5.2659560109301611E-002
   205.000000000000000000000000000000000         5.6852140347856982E-002
   206.000000000000000000000000000000000         6.1169473074807162E-002
   207.000000000000000000000000000000000         6.5606038777280148E-002
   208.000000000000000000000000000000000         7.0156661179642532E-002
   209.000000000000000000000000000000000         7.4815698068801034E-002
   210.000000000000000000000000000000000         7.9577427804623915E-002
   211.000000000000000000000000000000000         8.4436249685633291E-002
   212.000000000000000000000000000000000         8.9386029541110426E-002
   213.000000000000000000000000000000000         9.4420823264653411E-002
   214.000000000000000000000000000000000         9.9534422634954281E-002
   215.000000000000000000000000000000000        0.10472077496446190     
   216.000000000000000000000000000000000        0.10997322668127173     
   217.000000000000000000000000000000000        0.11528592445275833     
   218.000000000000000000000000000000000        0.12065191664730690     
   219.000000000000000000000000000000000        0.12606479938055987     
   220.000000000000000000000000000000000        0.13151794062772926     
   221.000000000000000000000000000000000        0.13700488614965994     
   222.000000000000000000000000000000000        0.14251875512311785     
   223.000000000000000000000000000000000        0.14805288575416733     
   224.000000000000000000000000000000000        0.15360046690214485     
   225.000000000000000000000000000000000        0.15915497344740534     
   226.000000000000000000000000000000000        0.16470939713862862     
   227.000000000000000000000000000000000        0.17025706097126928     
   228.000000000000000000000000000000000        0.17579128693088561     
   229.000000000000000000000000000000000        0.18130506006812039     
   230.000000000000000000000000000000000        0.18679216284659941     
   231.000000000000000000000000000000000        0.19224514599409592     
   232.000000000000000000000000000000000        0.19765820235559522     
   233.000000000000000000000000000000000        0.20302401974705528     
   234.000000000000000000000000000000000        0.20833675641391589     
   235.000000000000000000000000000000000        0.21358916773495312     
   236.000000000000000000000000000000000        0.21877566922211106     
   237.000000000000000000000000000000000        0.22388911761565758     
   238.000000000000000000000000000000000        0.22892407842431345     
   239.000000000000000000000000000000000        0.23387368906604872     
   240.000000000000000000000000000000000        0.23873257152795946     
   241.000000000000000000000000000000000        0.24349423825494360     
   242.000000000000000000000000000000000        0.24815332829914200     
   243.000000000000000000000000000000000        0.25270389483108857     
   244.000000000000000000000000000000000        0.25714067662688672     
   245.000000000000000000000000000000000        0.26145779027092303     
   246.000000000000000000000000000000000        0.26565046292200617     
   247.000000000000000000000000000000000        0.26971327647356469     
   248.000000000000000000000000000000000        0.27364129283425920     
   249.000000000000000000000000000000000        0.27743013353763774     
   250.000000000000000000000000000000000        0.28107464748044431     
   251.000000000000000000000000000000000        0.28457076570916617     
   252.000000000000000000000000000000000        0.28791384680657933     
   253.000000000000000000000000000000000        0.29110038454416004     
   254.000000000000000000000000000000000        0.29412592173760799     
   255.000000000000000000000000000000000        0.29698717839415362     
   256.000000000000000000000000000000000        0.29968029774076016     
   257.000000000000000000000000000000000        0.30220246738957851     
   258.000000000000000000000000000000000        0.30455035262016500     
   259.000000000000000000000000000000000        0.30672084316541226     
   260.000000000000000000000000000000000        0.30871136996189752     
   261.000000000000000000000000000000000        0.31052029264785352     
   262.000000000000000000000000000000000        0.31214407799141503     
   263.000000000000000000000000000000000        0.31358230529974801     
   264.000000000000000000000000000000000        0.31483177912391741     
   265.000000000000000000000000000000000        0.31589196330252550     
   266.000000000000000000000000000000000        0.31676089856148892     
   267.000000000000000000000000000000000        0.31743801423402024     
   268.000000000000000000000000000000000        0.31792199210351740     
   269.000000000000000000000000000000000        0.31821292588897521     
   270.000000000000000000000000000000000        0.31830977354305318     
   271.000000000000000000000000000000000        0.31821292297545750     
   272.000000000000000000000000000000000        0.31792198267144267     
   273.000000000000000000000000000000000        0.31743800550773704     
   274.000000000000000000000000000000000        0.31676109992990936     
   275.000000000000000000000000000000000        0.31589194880606536     
   276.000000000000000000000000000000000        0.31483214721298169     
   277.000000000000000000000000000000000        0.31358228510351127     
   278.000000000000000000000000000000000        0.31214458776064408     
   279.000000000000000000000000000000000        0.31052026685027656     
   280.000000000000000000000000000000000        0.30871184109827310     
   281.000000000000000000000000000000000        0.30672081189231898     
   282.000000000000000000000000000000000        0.30455050150272983     
   283.000000000000000000000000000000000        0.30220243079320486     
   284.000000000000000000000000000000000        0.29968054279223610     
   285.000000000000000000000000000000000        0.29698713665281035     
   286.000000000000000000000000000000000        0.29412607114551315     
   287.000000000000000000000000000000000        0.29110033786123957     
   288.000000000000000000000000000000000        0.28791414439491630     
   289.000000000000000000000000000000000        0.28457071431206299     
   290.000000000000000000000000000000000        0.28107460880719742     
   291.000000000000000000000000000000000        0.27743007767684796     
   292.000000000000000000000000000000000        0.27364147582968729     
   293.000000000000000000000000000000000        0.26971321642120433     
   294.000000000000000000000000000000000        0.26565059399535518     
   295.000000000000000000000000000000000        0.26145772631953751     
   296.000000000000000000000000000000000        0.25714051101128310     
   297.000000000000000000000000000000000        0.25270382729228003     
   298.000000000000000000000000000000000        0.24815342968604057     
   299.000000000000000000000000000000000        0.24349416745775349     
   300.000000000000000000000000000000000        0.23873269537924466     
   301.000000000000000000000000000000000        0.23387361535525480     
   302.000000000000000000000000000000000        0.22892402024683356     
   303.000000000000000000000000000000000        0.22388904135049345     
   304.000000000000000000000000000000000        0.21877571579815161     
   305.000000000000000000000000000000000        0.21358908928688308     
   306.000000000000000000000000000000000        0.20833663869225497     
   307.000000000000000000000000000000000        0.20302393949852013     
   308.000000000000000000000000000000000        0.19765787150210756     
   309.000000000000000000000000000000000        0.19224506433568889     
   310.000000000000000000000000000000000        0.18679183171855857     
   311.000000000000000000000000000000000        0.18130497739798010     
   312.000000000000000000000000000000000        0.17579116544056586     
   313.000000000000000000000000000000000        0.17025697769198486     
   314.000000000000000000000000000000000        0.16470928536074866     
   315.000000000000000000000000000000000        0.15915488996486207     
   316.000000000000000000000000000000000        0.15360016049722375     
   317.000000000000000000000000000000000        0.14805280247490046     
   318.000000000000000000000000000000000        0.14251857223318301     
   319.000000000000000000000000000000000        0.13700480347954619     
   320.000000000000000000000000000000000        0.13151763903169369     
   321.000000000000000000000000000000000        0.12606471772225222     
   322.000000000000000000000000000000000        0.12065176329000368     
   323.000000000000000000000000000000000        0.11528584420415165     
   324.000000000000000000000000000000000        0.10997322767934813     
   325.000000000000000000000000000000000        0.10472069651642862     
   326.000000000000000000000000000000000         9.9534394441423438E-002
   327.000000000000000000000000000000000         9.4420746999530389E-002
   328.000000000000000000000000000000000         8.9385861528120600E-002
   329.000000000000000000000000000000000         8.4436175974826166E-002
   330.000000000000000000000000000000000         7.9577402548976578E-002
   331.000000000000000000000000000000000         7.4815627271541535E-002
   332.000000000000000000000000000000000         7.0156781124980166E-002
   333.000000000000000000000000000000000         6.5605971238413247E-002
   334.000000000000000000000000000000000         6.1169324894957015E-002
   335.000000000000000000000000000000000         5.6852076396494353E-002
   336.000000000000000000000000000000000         5.2659383012061356E-002
   337.000000000000000000000000000000000         4.8596590843729630E-002
   338.000000000000000000000000000000000         4.4668382803568614E-002
   339.000000000000000000000000000000000         4.0879734478291054E-002
   340.000000000000000000000000000000000         3.7235127739829781E-002
   341.000000000000000000000000000000000         3.3739103050663515E-002
   342.000000000000000000000000000000000         3.0395831337049661E-002
   343.000000000000000000000000000000000         2.7209485001429043E-002
   344.000000000000000000000000000000000         2.4183682761901356E-002
   345.000000000000000000000000000000000         2.1322691975041493E-002
   346.000000000000000000000000000000000         1.8629425625204150E-002
   347.000000000000000000000000000000000         1.6107403837048610E-002
   348.000000000000000000000000000000000         1.3759639280270552E-002
   349.000000000000000000000000000000000         1.1589028948398935E-002
   350.000000000000000000000000000000000         9.5981982604798430E-003
   351.000000000000000000000000000000000         7.7895803786059079E-003
   352.000000000000000000000000000000000         6.1654377892188025E-003
   353.000000000000000000000000000000000         4.7275686602053692E-003
   354.000000000000000000000000000000000         3.4779048438627566E-003
   355.000000000000000000000000000000000         2.4179116073321572E-003
   356.000000000000000000000000000000000         1.5488759513789280E-003
   357.000000000000000000000000000000000         8.7186163760130274E-004
   358.000000000000000000000000000000000         3.8769035318682554E-004
   359.000000000000000000000000000000000         9.6950951482296447E-005
   360.000000000000000000000000000000000         1.6705043417021285E-013
