   1.00000000000000000000000000000000000         9.6952893807526015E-005
   2.00000000000000000000000000000000000         3.8769345305451880E-004
   3.00000000000000000000000000000000000         8.7186745512829586E-004
   4.00000000000000000000000000000000000         1.5488740552218314E-003
   5.00000000000000000000000000000000000         2.4179212717242442E-003
   6.00000000000000000000000000000000000         3.4779172154938373E-003
   7.00000000000000000000000000000000000         4.7275821243762560E-003
   8.00000000000000000000000000000000000         6.1654481319328028E-003
   9.00000000000000000000000000000000000         7.7895975769660857E-003
   10.0000000000000000000000000000000000         9.5982167957492561E-003
   11.0000000000000000000000000000000000         1.1589049797135875E-002
   12.0000000000000000000000000000000000         1.3759586796790549E-002
   13.0000000000000000000000000000000000         1.6107428234626710E-002
   14.0000000000000000000000000000000000         1.8629468581128336E-002
   15.0000000000000000000000000000000000         2.1322719802567648E-002
   16.0000000000000000000000000000000000         2.4183786813255614E-002
   17.0000000000000000000000000000000000         2.7209516123326030E-002
   18.0000000000000000000000000000000000         3.0395869931816779E-002
   19.0000000000000000000000000000000000         3.3739137315353961E-002
   20.0000000000000000000000000000000000         3.7235324119934014E-002
   21.0000000000000000000000000000000000         4.0879771718797558E-002
   22.0000000000000000000000000000000000         4.4668464675277575E-002
   23.0000000000000000000000000000000000         4.8596630878633758E-002
   24.0000000000000000000000000000000000         5.2659429567543860E-002
   25.0000000000000000000000000000000000         5.6852119030708477E-002
   26.0000000000000000000000000000000000         6.1169419222431090E-002
   27.0000000000000000000000000000000000         6.5606016264331657E-002
   28.0000000000000000000000000000000000         7.0156610689850296E-002
   29.0000000000000000000000000000000000         7.4815674469710672E-002
   30.0000000000000000000000000000000000         7.9577533956978530E-002
   31.0000000000000000000000000000000000         8.4436225115308183E-002
   32.0000000000000000000000000000000000         8.9385692031974273E-002
   33.0000000000000000000000000000000000         9.4420797842929269E-002
   34.0000000000000000000000000000000000         9.9534457914507324E-002
   35.0000000000000000000000000000000000        0.10472074881508023     
   36.0000000000000000000000000000000000        0.10997376194714738     
   37.0000000000000000000000000000000000        0.11528589770322699     
   38.0000000000000000000000000000000000        0.12065188841590585     
   39.0000000000000000000000000000000000        0.12606477216110926     
   40.0000000000000000000000000000000000        0.13151778187837834     
   41.0000000000000000000000000000000000        0.13700485859298858     
   42.0000000000000000000000000000000000        0.14251861510773406     
   43.0000000000000000000000000000000000        0.14805285799438428     
   44.0000000000000000000000000000000000        0.15360075102877771     
   45.0000000000000000000000000000000000        0.15915494561988791     
   46.0000000000000000000000000000000000        0.16470942963606003     
   47.0000000000000000000000000000000000        0.17025703321149108     
   48.0000000000000000000000000000000000        0.17579104426367620     
   49.0000000000000000000000000000000000        0.18130503251144556     
   50.0000000000000000000000000000000000        0.18679199062230667     
   51.0000000000000000000000000000000000        0.19224511877459069     
   52.0000000000000000000000000000000000        0.19765828636051427     
   53.0000000000000000000000000000000000        0.20302399299753021     
   54.0000000000000000000000000000000000        0.20833636100733099     
   55.0000000000000000000000000000000000        0.21358914158559558     
   56.0000000000000000000000000000000000        0.21877557120310762     
   57.0000000000000000000000000000000000        0.22388909219393369     
   58.0000000000000000000000000000000000        0.22892392236449527     
   59.0000000000000000000000000000000000        0.23387366449576399     
   60.0000000000000000000000000000000000        0.23873199994399671     
   61.0000000000000000000000000000000000        0.24349421465589804     
   62.0000000000000000000000000000000000        0.24815319469271818     
   63.0000000000000000000000000000000000        0.25270387231811475     
   64.0000000000000000000000000000000000        0.25714046697527121     
   65.0000000000000000000000000000000000        0.26145776895388129     
   66.0000000000000000000000000000000000        0.26565029727452000     
   67.0000000000000000000000000000000000        0.26971325645611194     
   68.0000000000000000000000000000000000        0.27364156146080265     
   69.0000000000000000000000000000000000        0.27743011491737063     
   70.0000000000000000000000000000000000        0.28107495601128391     
   71.0000000000000000000000000000000000        0.28457074857677528     
   72.0000000000000000000000000000000000        0.28791391601696426     
   73.0000000000000000000000000000000000        0.29110036898315006     
   74.0000000000000000000000000000000000        0.29412571422969314     
   75.0000000000000000000000000000000000        0.29698716448039264     
   76.0000000000000000000000000000000000        0.29968018194820234     
   77.0000000000000000000000000000000000        0.30220245519078026     
   78.0000000000000000000000000000000000        0.30455001046882890     
   79.0000000000000000000000000000000000        0.30672083274109269     
   80.0000000000000000000000000000000000        0.30871206917798188     
   81.0000000000000000000000000000000000        0.31052028404866833     
   82.0000000000000000000000000000000000        0.31214453076650350     
   83.0000000000000000000000000000000000        0.31358229856774084     
   84.0000000000000000000000000000000000        0.31483155396597234     
   85.0000000000000000000000000000000000        0.31589195847037349     
   86.0000000000000000000000000000000000        0.31676115003173827     
   87.0000000000000000000000000000000000        0.31743801132530231     
   88.0000000000000000000000000000000000        0.31792218186476762     
   89.0000000000000000000000000000000000        0.31821292491784431     
   90.0000000000000000000000000000000000        0.31830972890953257     
   91.0000000000000000000000000000000000        0.31821292394662787     
   92.0000000000000000000000000000000000        0.31792220134771865     
   93.0000000000000000000000000000000000        0.31743800841644820     
   94.0000000000000000000000000000000000        0.31676105342352046     
   95.0000000000000000000000000000000000        0.31589195363824923     
   96.0000000000000000000000000000000000        0.31483192925714604     
   97.0000000000000000000000000000000000        0.31358229183562947     
   98.0000000000000000000000000000000000        0.31214438777344949     
   99.0000000000000000000000000000000000        0.31052027544936023     
   100.000000000000000000000000000000000        0.30871130600999552     
   101.000000000000000000000000000000000        0.30672082231671655     
   102.000000000000000000000000000000000        0.30455034218492116     
   103.000000000000000000000000000000000        0.30220244299202814     
   104.000000000000000000000000000000000        0.29968026288508731     
   105.000000000000000000000000000000000        0.29698715056660430     
   106.000000000000000000000000000000000        0.29412574783350870     
   107.000000000000000000000000000000000        0.29110035342217272     
   108.000000000000000000000000000000000        0.28791405342170212     
   109.000000000000000000000000000000000        0.28457073144451045     
   110.000000000000000000000000000000000        0.28107482315456106     
   111.000000000000000000000000000000000        0.27743009629706911     
   112.000000000000000000000000000000000        0.27364167819398100     
   113.000000000000000000000000000000000        0.26971323643865308     
   114.000000000000000000000000000000000        0.26565045769350898     
   115.000000000000000000000000000000000        0.26145774763671525     
   116.000000000000000000000000000000000        0.25714022992082952     
   117.000000000000000000000000000000000        0.25270384980525923     
   118.000000000000000000000000000000000        0.24815304770494592     
   119.000000000000000000000000000000000        0.24349419105670336     
   120.000000000000000000000000000000000        0.23873263485854543     
   121.000000000000000000000000000000000        0.23387363992555274     
   122.000000000000000000000000000000000        0.22892402619208921     
   123.000000000000000000000000000000000        0.22388906677216969     
   124.000000000000000000000000000000000        0.21877518770609694     
   125.000000000000000000000000000000000        0.21358911543626302     
   126.000000000000000000000000000000000        0.20833656333042780     
   127.000000000000000000000000000000000        0.20302396624798727     
   128.000000000000000000000000000000000        0.19765788019026961     
   129.000000000000000000000000000000000        0.19224509155522479     
   130.000000000000000000000000000000000        0.18679171773282768     
   131.000000000000000000000000000000000        0.18130500495469715     
   132.000000000000000000000000000000000        0.17579102707914146     
   133.000000000000000000000000000000000        0.17025700545178613     
   134.000000000000000000000000000000000        0.16470917454190659     
   135.000000000000000000000000000000000        0.15915491779234545     
   136.000000000000000000000000000000000        0.15360043707598495     
   137.000000000000000000000000000000000        0.14805283023470084     
   138.000000000000000000000000000000000        0.14251834175841097     
   139.000000000000000000000000000000000        0.13700483103622893     
   140.000000000000000000000000000000000        0.13151788361570685     
   141.000000000000000000000000000000000        0.12606474494170056     
   142.000000000000000000000000000000000        0.12065153902348796     
   143.000000000000000000000000000000000        0.11528587095365388     
   144.000000000000000000000000000000000        0.10997321504151240     
   145.000000000000000000000000000000000        0.10472072266576764     
   146.000000000000000000000000000000000         9.9534700325811215E-002
   147.000000000000000000000000000000000         9.4420772421212454E-002
   148.000000000000000000000000000000000         8.9385994389282006E-002
   149.000000000000000000000000000000000         8.4436200545080622E-002
   150.000000000000000000000000000000000         7.9577412769126318E-002
   151.000000000000000000000000000000000         7.4815650870603170E-002
   152.000000000000000000000000000000000         7.0156598823390356E-002
   153.000000000000000000000000000000000         6.5605993751405745E-002
   154.000000000000000000000000000000000         6.1169397769342632E-002
   155.000000000000000000000000000000000         5.6852097713589206E-002
   156.000000000000000000000000000000000         5.2659523772422223E-002
   157.000000000000000000000000000000000         4.8596610861221953E-002
   158.000000000000000000000000000000000         4.4668394483226175E-002
   159.000000000000000000000000000000000         4.0879753098527857E-002
   160.000000000000000000000000000000000         3.7235133455640577E-002
   161.000000000000000000000000000000000         3.3739120183015760E-002
   162.000000000000000000000000000000000         3.0395950837364443E-002
   163.000000000000000000000000000000000         2.7209500562365731E-002
   164.000000000000000000000000000000000         2.4183879611318321E-002
   165.000000000000000000000000000000000         2.1322705888796988E-002
   166.000000000000000000000000000000000         1.8629507921713511E-002
   167.000000000000000000000000000000000         1.6107416035815208E-002
   168.000000000000000000000000000000000         1.3759655221641635E-002
   169.000000000000000000000000000000000         1.1589039372762162E-002
   170.000000000000000000000000000000000         9.5981274680457754E-003
   171.000000000000000000000000000000000         7.7895889777790306E-003
   172.000000000000000000000000000000000         6.1653804835707527E-003
   173.000000000000000000000000000000000         4.7275753922922329E-003
   174.000000000000000000000000000000000         3.4778691775757967E-003
   175.000000000000000000000000000000000         2.4179164395247543E-003
   176.000000000000000000000000000000000         1.5488925949763968E-003
   177.000000000000000000000000000000000         8.7186454636618697E-004
   178.000000000000000000000000000000000         3.8768972709271485E-004
   179.000000000000000000000000000000000         9.6951922642453961E-005
   180.000000000000000000000000000000000         2.3991629453739697E-015
   181.000000000000000000000000000000000         9.6953864975454196E-005
   182.000000000000000000000000000000000         3.8769603085156743E-004
   183.000000000000000000000000000000000         8.7187036390265244E-004
   184.000000000000000000000000000000000         1.5488895295967552E-003
   185.000000000000000000000000000000000         2.4179261039233694E-003
   186.000000000000000000000000000000000         3.4779232433873614E-003
   187.000000000000000000000000000000000         4.7275888564752072E-003
   188.000000000000000000000000000000000         6.1653963547345378E-003
   189.000000000000000000000000000000000         7.7896061761437412E-003
   190.000000000000000000000000000000000         9.5982592337576118E-003
   191.000000000000000000000000000000000         1.1589060221537608E-002
   192.000000000000000000000000000000000         1.3759679667293748E-002
   193.000000000000000000000000000000000         1.6107440433404206E-002
   194.000000000000000000000000000000000         1.8629506166045990E-002
   195.000000000000000000000000000000000         2.1322733716336594E-002
   196.000000000000000000000000000000000         2.4183902446439979E-002
   197.000000000000000000000000000000000         2.7209531684297031E-002
   198.000000000000000000000000000000000         3.0395882871246300E-002
   199.000000000000000000000000000000000         3.3739154447694340E-002
   200.000000000000000000000000000000000         3.7235214368930548E-002
   201.000000000000000000000000000000000         4.0879790339012588E-002
   202.000000000000000000000000000000000         4.4668355532880857E-002
   203.000000000000000000000000000000000         4.8596650896107894E-002
   204.000000000000000000000000000000000         5.2659557803529801E-002
   205.000000000000000000000000000000000         5.6852140347856406E-002
   206.000000000000000000000000000000000         6.1169468677277627E-002
   207.000000000000000000000000000000000         6.5606038777279468E-002
   208.000000000000000000000000000000000         7.0156660695429959E-002
   209.000000000000000000000000000000000         7.4815698068800424E-002
   210.000000000000000000000000000000000         7.9577431962401621E-002
   211.000000000000000000000000000000000         8.4436249685630710E-002
   212.000000000000000000000000000000000         8.9386029875481249E-002
   213.000000000000000000000000000000000         9.4420823264653134E-002
   214.000000000000000000000000000000000         9.9534426056147485E-002
   215.000000000000000000000000000000000        0.10472077496445918     
   216.000000000000000000000000000000000        0.10997323640991512     
   217.000000000000000000000000000000000        0.11528592445275969     
   218.000000000000000000000000000000000        0.12065191606589985     
   219.000000000000000000000000000000000        0.12606479938056001     
   220.000000000000000000000000000000000        0.13151794459575714     
   221.000000000000000000000000000000000        0.13700488614966208     
   222.000000000000000000000000000000000        0.14251875491491489     
   223.000000000000000000000000000000000        0.14805288575416647     
   224.000000000000000000000000000000000        0.15360047162528037     
   225.000000000000000000000000000000000        0.15915497344740659     
   226.000000000000000000000000000000000        0.16470939735947426     
   227.000000000000000000000000000000000        0.17025706097126653     
   228.000000000000000000000000000000000        0.17579128143519168     
   229.000000000000000000000000000000000        0.18130506006812022     
   230.000000000000000000000000000000000        0.18679214946743963     
   231.000000000000000000000000000000000        0.19224514599409220     
   232.000000000000000000000000000000000        0.19765819253851996     
   233.000000000000000000000000000000000        0.20302401974705750     
   234.000000000000000000000000000000000        0.20833674432077193     
   235.000000000000000000000000000000000        0.21358916773495065     
   236.000000000000000000000000000000000        0.21877565684402192     
   237.000000000000000000000000000000000        0.22388911761565777     
   238.000000000000000000000000000000000        0.22892406805344181     
   239.000000000000000000000000000000000        0.23387368906604891     
   240.000000000000000000000000000000000        0.23873256368312357     
   241.000000000000000000000000000000000        0.24349423825494360     
   242.000000000000000000000000000000000        0.24815332553096070     
   243.000000000000000000000000000000000        0.25270389483108990     
   244.000000000000000000000000000000000        0.25714066803607383     
   245.000000000000000000000000000000000        0.26145779027092664     
   246.000000000000000000000000000000000        0.26565045961550421     
   247.000000000000000000000000000000000        0.26971327647356330     
   248.000000000000000000000000000000000        0.27364130204397807     
   249.000000000000000000000000000000000        0.27743013353763585     
   250.000000000000000000000000000000000        0.28107465180185420     
   251.000000000000000000000000000000000        0.28457076570916617     
   252.000000000000000000000000000000000        0.28791385664972763     
   253.000000000000000000000000000000000        0.29110038454415765     
   254.000000000000000000000000000000000        0.29412592654126035     
   255.000000000000000000000000000000000        0.29698717839414973     
   256.000000000000000000000000000000000        0.29968030547130264     
   257.000000000000000000000000000000000        0.30220246738957851     
   258.000000000000000000000000000000000        0.30455034507049045     
   259.000000000000000000000000000000000        0.30672084316541320     
   260.000000000000000000000000000000000        0.30871138810350379     
   261.000000000000000000000000000000000        0.31052029264785158     
   262.000000000000000000000000000000000        0.31214410295214179     
   263.000000000000000000000000000000000        0.31358230529974901     
   264.000000000000000000000000000000000        0.31483179043274490     
   265.000000000000000000000000000000000        0.31589196330252900     
   266.000000000000000000000000000000000        0.31676090450568023     
   267.000000000000000000000000000000000        0.31743801423402074     
   268.000000000000000000000000000000000        0.31792200372627172     
   269.000000000000000000000000000000000        0.31821292588897365     
   270.000000000000000000000000000000000        0.31830977973904989     
   271.000000000000000000000000000000000        0.31821292297545700     
   272.000000000000000000000000000000000        0.31792199450963704     
   273.000000000000000000000000000000000        0.31743800550773604     
   274.000000000000000000000000000000000        0.31676109315846157     
   275.000000000000000000000000000000000        0.31589194880606036     
   276.000000000000000000000000000000000        0.31483213551010314     
   277.000000000000000000000000000000000        0.31358228510351027     
   278.000000000000000000000000000000000        0.31214458091360775     
   279.000000000000000000000000000000000        0.31052026685027656     
   280.000000000000000000000000000000000        0.30871182940769626     
   281.000000000000000000000000000000000        0.30672081189231754     
   282.000000000000000000000000000000000        0.30455048303735016     
   283.000000000000000000000000000000000        0.30220243079320536     
   284.000000000000000000000000000000000        0.29968053355297608     
   285.000000000000000000000000000000000        0.29698713665280890     
   286.000000000000000000000000000000000        0.29412606438815347     
   287.000000000000000000000000000000000        0.29110033786123957     
   288.000000000000000000000000000000000        0.28791413354205353     
   289.000000000000000000000000000000000        0.28457071431206771     
   290.000000000000000000000000000000000        0.28107461223378133     
   291.000000000000000000000000000000000        0.27743007767684752     
   292.000000000000000000000000000000000        0.27364147065210442     
   293.000000000000000000000000000000000        0.26971321642120294     
   294.000000000000000000000000000000000        0.26565057915971485     
   295.000000000000000000000000000000000        0.26145772631954117     
   296.000000000000000000000000000000000        0.25714050838049612     
   297.000000000000000000000000000000000        0.25270382729227914     
   298.000000000000000000000000000000000        0.24815341673295441     
   299.000000000000000000000000000000000        0.24349416745774888     
   300.000000000000000000000000000000000        0.23873267582399504     
   301.000000000000000000000000000000000        0.23387361535525694     
   302.000000000000000000000000000000000        0.22892400886962197     
   303.000000000000000000000000000000000        0.22388904135049406     
   304.000000000000000000000000000000000        0.21877569601828128     
   305.000000000000000000000000000000000        0.21358908928688575     
   306.000000000000000000000000000000000        0.20833662888717083     
   307.000000000000000000000000000000000        0.20302393949851655     
   308.000000000000000000000000000000000        0.19765787660149184     
   309.000000000000000000000000000000000        0.19224506433569125     
   310.000000000000000000000000000000000        0.18679183319992343     
   311.000000000000000000000000000000000        0.18130497739797879     
   312.000000000000000000000000000000000        0.17579116224129285     
   313.000000000000000000000000000000000        0.17025697769198467     
   314.000000000000000000000000000000000        0.16470928727390061     
   315.000000000000000000000000000000000        0.15915488996485957     
   316.000000000000000000000000000000000        0.15360017853218277     
   317.000000000000000000000000000000000        0.14805280247490116     
   318.000000000000000000000000000000000        0.14251857798704828     
   319.000000000000000000000000000000000        0.13700480347954569     
   320.000000000000000000000000000000000        0.13151765609712954     
   321.000000000000000000000000000000000        0.12606471772225253     
   322.000000000000000000000000000000000        0.12065176702826731     
   323.000000000000000000000000000000000        0.11528584420415165     
   324.000000000000000000000000000000000        0.10997323260830753     
   325.000000000000000000000000000000000        0.10472069651642892     
   326.000000000000000000000000000000000         9.9534394924695346E-002
   327.000000000000000000000000000000000         9.4420746999528349E-002
   328.000000000000000000000000000000000         8.9385867413494399E-002
   329.000000000000000000000000000000000         8.4436175974826416E-002
   330.000000000000000000000000000000000         7.9577403898253241E-002
   331.000000000000000000000000000000000         7.4815627271540799E-002
   332.000000000000000000000000000000000         7.0156769347891182E-002
   333.000000000000000000000000000000000         6.5605971238414149E-002
   334.000000000000000000000000000000000         6.1169325416513140E-002
   335.000000000000000000000000000000000         5.6852076396492660E-002
   336.000000000000000000000000000000000         5.2659387575397600E-002
   337.000000000000000000000000000000000         4.8596590843730608E-002
   338.000000000000000000000000000000000         4.4668385057900106E-002
   339.000000000000000000000000000000000         4.0879734478290422E-002
   340.000000000000000000000000000000000         3.7235128980338435E-002
   341.000000000000000000000000000000000         3.3739103050664368E-002
   342.000000000000000000000000000000000         3.0395832897128269E-002
   343.000000000000000000000000000000000         2.7209485001428200E-002
   344.000000000000000000000000000000000         2.4183693806188983E-002
   345.000000000000000000000000000000000         2.1322691975041559E-002
   346.000000000000000000000000000000000         1.8629426696328298E-002
   347.000000000000000000000000000000000         1.6107403837048243E-002
   348.000000000000000000000000000000000         1.3759639651815420E-002
   349.000000000000000000000000000000000         1.1589028948398852E-002
   350.000000000000000000000000000000000         9.5981982887111267E-003
   351.000000000000000000000000000000000         7.7895803786058202E-003
   352.000000000000000000000000000000000         6.1654341843103509E-003
   353.000000000000000000000000000000000         4.7275686602053918E-003
   354.000000000000000000000000000000000         3.4779049061023542E-003
   355.000000000000000000000000000000000         2.4179116073320944E-003
   356.000000000000000000000000000000000         1.5488760296782039E-003
   357.000000000000000000000000000000000         8.7186163760135521E-004
   358.000000000000000000000000000000000         3.8769030647478007E-004
   359.000000000000000000000000000000000         9.6950951482286743E-005
   360.000000000000000000000000000000000         1.4320748224709642E-013
