   1.00000000000000000000000000000000000         9.6952893806528481E-005
   2.00000000000000000000000000000000000         3.8769345305254919E-004
   3.00000000000000000000000000000000000         8.7186745513099877E-004
   4.00000000000000000000000000000000000         1.5488832699417060E-003
   5.00000000000000000000000000000000000         2.4179212717231982E-003
   6.00000000000000000000000000000000000         3.4779174192599055E-003
   7.00000000000000000000000000000000000         4.7275821243764537E-003
   8.00000000000000000000000000000000000         6.1654015388720946E-003
   9.00000000000000000000000000000000000         7.7895975769589525E-003
   10.0000000000000000000000000000000000         9.5982176140948453E-003
   11.0000000000000000000000000000000000         1.1589049797143466E-002
   12.0000000000000000000000000000000000         1.3759655228864194E-002
   13.0000000000000000000000000000000000         1.6107428234613093E-002
   14.0000000000000000000000000000000000         1.8629469518196579E-002
   15.0000000000000000000000000000000000         2.1322719802569126E-002
   16.0000000000000000000000000000000000         2.4183879717596422E-002
   17.0000000000000000000000000000000000         2.7209516123326800E-002
   18.0000000000000000000000000000000000         3.0395886967342495E-002
   19.0000000000000000000000000000000000         3.3739137315353107E-002
   20.0000000000000000000000000000000000         3.7235206487510497E-002
   21.0000000000000000000000000000000000         4.0879771718786012E-002
   22.0000000000000000000000000000000000         4.4668460090023669E-002
   23.0000000000000000000000000000000000         4.8596630878644409E-002
   24.0000000000000000000000000000000000         5.2659489499769362E-002
   25.0000000000000000000000000000000000         5.6852119030715215E-002
   26.0000000000000000000000000000000000         6.1169384112352093E-002
   27.0000000000000000000000000000000000         6.5606016264322040E-002
   28.0000000000000000000000000000000000         7.0156626934062785E-002
   29.0000000000000000000000000000000000         7.4815674469701623E-002
   30.0000000000000000000000000000000000         7.9577482968522989E-002
   31.0000000000000000000000000000000000         8.4436225115331484E-002
   32.0000000000000000000000000000000000         8.9385959638715276E-002
   33.0000000000000000000000000000000000         9.4420797842928131E-002
   34.0000000000000000000000000000000000         9.9534454738039874E-002
   35.0000000000000000000000000000000000        0.10472074881508713     
   36.0000000000000000000000000000000000        0.10997342646837112     
   37.0000000000000000000000000000000000        0.11528589770323378     
   38.0000000000000000000000000000000000        0.12065188125829338     
   39.0000000000000000000000000000000000        0.12606477216112513     
   40.0000000000000000000000000000000000        0.13151794828915955     
   41.0000000000000000000000000000000000        0.13700485859297640     
   42.0000000000000000000000000000000000        0.14251870668238606     
   43.0000000000000000000000000000000000        0.14805285799440376     
   44.0000000000000000000000000000000000        0.15360055516037938     
   45.0000000000000000000000000000000000        0.15915494561988883     
   46.0000000000000000000000000000000000        0.16470938201274182     
   47.0000000000000000000000000000000000        0.17025703321148039     
   48.0000000000000000000000000000000000        0.17579114768876147     
   49.0000000000000000000000000000000000        0.18130503251140395     
   50.0000000000000000000000000000000000        0.18679192392530400     
   51.0000000000000000000000000000000000        0.19224511877459999     
   52.0000000000000000000000000000000000        0.19765805463959302     
   53.0000000000000000000000000000000000        0.20302399299754451     
   54.0000000000000000000000000000000000        0.20833650097857093     
   55.0000000000000000000000000000000000        0.21358914158558900     
   56.0000000000000000000000000000000000        0.21877545753477676     
   57.0000000000000000000000000000000000        0.22388909219394040     
   58.0000000000000000000000000000000000        0.22892388647300349     
   59.0000000000000000000000000000000000        0.23387366449579697     
   60.0000000000000000000000000000000000        0.23873234998258097     
   61.0000000000000000000000000000000000        0.24349421465586152     
   62.0000000000000000000000000000000000        0.24815324867643135     
   63.0000000000000000000000000000000000        0.25270387231815750     
   64.0000000000000000000000000000000000        0.25714050384571208     
   65.0000000000000000000000000000000000        0.26145776895386186     
   66.0000000000000000000000000000000000        0.26565037263857982     
   67.0000000000000000000000000000000000        0.26971325645609501     
   68.0000000000000000000000000000000000        0.27364144898776904     
   69.0000000000000000000000000000000000        0.27743011491735686     
   70.0000000000000000000000000000000000        0.28107474229978835     
   71.0000000000000000000000000000000000        0.28457074857682052     
   72.0000000000000000000000000000000000        0.28791398273450836     
   73.0000000000000000000000000000000000        0.29110036898316144     
   74.0000000000000000000000000000000000        0.29412594408374737     
   75.0000000000000000000000000000000000        0.29698716448033624     
   76.0000000000000000000000000000000000        0.29968037730360919     
   77.0000000000000000000000000000000000        0.30220245519079197     
   78.0000000000000000000000000000000000        0.30455018240404286     
   79.0000000000000000000000000000000000        0.30672083274106132     
   80.0000000000000000000000000000000000        0.30871172858004120     
   81.0000000000000000000000000000000000        0.31052028404864740     
   82.0000000000000000000000000000000000        0.31214449513612863     
   83.0000000000000000000000000000000000        0.31358229856768932     
   84.0000000000000000000000000000000000        0.31483189787299987     
   85.0000000000000000000000000000000000        0.31589195847038559     
   86.0000000000000000000000000000000000        0.31676101898050635     
   87.0000000000000000000000000000000000        0.31743801132527028     
   88.0000000000000000000000000000000000        0.31792218437071390     
   89.0000000000000000000000000000000000        0.31821292491779668     
   90.0000000000000000000000000000000000        0.31830985376783733     
   91.0000000000000000000000000000000000        0.31821292394662221     
   92.0000000000000000000000000000000000        0.31792218583021425     
   93.0000000000000000000000000000000000        0.31743800841648701     
   94.0000000000000000000000000000000000        0.31676100038776356     
   95.0000000000000000000000000000000000        0.31589195363819733     
   96.0000000000000000000000000000000000        0.31483195257573560     
   97.0000000000000000000000000000000000        0.31358229183559555     
   98.0000000000000000000000000000000000        0.31214446598601875     
   99.0000000000000000000000000000000000        0.31052027544944633     
   100.000000000000000000000000000000000        0.30871159943541920     
   101.000000000000000000000000000000000        0.30672082231668313     
   102.000000000000000000000000000000000        0.30455022553549882     
   103.000000000000000000000000000000000        0.30220244299200955     
   104.000000000000000000000000000000000        0.29968037916018964     
   105.000000000000000000000000000000000        0.29698715056656511     
   106.000000000000000000000000000000000        0.29412593701203221     
   107.000000000000000000000000000000000        0.29110035342219887     
   108.000000000000000000000000000000000        0.28791399078445762     
   109.000000000000000000000000000000000        0.28457073144449102     
   110.000000000000000000000000000000000        0.28107470616346758     
   111.000000000000000000000000000000000        0.27743009629709448     
   112.000000000000000000000000000000000        0.27364145125456213     
   113.000000000000000000000000000000000        0.26971323643864031     
   114.000000000000000000000000000000000        0.26565038070454478     
   115.000000000000000000000000000000000        0.26145774763672769     
   116.000000000000000000000000000000000        0.25714044777031569     
   117.000000000000000000000000000000000        0.25270384980522331     
   118.000000000000000000000000000000000        0.24815320593687892     
   119.000000000000000000000000000000000        0.24349419105675710     
   120.000000000000000000000000000000000        0.23873243048862589     
   121.000000000000000000000000000000000        0.23387363992554852     
   122.000000000000000000000000000000000        0.22892388191238269     
   123.000000000000000000000000000000000        0.22388906677221559     
   124.000000000000000000000000000000000        0.21877537495642474     
   125.000000000000000000000000000000000        0.21358911543625897     
   126.000000000000000000000000000000000        0.20833651082867605     
   127.000000000000000000000000000000000        0.20302396624800184     
   128.000000000000000000000000000000000        0.19765796745306183     
   129.000000000000000000000000000000000        0.19224509155517450     
   130.000000000000000000000000000000000        0.18679185755470187     
   131.000000000000000000000000000000000        0.18130500495468080     
   132.000000000000000000000000000000000        0.17579112167883743     
   133.000000000000000000000000000000000        0.17025700545173886     
   134.000000000000000000000000000000000        0.16470931812539666     
   135.000000000000000000000000000000000        0.15915491779235361     
   136.000000000000000000000000000000000        0.15360048193040951     
   137.000000000000000000000000000000000        0.14805283023466581     
   138.000000000000000000000000000000000        0.14251864001135761     
   139.000000000000000000000000000000000        0.13700483103625172     
   140.000000000000000000000000000000000        0.13151794138314291     
   141.000000000000000000000000000000000        0.12606474494169337     
   142.000000000000000000000000000000000        0.12065180308407793     
   143.000000000000000000000000000000000        0.11528587095368675     
   144.000000000000000000000000000000000        0.10997331739332132     
   145.000000000000000000000000000000000        0.10472072266576106     
   146.000000000000000000000000000000000         9.9534471510194719E-002
   147.000000000000000000000000000000000         9.4420772421211469E-002
   148.000000000000000000000000000000000         8.9385986590790140E-002
   149.000000000000000000000000000000000         8.4436200545081594E-002
   150.000000000000000000000000000000000         7.9577443458299854E-002
   151.000000000000000000000000000000000         7.4815650870611913E-002
   152.000000000000000000000000000000000         7.0156605642343217E-002
   153.000000000000000000000000000000000         6.5605993751377961E-002
   154.000000000000000000000000000000000         6.1169362259402324E-002
   155.000000000000000000000000000000000         5.6852097713589803E-002
   156.000000000000000000000000000000000         5.2659487055561421E-002
   157.000000000000000000000000000000000         4.8596610861198701E-002
   158.000000000000000000000000000000000         4.4668432686152039E-002
   159.000000000000000000000000000000000         4.0879753098530140E-002
   160.000000000000000000000000000000000         3.7235161175397595E-002
   161.000000000000000000000000000000000         3.3739120183013692E-002
   162.000000000000000000000000000000000         3.0395886049161852E-002
   163.000000000000000000000000000000000         2.7209500562368545E-002
   164.000000000000000000000000000000000         2.4183882041809275E-002
   165.000000000000000000000000000000000         2.1322705888802661E-002
   166.000000000000000000000000000000000         1.8629464772182931E-002
   167.000000000000000000000000000000000         1.6107416035822972E-002
   168.000000000000000000000000000000000         1.3759656568075214E-002
   169.000000000000000000000000000000000         1.1589039372767774E-002
   170.000000000000000000000000000000000         9.5981954282225654E-003
   171.000000000000000000000000000000000         7.7895889777788441E-003
   172.000000000000000000000000000000000         6.1653843482563468E-003
   173.000000000000000000000000000000000         4.7275753922892440E-003
   174.000000000000000000000000000000000         3.4779049268686356E-003
   175.000000000000000000000000000000000         2.4179164395247209E-003
   176.000000000000000000000000000000000         1.5488829546545144E-003
   177.000000000000000000000000000000000         8.7186454636467678E-004
   178.000000000000000000000000000000000         3.8769122860024557E-004
   179.000000000000000000000000000000000         9.6951922641918135E-005
   180.000000000000000000000000000000000         2.4274118862157378E-015
   181.000000000000000000000000000000000         9.6953864975711125E-005
   182.000000000000000000000000000000000         3.8769549526025302E-004
   183.000000000000000000000000000000000         8.7187036390325092E-004
   184.000000000000000000000000000000000         1.5488889843034560E-003
   185.000000000000000000000000000000000         2.4179261039257906E-003
   186.000000000000000000000000000000000         3.4779232433799876E-003
   187.000000000000000000000000000000000         4.7275888564698026E-003
   188.000000000000000000000000000000000         6.1653997730866470E-003
   189.000000000000000000000000000000000         7.7896061761417177E-003
   190.000000000000000000000000000000000         9.5982323571359787E-003
   191.000000000000000000000000000000000         1.1589060221527090E-002
   192.000000000000000000000000000000000         1.3759679492126203E-002
   193.000000000000000000000000000000000         1.6107440433401825E-002
   194.000000000000000000000000000000000         1.8629486474605425E-002
   195.000000000000000000000000000000000         2.1322733716338475E-002
   196.000000000000000000000000000000000         2.4183910477745499E-002
   197.000000000000000000000000000000000         2.7209531684290536E-002
   198.000000000000000000000000000000000         3.0395902781548342E-002
   199.000000000000000000000000000000000         3.3739154447695638E-002
   200.000000000000000000000000000000000         3.7235204114692728E-002
   201.000000000000000000000000000000000         4.0879790339036742E-002
   202.000000000000000000000000000000000         4.4668459028100023E-002
   203.000000000000000000000000000000000         4.8596650896102309E-002
   204.000000000000000000000000000000000         5.2659527252058122E-002
   205.000000000000000000000000000000000         5.6852140347848405E-002
   206.000000000000000000000000000000000         6.1169410410026194E-002
   207.000000000000000000000000000000000         6.5606038777271558E-002
   208.000000000000000000000000000000000         7.0156654279613456E-002
   209.000000000000000000000000000000000         7.4815698068791167E-002
   210.000000000000000000000000000000000         7.9577487052966467E-002
   211.000000000000000000000000000000000         8.4436249685597833E-002
   212.000000000000000000000000000000000         8.9386034305894729E-002
   213.000000000000000000000000000000000         9.4420823264648124E-002
   214.000000000000000000000000000000000         9.9534471386963017E-002
   215.000000000000000000000000000000000        0.10472077496442450     
   216.000000000000000000000000000000000        0.10997336531448054     
   217.000000000000000000000000000000000        0.11528592445277609     
   218.000000000000000000000000000000000        0.12065190836225657     
   219.000000000000000000000000000000000        0.12606479938056381     
   220.000000000000000000000000000000000        0.13151799717213219     
   221.000000000000000000000000000000000        0.13700488614968864     
   222.000000000000000000000000000000000        0.14251875215622559     
   223.000000000000000000000000000000000        0.14805288575415704     
   224.000000000000000000000000000000000        0.15360053420683295     
   225.000000000000000000000000000000000        0.15915497344742102     
   226.000000000000000000000000000000000        0.16470940028567921     
   227.000000000000000000000000000000000        0.17025706097123217     
   228.000000000000000000000000000000000        0.17579120861725531     
   229.000000000000000000000000000000000        0.18130506006811553     
   230.000000000000000000000000000000000        0.18679197219361768     
   231.000000000000000000000000000000000        0.19224514599404544     
   232.000000000000000000000000000000000        0.19765806246229550     
   233.000000000000000000000000000000000        0.20302401974708431     
   234.000000000000000000000000000000000        0.20833658408664757     
   235.000000000000000000000000000000000        0.21358916773492048     
   236.000000000000000000000000000000000        0.21877549283437400     
   237.000000000000000000000000000000000        0.22388911761565800     
   238.000000000000000000000000000000000        0.22892393063941499     
   239.000000000000000000000000000000000        0.23387368906605441     
   240.000000000000000000000000000000000        0.23873245973906018     
   241.000000000000000000000000000000000        0.24349423825494088     
   242.000000000000000000000000000000000        0.24815328885256013     
   243.000000000000000000000000000000000        0.25270389483110767     
   244.000000000000000000000000000000000        0.25714055420781884     
   245.000000000000000000000000000000000        0.26145779027097477     
   246.000000000000000000000000000000000        0.26565041580435461     
   247.000000000000000000000000000000000        0.26971327647354498     
   248.000000000000000000000000000000000        0.27364142407276804     
   249.000000000000000000000000000000000        0.27743013353761103     
   250.000000000000000000000000000000000        0.28107470906053872     
   251.000000000000000000000000000000000        0.28457076570916617     
   252.000000000000000000000000000000000        0.28791398707145877     
   253.000000000000000000000000000000000        0.29110038454412590     
   254.000000000000000000000000000000000        0.29412599018965740     
   255.000000000000000000000000000000000        0.29698717839409844     
   256.000000000000000000000000000000000        0.29968040790099942     
   257.000000000000000000000000000000000        0.30220246738957851     
   258.000000000000000000000000000000000        0.30455024503731132     
   259.000000000000000000000000000000000        0.30672084316542625     
   260.000000000000000000000000000000000        0.30871162847983724     
   261.000000000000000000000000000000000        0.31052029264782532     
   262.000000000000000000000000000000000        0.31214443368186578     
   263.000000000000000000000000000000000        0.31358230529976222     
   264.000000000000000000000000000000000        0.31483194027472816     
   265.000000000000000000000000000000000        0.31589196330257530     
   266.000000000000000000000000000000000        0.31676098326622087     
   267.000000000000000000000000000000000        0.31743801423402740     
   268.000000000000000000000000000000000        0.31792215772778615     
   269.000000000000000000000000000000000        0.31821292588895378     
   270.000000000000000000000000000000000        0.31830986183601190     
   271.000000000000000000000000000000000        0.31821292297545040     
   272.000000000000000000000000000000000        0.31792215136573349     
   273.000000000000000000000000000000000        0.31743800550772278     
   274.000000000000000000000000000000000        0.31676100343678504     
   275.000000000000000000000000000000000        0.31589194880599425     
   276.000000000000000000000000000000000        0.31483198044698302     
   277.000000000000000000000000000000000        0.31358228510349706     
   278.000000000000000000000000000000000        0.31214449019038354     
   279.000000000000000000000000000000000        0.31052026685027656     
   280.000000000000000000000000000000000        0.30871167450757397     
   281.000000000000000000000000000000000        0.30672081189229800     
   282.000000000000000000000000000000000        0.30455023837112200     
   283.000000000000000000000000000000000        0.30220243079321180     
   284.000000000000000000000000000000000        0.29968041113279464     
   285.000000000000000000000000000000000        0.29698713665278964     
   286.000000000000000000000000000000000        0.29412597485314523     
   287.000000000000000000000000000000000        0.29110033786123957     
   288.000000000000000000000000000000000        0.28791398974164101     
   289.000000000000000000000000000000000        0.28457071431213049     
   290.000000000000000000000000000000000        0.28107465763602013     
   291.000000000000000000000000000000000        0.27743007767684130     
   292.000000000000000000000000000000000        0.27364140204913612     
   293.000000000000000000000000000000000        0.26971321642118462     
   294.000000000000000000000000000000000        0.26565038258751977     
   295.000000000000000000000000000000000        0.26145772631958930     
   296.000000000000000000000000000000000        0.25714047352256986     
   297.000000000000000000000000000000000        0.25270382729226731     
   298.000000000000000000000000000000000        0.24815324510459441     
   299.000000000000000000000000000000000        0.24349416745768790     
   300.000000000000000000000000000000000        0.23873241671701304     
   301.000000000000000000000000000000000        0.23387361535528539     
   302.000000000000000000000000000000000        0.22892385812159524     
   303.000000000000000000000000000000000        0.22388904135050242     
   304.000000000000000000000000000000000        0.21877543393508381     
   305.000000000000000000000000000000000        0.21358908928692111     
   306.000000000000000000000000000000000        0.20833649896982787     
   307.000000000000000000000000000000000        0.20302393949846881     
   308.000000000000000000000000000000000        0.19765794416833954     
   309.000000000000000000000000000000000        0.19224506433572219     
   310.000000000000000000000000000000000        0.18679185282800845     
   311.000000000000000000000000000000000        0.18130497739796125     
   312.000000000000000000000000000000000        0.17579111985092813     
   313.000000000000000000000000000000000        0.17025697769198225     
   314.000000000000000000000000000000000        0.16470931262316513     
   315.000000000000000000000000000000000        0.15915488996482671     
   316.000000000000000000000000000000000        0.15360041749548964     
   317.000000000000000000000000000000000        0.14805280247491021     
   318.000000000000000000000000000000000        0.14251865422577431     
   319.000000000000000000000000000000000        0.13700480347953917     
   320.000000000000000000000000000000000        0.13151788221425892     
   321.000000000000000000000000000000000        0.12606471772225672     
   322.000000000000000000000000000000000        0.12065181656026576     
   323.000000000000000000000000000000000        0.11528584420415165     
   324.000000000000000000000000000000000        0.10997329791703012     
   325.000000000000000000000000000000000        0.10472069651643272     
   326.000000000000000000000000000000000         9.9534401328048333E-002
   327.000000000000000000000000000000000         9.4420746999501218E-002
   328.000000000000000000000000000000000         8.9385945394715463E-002
   329.000000000000000000000000000000000         8.4436175974829844E-002
   330.000000000000000000000000000000000         7.9577421776170068E-002
   331.000000000000000000000000000000000         7.4815627271531140E-002
   332.000000000000000000000000000000000         7.0156613301555620E-002
   333.000000000000000000000000000000000         6.5605971238426208E-002
   334.000000000000000000000000000000000         6.1169332327132064E-002
   335.000000000000000000000000000000000         5.6852076396470212E-002
   336.000000000000000000000000000000000         5.2659448039621512E-002
   337.000000000000000000000000000000000         4.8596590843743584E-002
   338.000000000000000000000000000000000         4.4668414927797481E-002
   339.000000000000000000000000000000000         4.0879734478282095E-002
   340.000000000000000000000000000000000         3.7235145417080048E-002
   341.000000000000000000000000000000000         3.3739103050675720E-002
   342.000000000000000000000000000000000         3.0395853568173595E-002
   343.000000000000000000000000000000000         2.7209485001417039E-002
   344.000000000000000000000000000000000         2.4183840143238128E-002
   345.000000000000000000000000000000000         2.1322691975042416E-002
   346.000000000000000000000000000000000         1.8629440888726201E-002
   347.000000000000000000000000000000000         1.6107403837043389E-002
   348.000000000000000000000000000000000         1.3759644574785389E-002
   349.000000000000000000000000000000000         1.1589028948397744E-002
   350.000000000000000000000000000000000         9.5981986627755346E-003
   351.000000000000000000000000000000000         7.7895803786046510E-003
   352.000000000000000000000000000000000         6.1653864193728630E-003
   353.000000000000000000000000000000000         4.7275686602056954E-003
   354.000000000000000000000000000000000         3.4779057307770729E-003
   355.000000000000000000000000000000000         2.4179116073312626E-003
   356.000000000000000000000000000000000         1.5488770671438206E-003
   357.000000000000000000000000000000000         8.7186163760205018E-004
   358.000000000000000000000000000000000         3.8768968754044291E-004
   359.000000000000000000000000000000000         9.6950951482158198E-005
   360.000000000000000000000000000000000         5.2532916207767084E-016
