   1.00000000000000000000000000000000000         9.6952893808197529E-005
   2.00000000000000000000000000000000000         3.8769345305574514E-004
   3.00000000000000000000000000000000000         8.7186745512646258E-004
   4.00000000000000000000000000000000000         1.5488683177685863E-003
   5.00000000000000000000000000000000000         2.4179212717251449E-003
   6.00000000000000000000000000000000000         3.4779170886206283E-003
   7.00000000000000000000000000000000000         4.7275821243757885E-003
   8.00000000000000000000000000000000000         6.1654771427953874E-003
   9.00000000000000000000000000000000000         7.7895975769709681E-003
   10.0000000000000000000000000000000000         9.5982162862133409E-003
   11.0000000000000000000000000000000000         1.1589049797130619E-002
   12.0000000000000000000000000000000000         1.3759544188226884E-002
   13.0000000000000000000000000000000000         1.6107428234635814E-002
   14.0000000000000000000000000000000000         1.8629467997670762E-002
   15.0000000000000000000000000000000000         2.1322719802566004E-002
   16.0000000000000000000000000000000000         2.4183728967246767E-002
   17.0000000000000000000000000000000000         2.7209516123326359E-002
   18.0000000000000000000000000000000000         3.0395859324793748E-002
   19.0000000000000000000000000000000000         3.3739137315353593E-002
   20.0000000000000000000000000000000000         3.7235397362857615E-002
   21.0000000000000000000000000000000000         4.0879771718805732E-002
   22.0000000000000000000000000000000000         4.4668467530247113E-002
   23.0000000000000000000000000000000000         4.8596630878626076E-002
   24.0000000000000000000000000000000000         5.2659392251269740E-002
   25.0000000000000000000000000000000000         5.6852119030705417E-002
   26.0000000000000000000000000000000000         6.1169441083428762E-002
   27.0000000000000000000000000000000000         6.5606016264336348E-002
   28.0000000000000000000000000000000000         7.0156600575530262E-002
   29.0000000000000000000000000000000000         7.4815674469717652E-002
   30.0000000000000000000000000000000000         7.9577565704515713E-002
   31.0000000000000000000000000000000000         8.4436225115292252E-002
   32.0000000000000000000000000000000000         8.9385525409111460E-002
   33.0000000000000000000000000000000000         9.4420797842931475E-002
   34.0000000000000000000000000000000000         9.9534459892307817E-002
   35.0000000000000000000000000000000000        0.10472074881507433     
   36.0000000000000000000000000000000000        0.10997397083041750     
   37.0000000000000000000000000000000000        0.11528589770322442     
   38.0000000000000000000000000000000000        0.12065189287253258     
   39.0000000000000000000000000000000000        0.12606477216109763     
   40.0000000000000000000000000000000000        0.13151767826417154     
   41.0000000000000000000000000000000000        0.13700485859299799     
   42.0000000000000000000000000000000000        0.14251855808956937     
   43.0000000000000000000000000000000000        0.14805285799437032     
   44.0000000000000000000000000000000000        0.15360087298463598     
   45.0000000000000000000000000000000000        0.15915494561988924     
   46.0000000000000000000000000000000000        0.16470945928831823     
   47.0000000000000000000000000000000000        0.17025703321149574     
   48.0000000000000000000000000000000000        0.17579097986694037     
   49.0000000000000000000000000000000000        0.18130503251147342     
   50.0000000000000000000000000000000000        0.18679203215063508     
   51.0000000000000000000000000000000000        0.19224511877458286     
   52.0000000000000000000000000000000000        0.19765843063964708     
   53.0000000000000000000000000000000000        0.20302399299752341     
   54.0000000000000000000000000000000000        0.20833627385545064     
   55.0000000000000000000000000000000000        0.21358914158559753     
   56.0000000000000000000000000000000000        0.21877564197774366     
   57.0000000000000000000000000000000000        0.22388909219393169     
   58.0000000000000000000000000000000000        0.22892394471202929     
   59.0000000000000000000000000000000000        0.23387366449574129     
   60.0000000000000000000000000000000000        0.23873178199557388     
   61.0000000000000000000000000000000000        0.24349421465592302     
   62.0000000000000000000000000000000000        0.24815316108022051     
   63.0000000000000000000000000000000000        0.25270387231808528     
   64.0000000000000000000000000000000000        0.25714044401820557     
   65.0000000000000000000000000000000000        0.26145776895389627     
   66.0000000000000000000000000000000000        0.26565025034973339     
   67.0000000000000000000000000000000000        0.26971325645611954     
   68.0000000000000000000000000000000000        0.27364163149119369     
   69.0000000000000000000000000000000000        0.27743011491738223     
   70.0000000000000000000000000000000000        0.28107508907697315     
   71.0000000000000000000000000000000000        0.28457074857674403     
   72.0000000000000000000000000000000000        0.28791387447585581     
   73.0000000000000000000000000000000000        0.29110036898314612     
   74.0000000000000000000000000000000000        0.29412557111306320     
   75.0000000000000000000000000000000000        0.29698716448042461     
   76.0000000000000000000000000000000000        0.29968006031184913     
   77.0000000000000000000000000000000000        0.30220245519077621     
   78.0000000000000000000000000000000000        0.30454990341485227     
   79.0000000000000000000000000000000000        0.30672083274110890     
   80.0000000000000000000000000000000000        0.30871228124849276     
   81.0000000000000000000000000000000000        0.31052028404868465     
   82.0000000000000000000000000000000000        0.31214455295145493     
   83.0000000000000000000000000000000000        0.31358229856776954     
   84.0000000000000000000000000000000000        0.31483133983527650     
   85.0000000000000000000000000000000000        0.31589195847036938     
   86.0000000000000000000000000000000000        0.31676123162968883     
   87.0000000000000000000000000000000000        0.31743801132531879     
   88.0000000000000000000000000000000000        0.31792218030446151     
   89.0000000000000000000000000000000000        0.31821292491787734     
   90.0000000000000000000000000000000000        0.31830965116758159     
   91.0000000000000000000000000000000000        0.31821292394662787     
   92.0000000000000000000000000000000000        0.31792221100956125     
   93.0000000000000000000000000000000000        0.31743800841642755     
   94.0000000000000000000000000000000000        0.31676108644578643     
   95.0000000000000000000000000000000000        0.31589195363827804     
   96.0000000000000000000000000000000000        0.31483191473802463     
   97.0000000000000000000000000000000000        0.31358229183565411     
   98.0000000000000000000000000000000000        0.31214433907506228     
   99.0000000000000000000000000000000000        0.31052027544930305     
   100.000000000000000000000000000000000        0.30871112331121731     
   101.000000000000000000000000000000000        0.30672082231674092     
   102.000000000000000000000000000000000        0.30455041481570483     
   103.000000000000000000000000000000000        0.30220244299203619     
   104.000000000000000000000000000000000        0.29968019048739342     
   105.000000000000000000000000000000000        0.29698715056663227     
   106.000000000000000000000000000000000        0.29412563004313802     
   107.000000000000000000000000000000000        0.29110035342215296     
   108.000000000000000000000000000000000        0.28791409242225402     
   109.000000000000000000000000000000000        0.28457073144452605     
   110.000000000000000000000000000000000        0.28107489599808438     
   111.000000000000000000000000000000000        0.27743009629704984     
   112.000000000000000000000000000000000        0.27364181949593086     
   113.000000000000000000000000000000000        0.26971323643866452     
   114.000000000000000000000000000000000        0.26565050563003950     
   115.000000000000000000000000000000000        0.26145774763670399     
   116.000000000000000000000000000000000        0.25714009427874324     
   117.000000000000000000000000000000000        0.25270384980528504     
   118.000000000000000000000000000000000        0.24815294918320177     
   119.000000000000000000000000000000000        0.24349419105666822     
   120.000000000000000000000000000000000        0.23873276210778480     
   121.000000000000000000000000000000000        0.23387363992555699     
   122.000000000000000000000000000000000        0.22892411602664642     
   123.000000000000000000000000000000000        0.22388906677213954     
   124.000000000000000000000000000000000        0.21877507111631067     
   125.000000000000000000000000000000000        0.21358911543626702     
   126.000000000000000000000000000000000        0.20833659602020110     
   127.000000000000000000000000000000000        0.20302396624797681     
   128.000000000000000000000000000000000        0.19765782585684269     
   129.000000000000000000000000000000000        0.19224509155525743     
   130.000000000000000000000000000000000        0.18679163067395133     
   131.000000000000000000000000000000000        0.18130500495470603     
   132.000000000000000000000000000000000        0.17579096817745682     
   133.000000000000000000000000000000000        0.17025700545181677     
   134.000000000000000000000000000000000        0.16470908514089724     
   135.000000000000000000000000000000000        0.15915491779233920     
   136.000000000000000000000000000000000        0.15360040914776163     
   137.000000000000000000000000000000000        0.14805283023472374     
   138.000000000000000000000000000000000        0.14251815605390375     
   139.000000000000000000000000000000000        0.13700483103621369     
   140.000000000000000000000000000000000        0.13151784764730967     
   141.000000000000000000000000000000000        0.12606474494170605     
   142.000000000000000000000000000000000        0.12065137460854962     
   143.000000000000000000000000000000000        0.11528587095363250     
   144.000000000000000000000000000000000        0.10997315131305166     
   145.000000000000000000000000000000000        0.10472072266577255     
   146.000000000000000000000000000000000         9.9534842796044909E-002
   147.000000000000000000000000000000000         9.4420772421212287E-002
   148.000000000000000000000000000000000         8.9385999244946931E-002
   149.000000000000000000000000000000000         8.4436200545080761E-002
   150.000000000000000000000000000000000         7.9577393660775972E-002
   151.000000000000000000000000000000000         7.4815650870597064E-002
   152.000000000000000000000000000000000         7.0156594577627421E-002
   153.000000000000000000000000000000000         6.5605993751423619E-002
   154.000000000000000000000000000000000         6.1169419879310669E-002
   155.000000000000000000000000000000000         5.6852097713588137E-002
   156.000000000000000000000000000000000         5.2659546633870326E-002
   157.000000000000000000000000000000000         4.8596610861237066E-002
   158.000000000000000000000000000000000         4.4668370696507004E-002
   159.000000000000000000000000000000000         4.0879753098525852E-002
   160.000000000000000000000000000000000         3.7235116196174443E-002
   161.000000000000000000000000000000000         3.3739120183017578E-002
   162.000000000000000000000000000000000         3.0395991177223577E-002
   163.000000000000000000000000000000000         2.7209500562363508E-002
   164.000000000000000000000000000000000         2.4183878097993827E-002
   165.000000000000000000000000000000000         2.1322705888793876E-002
   166.000000000000000000000000000000000         1.8629534788427604E-002
   167.000000000000000000000000000000000         1.6107416035810018E-002
   168.000000000000000000000000000000000         1.3759654383296233E-002
   169.000000000000000000000000000000000         1.1589039372758965E-002
   170.000000000000000000000000000000000         9.5980851533402581E-003
   171.000000000000000000000000000000000         7.7895889777789083E-003
   172.000000000000000000000000000000000         6.1653780772576924E-003
   173.000000000000000000000000000000000         4.7275753922942764E-003
   174.000000000000000000000000000000000         3.4778469186749574E-003
   175.000000000000000000000000000000000         2.4179164395246450E-003
   176.000000000000000000000000000000000         1.5488985974561203E-003
   177.000000000000000000000000000000000         8.7186454636720427E-004
   178.000000000000000000000000000000000         3.8768879219326831E-004
   179.000000000000000000000000000000000         9.6951922642762241E-005
   180.000000000000000000000000000000000         2.3816575054991894E-015
   181.000000000000000000000000000000000         9.6953864975269136E-005
   182.000000000000000000000000000000000         3.8769636433313450E-004
   183.000000000000000000000000000000000         8.7187036390235406E-004
   184.000000000000000000000000000000000         1.5488898691190466E-003
   185.000000000000000000000000000000000         2.4179261039217414E-003
   186.000000000000000000000000000000000         3.4779232433919528E-003
   187.000000000000000000000000000000000         4.7275888564787434E-003
   188.000000000000000000000000000000000         6.1653942263270997E-003
   189.000000000000000000000000000000000         7.7896061761447847E-003
   190.000000000000000000000000000000000         9.5982759682768821E-003
   191.000000000000000000000000000000000         1.1589060221544415E-002
   192.000000000000000000000000000000000         1.3759679776360332E-002
   193.000000000000000000000000000000000         1.6107440433405368E-002
   194.000000000000000000000000000000000         1.8629518426759521E-002
   195.000000000000000000000000000000000         2.1322733716335782E-002
   196.000000000000000000000000000000000         2.4183897445816463E-002
   197.000000000000000000000000000000000         2.7209531684300663E-002
   198.000000000000000000000000000000000         3.0395870474269077E-002
   199.000000000000000000000000000000000         3.3739154447693986E-002
   200.000000000000000000000000000000000         3.7235220753645375E-002
   201.000000000000000000000000000000000         4.0879790338997066E-002
   202.000000000000000000000000000000000         4.4668291092521940E-002
   203.000000000000000000000000000000000         4.8596650896111891E-002
   204.000000000000000000000000000000000         5.2659576826148718E-002
   205.000000000000000000000000000000000         5.6852140347860826E-002
   206.000000000000000000000000000000000         6.1169504956901023E-002
   207.000000000000000000000000000000000         6.5606038777285103E-002
   208.000000000000000000000000000000000         7.0156664690183779E-002
   209.000000000000000000000000000000000         7.4815698068805433E-002
   210.000000000000000000000000000000000         7.9577397660738805E-002
   211.000000000000000000000000000000000         8.4436249685651998E-002
   212.000000000000000000000000000000000         8.9386027116921965E-002
   213.000000000000000000000000000000000         9.4420823264655396E-002
   214.000000000000000000000000000000000         9.9534397831305299E-002
   215.000000000000000000000000000000000        0.10472077496448171     
   216.000000000000000000000000000000000        0.10997315614862009     
   217.000000000000000000000000000000000        0.11528592445274849     
   218.000000000000000000000000000000000        0.12065192086250806     
   219.000000000000000000000000000000000        0.12606479938055873     
   220.000000000000000000000000000000000        0.13151791185952894     
   221.000000000000000000000000000000000        0.13700488614964446     
   222.000000000000000000000000000000000        0.14251875663258937     
   223.000000000000000000000000000000000        0.14805288575417352     
   224.000000000000000000000000000000000        0.15360043265941445     
   225.000000000000000000000000000000000        0.15915497344739635     
   226.000000000000000000000000000000000        0.16470939553749764     
   227.000000000000000000000000000000000        0.17025706097128920     
   228.000000000000000000000000000000000        0.17579132677466910     
   229.000000000000000000000000000000000        0.18130506006812178     
   230.000000000000000000000000000000000        0.18679225984552220     
   231.000000000000000000000000000000000        0.19224514599412273     
   232.000000000000000000000000000000000        0.19765827352939830     
   233.000000000000000000000000000000000        0.20302401974703932     
   234.000000000000000000000000000000000        0.20833684408922012     
   235.000000000000000000000000000000000        0.21358916773497100     
   236.000000000000000000000000000000000        0.21877575896326773     
   237.000000000000000000000000000000000        0.22388911761565605     
   238.000000000000000000000000000000000        0.22892415361313972     
   239.000000000000000000000000000000000        0.23387368906604714     
   240.000000000000000000000000000000000        0.23873262840302351     
   241.000000000000000000000000000000000        0.24349423825494360     
   242.000000000000000000000000000000000        0.24815334836845676     
   243.000000000000000000000000000000000        0.25270389483107886     
   244.000000000000000000000000000000000        0.25714073891028427     
   245.000000000000000000000000000000000        0.26145779027089666     
   246.000000000000000000000000000000000        0.26565048689414628     
   247.000000000000000000000000000000000        0.26971327647357474     
   248.000000000000000000000000000000000        0.27364122606380181     
   249.000000000000000000000000000000000        0.27743013353765128     
   250.000000000000000000000000000000000        0.28107461615022344     
   251.000000000000000000000000000000000        0.28457076570916617     
   252.000000000000000000000000000000000        0.28791377544375907     
   253.000000000000000000000000000000000        0.29110038454417742     
   254.000000000000000000000000000000000        0.29412588691112979     
   255.000000000000000000000000000000000        0.29698717839418171     
   256.000000000000000000000000000000000        0.29968024169433044     
   257.000000000000000000000000000000000        0.30220246738957851     
   258.000000000000000000000000000000000        0.30455040735530842     
   259.000000000000000000000000000000000        0.30672084316540510     
   260.000000000000000000000000000000000        0.30871123843526793     
   261.000000000000000000000000000000000        0.31052029264786790     
   262.000000000000000000000000000000000        0.31214389702617579     
   263.000000000000000000000000000000000        0.31358230529974079     
   264.000000000000000000000000000000000        0.31483169713492426     
   265.000000000000000000000000000000000        0.31589196330250019     
   266.000000000000000000000000000000000        0.31676085546610327     
   267.000000000000000000000000000000000        0.31743801423401663     
   268.000000000000000000000000000000000        0.31792190783855512     
   269.000000000000000000000000000000000        0.31821292588898609     
   270.000000000000000000000000000000000        0.31830972862207890     
   271.000000000000000000000000000000000        0.31821292297546117     
   272.000000000000000000000000000000000        0.31792189684453998     
   273.000000000000000000000000000000000        0.31743800550774426     
   274.000000000000000000000000000000000        0.31676114902290814     
   275.000000000000000000000000000000000        0.31589194880610155     
   276.000000000000000000000000000000000        0.31483223205885763     
   277.000000000000000000000000000000000        0.31358228510351849     
   278.000000000000000000000000000000000        0.31214463740165971     
   279.000000000000000000000000000000000        0.31052026685027656     
   280.000000000000000000000000000000000        0.30871192585496182     
   281.000000000000000000000000000000000        0.30672081189232969     
   282.000000000000000000000000000000000        0.30455063537674942     
   283.000000000000000000000000000000000        0.30220243079320130     
   284.000000000000000000000000000000000        0.29968060977687527     
   285.000000000000000000000000000000000        0.29698713665282089     
   286.000000000000000000000000000000000        0.29412612013637307     
   287.000000000000000000000000000000000        0.29110033786123957     
   288.000000000000000000000000000000000        0.28791422307817760     
   289.000000000000000000000000000000000        0.28457071431202863     
   290.000000000000000000000000000000000        0.28107458396446466     
   291.000000000000000000000000000000000        0.27743007767685135     
   292.000000000000000000000000000000000        0.27364151336716447     
   293.000000000000000000000000000000000        0.26971321642121437     
   294.000000000000000000000000000000000        0.26565070155375986     
   295.000000000000000000000000000000000        0.26145772631951120     
   296.000000000000000000000000000000000        0.25714053008448917     
   297.000000000000000000000000000000000        0.25270382729228652     
   298.000000000000000000000000000000000        0.24815352359592552     
   299.000000000000000000000000000000000        0.24349416745778685     
   300.000000000000000000000000000000000        0.23873283715482846     
   301.000000000000000000000000000000000        0.23387361535523923     
   302.000000000000000000000000000000000        0.22892410273162594     
   303.000000000000000000000000000000000        0.22388904135048887     
   304.000000000000000000000000000000000        0.21877585920223824     
   305.000000000000000000000000000000000        0.21358908928686374     
   306.000000000000000000000000000000000        0.20833670977912180     
   307.000000000000000000000000000000000        0.20302393949854625     
   308.000000000000000000000000000000000        0.19765783453157365     
   309.000000000000000000000000000000000        0.19224506433567196     
   310.000000000000000000000000000000000        0.18679182097866348     
   311.000000000000000000000000000000000        0.18130497739798970     
   312.000000000000000000000000000000000        0.17579118863529611     
   313.000000000000000000000000000000000        0.17025697769198619     
   314.000000000000000000000000000000000        0.16470927149039727     
   315.000000000000000000000000000000000        0.15915488996488006     
   316.000000000000000000000000000000000        0.15360002974380257     
   317.000000000000000000000000000000000        0.14805280247489552     
   318.000000000000000000000000000000000        0.14251853051766314     
   319.000000000000000000000000000000000        0.13700480347954977     
   320.000000000000000000000000000000000        0.13151751530731698     
   321.000000000000000000000000000000000        0.12606471772224992     
   322.000000000000000000000000000000000        0.12065173618759417     
   323.000000000000000000000000000000000        0.11528584420415165     
   324.000000000000000000000000000000000        0.10997319194439573     
   325.000000000000000000000000000000000        0.10472069651642654     
   326.000000000000000000000000000000000         9.9534390937702097E-002
   327.000000000000000000000000000000000         9.4420746999545224E-002
   328.000000000000000000000000000000000         8.9385818859166397E-002
   329.000000000000000000000000000000000         8.4436175974824293E-002
   330.000000000000000000000000000000000         7.9577392766721128E-002
   331.000000000000000000000000000000000         7.4815627271546822E-002
   332.000000000000000000000000000000000         7.0156866508904778E-002
   333.000000000000000000000000000000000         6.5605971238406641E-002
   334.000000000000000000000000000000000         6.1169321113675144E-002
   335.000000000000000000000000000000000         5.6852076396506634E-002
   336.000000000000000000000000000000000         5.2659349927879497E-002
   337.000000000000000000000000000000000         4.8596590843722531E-002
   338.000000000000000000000000000000000         4.4668366459667007E-002
   339.000000000000000000000000000000000         4.0879734478295612E-002
   340.000000000000000000000000000000000         3.7235118746142652E-002
   341.000000000000000000000000000000000         3.3739103050657304E-002
   342.000000000000000000000000000000000         3.0395820026480957E-002
   343.000000000000000000000000000000000         2.7209485001435149E-002
   344.000000000000000000000000000000000         2.4183602690891478E-002
   345.000000000000000000000000000000000         2.1322691975041021E-002
   346.000000000000000000000000000000000         1.8629417859554978E-002
   347.000000000000000000000000000000000         1.6107403837051264E-002
   348.000000000000000000000000000000000         1.3759636586570412E-002
   349.000000000000000000000000000000000         1.1589028948399541E-002
   350.000000000000000000000000000000000         9.5981980558030311E-003
   351.000000000000000000000000000000000         7.7895803786065471E-003
   352.000000000000000000000000000000000         6.1654639248365931E-003
   353.000000000000000000000000000000000         4.7275686602052036E-003
   354.000000000000000000000000000000000         3.4779043926256915E-003
   355.000000000000000000000000000000000         2.4179116073326122E-003
   356.000000000000000000000000000000000         1.5488753837092359E-003
   357.000000000000000000000000000000000         8.7186163760092251E-004
   358.000000000000000000000000000000000         3.8769069184923849E-004
   359.000000000000000000000000000000000         9.6950951482366784E-005
   360.000000000000000000000000000000000         3.9479027673929500E-013
