   1.00000000000000000000000000000000000         9.6952893807928403E-005
   2.00000000000000000000000000000000000         3.8769345305526202E-004
   3.00000000000000000000000000000000000         8.7186745512719832E-004
   4.00000000000000000000000000000000000         1.5488705779761718E-003
   5.00000000000000000000000000000000000         2.4179212717247668E-003
   6.00000000000000000000000000000000000         3.4779171386009828E-003
   7.00000000000000000000000000000000000         4.7275821243760018E-003
   8.00000000000000000000000000000000000         6.1654657142656147E-003
   9.00000000000000000000000000000000000         7.7895975769690061E-003
   10.0000000000000000000000000000000000         9.5982164869396081E-003
   11.0000000000000000000000000000000000         1.1589049797132737E-002
   12.0000000000000000000000000000000000         1.3759560973410755E-002
   13.0000000000000000000000000000000000         1.6107428234632164E-002
   14.0000000000000000000000000000000000         1.8629468227517685E-002
   15.0000000000000000000000000000000000         2.1322719802566725E-002
   16.0000000000000000000000000000000000         2.4183751755060174E-002
   17.0000000000000000000000000000000000         2.7209516123326147E-002
   18.0000000000000000000000000000000000         3.0395863503317751E-002
   19.0000000000000000000000000000000000         3.3739137315353829E-002
   20.0000000000000000000000000000000000         3.7235368509576081E-002
   21.0000000000000000000000000000000000         4.0879771718802416E-002
   22.0000000000000000000000000000000000         4.4668466405562136E-002
   23.0000000000000000000000000000000000         4.8596630878629206E-002
   24.0000000000000000000000000000000000         5.2659406951618574E-002
   25.0000000000000000000000000000000000         5.6852119030706520E-002
   26.0000000000000000000000000000000000         6.1169432471520124E-002
   27.0000000000000000000000000000000000         6.5606016264334502E-002
   28.0000000000000000000000000000000000         7.0156604559959271E-002
   29.0000000000000000000000000000000000         7.4815674469714891E-002
   30.0000000000000000000000000000000000         7.9577553197909393E-002
   31.0000000000000000000000000000000000         8.4436225115298538E-002
   32.0000000000000000000000000000000000         8.9385591048402518E-002
   33.0000000000000000000000000000000000         9.4420797842930587E-002
   34.0000000000000000000000000000000000         9.9534459113174281E-002
   35.0000000000000000000000000000000000        0.10472074881507668     
   36.0000000000000000000000000000000000        0.10997388854304499     
   37.0000000000000000000000000000000000        0.11528589770322541     
   38.0000000000000000000000000000000000        0.12065189111689173     
   39.0000000000000000000000000000000000        0.12606477216110223     
   40.0000000000000000000000000000000000        0.13151771908188450     
   41.0000000000000000000000000000000000        0.13700485859299427     
   42.0000000000000000000000000000000000        0.14251858055126926     
   43.0000000000000000000000000000000000        0.14805285799437587     
   44.0000000000000000000000000000000000        0.15360082494141331     
   45.0000000000000000000000000000000000        0.15915494561988866     
   46.0000000000000000000000000000000000        0.16470944760712530     
   47.0000000000000000000000000000000000        0.17025703321149396     
   48.0000000000000000000000000000000000        0.17579100523535005     
   49.0000000000000000000000000000000000        0.18130503251146238     
   50.0000000000000000000000000000000000        0.18679201579099000     
   51.0000000000000000000000000000000000        0.19224511877458603     
   52.0000000000000000000000000000000000        0.19765837380240667     
   53.0000000000000000000000000000000000        0.20302399299752599     
   54.0000000000000000000000000000000000        0.20833630818800739     
   55.0000000000000000000000000000000000        0.21358914158559686     
   56.0000000000000000000000000000000000        0.21877561409682506     
   57.0000000000000000000000000000000000        0.22388909219393238     
   58.0000000000000000000000000000000000        0.22892393590845514     
   59.0000000000000000000000000000000000        0.23387366449575037     
   60.0000000000000000000000000000000000        0.23873186785403161     
   61.0000000000000000000000000000000000        0.24349421465591306     
   62.0000000000000000000000000000000000        0.24815317432150719     
   63.0000000000000000000000000000000000        0.25270387231809688     
   64.0000000000000000000000000000000000        0.25714045306189798     
   65.0000000000000000000000000000000000        0.26145776895389039     
   66.0000000000000000000000000000000000        0.26565026883525489     
   67.0000000000000000000000000000000000        0.26971325645611655     
   68.0000000000000000000000000000000000        0.27364160390346282     
   69.0000000000000000000000000000000000        0.27743011491737768     
   70.0000000000000000000000000000000000        0.28107503665715244     
   71.0000000000000000000000000000000000        0.28457074857675629     
   72.0000000000000000000000000000000000        0.28791389084053454     
   73.0000000000000000000000000000000000        0.29110036898314767     
   74.0000000000000000000000000000000000        0.29412562749233750     
   75.0000000000000000000000000000000000        0.29698716448041201     
   76.0000000000000000000000000000000000        0.29968010822919744     
   77.0000000000000000000000000000000000        0.30220245519077782     
   78.0000000000000000000000000000000000        0.30454994558762866     
   79.0000000000000000000000000000000000        0.30672083274110251     
   80.0000000000000000000000000000000000        0.30871219770555552     
   81.0000000000000000000000000000000000        0.31052028404867821     
   82.0000000000000000000000000000000000        0.31214454421192850     
   83.0000000000000000000000000000000000        0.31358229856775821     
   84.0000000000000000000000000000000000        0.31483142418978433     
   85.0000000000000000000000000000000000        0.31589195847037099     
   86.0000000000000000000000000000000000        0.31676119948504039     
   87.0000000000000000000000000000000000        0.31743801132531230     
   88.0000000000000000000000000000000000        0.31792218091912755     
   89.0000000000000000000000000000000000        0.31821292491786435     
   90.0000000000000000000000000000000000        0.31830968179319752     
   91.0000000000000000000000000000000000        0.31821292394662787     
   92.0000000000000000000000000000000000        0.31792220720338082     
   93.0000000000000000000000000000000000        0.31743800841643571     
   94.0000000000000000000000000000000000        0.31676107343701476     
   95.0000000000000000000000000000000000        0.31589195363826672     
   96.0000000000000000000000000000000000        0.31483192045767849     
   97.0000000000000000000000000000000000        0.31358229183564440     
   98.0000000000000000000000000000000000        0.31214435825927500     
   99.0000000000000000000000000000000000        0.31052027544932559     
   100.000000000000000000000000000000000        0.30871119528345681     
   101.000000000000000000000000000000000        0.30672082231673131     
   102.000000000000000000000000000000000        0.30455038620357688     
   103.000000000000000000000000000000000        0.30220244299203303     
   104.000000000000000000000000000000000        0.29968021900769604     
   105.000000000000000000000000000000000        0.29698715056662123     
   106.000000000000000000000000000000000        0.29412567644540244     
   107.000000000000000000000000000000000        0.29110035342216078     
   108.000000000000000000000000000000000        0.28791407705839994     
   109.000000000000000000000000000000000        0.28457073144451989     
   110.000000000000000000000000000000000        0.28107486730214981     
   111.000000000000000000000000000000000        0.27743009629705745     
   112.000000000000000000000000000000000        0.27364176383152200     
   113.000000000000000000000000000000000        0.26971323643866002     
   114.000000000000000000000000000000000        0.26565048674595121     
   115.000000000000000000000000000000000        0.26145774763670843     
   116.000000000000000000000000000000000        0.25714014771350024     
   117.000000000000000000000000000000000        0.25270384980527488     
   118.000000000000000000000000000000000        0.24815298799479563     
   119.000000000000000000000000000000000        0.24349419105668249     
   120.000000000000000000000000000000000        0.23873271197929252     
   121.000000000000000000000000000000000        0.23387363992555490     
   122.000000000000000000000000000000000        0.22892408063727329     
   123.000000000000000000000000000000000        0.22388906677215181     
   124.000000000000000000000000000000000        0.21877511704561670     
   125.000000000000000000000000000000000        0.21358911543626508     
   126.000000000000000000000000000000000        0.20833658314241130     
   127.000000000000000000000000000000000        0.20302396624798127     
   128.000000000000000000000000000000000        0.19765784726091906     
   129.000000000000000000000000000000000        0.19224509155524425     
   130.000000000000000000000000000000000        0.18679166496986988     
   131.000000000000000000000000000000000        0.18130500495470281     
   132.000000000000000000000000000000000        0.17579099138114959     
   133.000000000000000000000000000000000        0.17025700545180444     
   134.000000000000000000000000000000000        0.16470912035947377     
   135.000000000000000000000000000000000        0.15915491779234189     
   136.000000000000000000000000000000000        0.15360042014978870     
   137.000000000000000000000000000000000        0.14805283023471452     
   138.000000000000000000000000000000000        0.14251822921021032     
   139.000000000000000000000000000000000        0.13700483103621991     
   140.000000000000000000000000000000000        0.13151786181667766     
   141.000000000000000000000000000000000        0.12606474494170372     
   142.000000000000000000000000000000000        0.12065143937805742     
   143.000000000000000000000000000000000        0.11528587095364107     
   144.000000000000000000000000000000000        0.10997317641820066     
   145.000000000000000000000000000000000        0.10472072266577051     
   146.000000000000000000000000000000000         9.9534786671395217E-002
   147.000000000000000000000000000000000         9.4420772421212454E-002
   148.000000000000000000000000000000000         8.9385997332109224E-002
   149.000000000000000000000000000000000         8.4436200545080622E-002
   150.000000000000000000000000000000000         7.9577401188307653E-002
   151.000000000000000000000000000000000         7.4815650870599520E-002
   152.000000000000000000000000000000000         7.0156596250200681E-002
   153.000000000000000000000000000000000         6.5605993751416541E-002
   154.000000000000000000000000000000000         6.1169411169322785E-002
   155.000000000000000000000000000000000         5.6852097713588651E-002
   156.000000000000000000000000000000000         5.2659537627844727E-002
   157.000000000000000000000000000000000         4.8596610861231015E-002
   158.000000000000000000000000000000000         4.4668380067031978E-002
   159.000000000000000000000000000000000         4.0879753098526726E-002
   160.000000000000000000000000000000000         3.7235122995357590E-002
   161.000000000000000000000000000000000         3.3739120183016780E-002
   162.000000000000000000000000000000000         3.0395975285760723E-002
   163.000000000000000000000000000000000         2.7209500562364451E-002
   164.000000000000000000000000000000000         2.4183878694151957E-002
   165.000000000000000000000000000000000         2.1322705888795042E-002
   166.000000000000000000000000000000000         1.8629524204568225E-002
   167.000000000000000000000000000000000         1.6107416035812110E-002
   168.000000000000000000000000000000000         1.3759654713553509E-002
   169.000000000000000000000000000000000         1.1589039372760200E-002
   170.000000000000000000000000000000000         9.5981018227585691E-003
   171.000000000000000000000000000000000         7.7895889777789768E-003
   172.000000000000000000000000000000000         6.1653790251991452E-003
   173.000000000000000000000000000000000         4.7275753922934559E-003
   174.000000000000000000000000000000000         3.4778556873243604E-003
   175.000000000000000000000000000000000         2.4179164395247005E-003
   176.000000000000000000000000000000000         1.5488962328415075E-003
   177.000000000000000000000000000000000         8.7186454636679640E-004
   178.000000000000000000000000000000000         3.8768916048685512E-004
   179.000000000000000000000000000000000         9.6951922642643114E-005
   180.000000000000000000000000000000000         2.3885459359370745E-015
   181.000000000000000000000000000000000         9.6953864975344298E-005
   182.000000000000000000000000000000000         3.8769623296159108E-004
   183.000000000000000000000000000000000         8.7187036390246498E-004
   184.000000000000000000000000000000000         1.5488897353678364E-003
   185.000000000000000000000000000000000         2.4179261039223936E-003
   186.000000000000000000000000000000000         3.4779232433901444E-003
   187.000000000000000000000000000000000         4.7275888564773331E-003
   188.000000000000000000000000000000000         6.1653950647905919E-003
   189.000000000000000000000000000000000         7.7896061761443952E-003
   190.000000000000000000000000000000000         9.5982693758887606E-003
   191.000000000000000000000000000000000         1.1589060221541709E-002
   192.000000000000000000000000000000000         1.3759679733394708E-002
   193.000000000000000000000000000000000         1.6107440433404910E-002
   194.000000000000000000000000000000000         1.8629513596780983E-002
   195.000000000000000000000000000000000         2.1322733716336098E-002
   196.000000000000000000000000000000000         2.4183899415758998E-002
   197.000000000000000000000000000000000         2.7209531684299237E-002
   198.000000000000000000000000000000000         3.0395875357926469E-002
   199.000000000000000000000000000000000         3.3739154447694118E-002
   200.000000000000000000000000000000000         3.7235218238454618E-002
   201.000000000000000000000000000000000         4.0879790339003193E-002
   202.000000000000000000000000000000000         4.4668316478112327E-002
   203.000000000000000000000000000000000         4.8596650896110302E-002
   204.000000000000000000000000000000000         5.2659569332389342E-002
   205.000000000000000000000000000000000         5.6852140347859105E-002
   206.000000000000000000000000000000000         6.1169490664926884E-002
   207.000000000000000000000000000000000         6.5606038777282882E-002
   208.000000000000000000000000000000000         7.0156663116492865E-002
   209.000000000000000000000000000000000         7.4815698068803463E-002
   210.000000000000000000000000000000000         7.9577411173514176E-002
   211.000000000000000000000000000000000         8.4436249685643616E-002
   212.000000000000000000000000000000000         8.9386028203627135E-002
   213.000000000000000000000000000000000         9.4420823264654508E-002
   214.000000000000000000000000000000000         9.9534408950182049E-002
   215.000000000000000000000000000000000        0.10472077496447282     
   216.000000000000000000000000000000000        0.10997318776670251     
   217.000000000000000000000000000000000        0.11528592445275290     
   218.000000000000000000000000000000000        0.12065191897293512     
   219.000000000000000000000000000000000        0.12606479938055923     
   220.000000000000000000000000000000000        0.13151792475561835     
   221.000000000000000000000000000000000        0.13700488614965139     
   222.000000000000000000000000000000000        0.14251875595592972     
   223.000000000000000000000000000000000        0.14805288575417075     
   224.000000000000000000000000000000000        0.15360044800960346     
   225.000000000000000000000000000000000        0.15915497344740037     
   226.000000000000000000000000000000000        0.16470939625524600     
   227.000000000000000000000000000000000        0.17025706097128027     
   228.000000000000000000000000000000000        0.17579130891366215     
   229.000000000000000000000000000000000        0.18130506006812117     
   230.000000000000000000000000000000000        0.18679221636324336     
   231.000000000000000000000000000000000        0.19224514599411072     
   232.000000000000000000000000000000000        0.19765824162389878     
   233.000000000000000000000000000000000        0.20302401974704648     
   234.000000000000000000000000000000000        0.20833680478649524     
   235.000000000000000000000000000000000        0.21358916773496298     
   236.000000000000000000000000000000000        0.21877571873447108     
   237.000000000000000000000000000000000        0.22388911761565672     
   238.000000000000000000000000000000000        0.22892411990780229     
   239.000000000000000000000000000000000        0.23387368906604786     
   240.000000000000000000000000000000000        0.23873260290730430     
   241.000000000000000000000000000000000        0.24349423825494360     
   242.000000000000000000000000000000000        0.24815333937186729     
   243.000000000000000000000000000000000        0.25270389483108324     
   244.000000000000000000000000000000000        0.25714071099013958     
   245.000000000000000000000000000000000        0.26145779027090849     
   246.000000000000000000000000000000000        0.26565047614801440     
   247.000000000000000000000000000000000        0.26971327647357024     
   248.000000000000000000000000000000000        0.27364125599538514     
   249.000000000000000000000000000000000        0.27743013353764523     
   250.000000000000000000000000000000000        0.28107463019480500     
   251.000000000000000000000000000000000        0.28457076570916617     
   252.000000000000000000000000000000000        0.28791380743398776     
   253.000000000000000000000000000000000        0.29110038454416959     
   254.000000000000000000000000000000000        0.29412590252299908     
   255.000000000000000000000000000000000        0.29698717839416910     
   256.000000000000000000000000000000000        0.29968026681859139     
   257.000000000000000000000000000000000        0.30220246738957851     
   258.000000000000000000000000000000000        0.30455038281886421     
   259.000000000000000000000000000000000        0.30672084316540832     
   260.000000000000000000000000000000000        0.30871129739547776     
   261.000000000000000000000000000000000        0.31052029264786146     
   262.000000000000000000000000000000000        0.31214397814851791     
   263.000000000000000000000000000000000        0.31358230529974407     
   264.000000000000000000000000000000000        0.31483173388860952     
   265.000000000000000000000000000000000        0.31589196330251151     
   266.000000000000000000000000000000000        0.31676087478472409     
   267.000000000000000000000000000000000        0.31743801423401824     
   268.000000000000000000000000000000000        0.31792194561250237     
   269.000000000000000000000000000000000        0.31821292588898120     
   270.000000000000000000000000000000000        0.31830974875906698     
   271.000000000000000000000000000000000        0.31821292297545950     
   272.000000000000000000000000000000000        0.31792193531866736     
   273.000000000000000000000000000000000        0.31743800550774104     
   274.000000000000000000000000000000000        0.31676112701570130     
   275.000000000000000000000000000000000        0.31589194880608534     
   276.000000000000000000000000000000000        0.31483219402449802     
   277.000000000000000000000000000000000        0.31358228510351521     
   278.000000000000000000000000000000000        0.31214461514879016     
   279.000000000000000000000000000000000        0.31052026685027656     
   280.000000000000000000000000000000000        0.30871188786058268     
   281.000000000000000000000000000000000        0.30672081189232492     
   282.000000000000000000000000000000000        0.30455057536425423     
   283.000000000000000000000000000000000        0.30220243079320291     
   284.000000000000000000000000000000000        0.29968057974927748     
   285.000000000000000000000000000000000        0.29698713665281617     
   286.000000000000000000000000000000000        0.29412609817495261     
   287.000000000000000000000000000000000        0.29110033786123957     
   288.000000000000000000000000000000000        0.28791418780636951     
   289.000000000000000000000000000000000        0.28457071431204400     
   290.000000000000000000000000000000000        0.28107459510086197     
   291.000000000000000000000000000000000        0.27743007767684985     
   292.000000000000000000000000000000000        0.27364149654001924     
   293.000000000000000000000000000000000        0.26971321642120988     
   294.000000000000000000000000000000000        0.26565065333792059     
   295.000000000000000000000000000000000        0.26145772631952302     
   296.000000000000000000000000000000000        0.25714052153443118     
   297.000000000000000000000000000000000        0.25270382729228363     
   298.000000000000000000000000000000000        0.24815348149838870     
   299.000000000000000000000000000000000        0.24349416745777189     
   300.000000000000000000000000000000000        0.23873277360025119     
   301.000000000000000000000000000000000        0.23387361535524620     
   302.000000000000000000000000000000000        0.22892406575568269     
   303.000000000000000000000000000000000        0.22388904135049092     
   304.000000000000000000000000000000000        0.21877579491764187     
   305.000000000000000000000000000000000        0.21358908928687240     
   306.000000000000000000000000000000000        0.20833667791259380     
   307.000000000000000000000000000000000        0.20302393949853453     
   308.000000000000000000000000000000000        0.19765785110457118     
   309.000000000000000000000000000000000        0.19224506433567956     
   310.000000000000000000000000000000000        0.18679182579309916     
   311.000000000000000000000000000000000        0.18130497739798540     
   312.000000000000000000000000000000000        0.17579117823765822     
   313.000000000000000000000000000000000        0.17025697769198558     
   314.000000000000000000000000000000000        0.16470927770814092     
   315.000000000000000000000000000000000        0.15915488996487198     
   316.000000000000000000000000000000000        0.15360008835739830     
   317.000000000000000000000000000000000        0.14805280247489774     
   318.000000000000000000000000000000000        0.14251854921772300     
   319.000000000000000000000000000000000        0.13700480347954816     
   320.000000000000000000000000000000000        0.13151757076996140     
   321.000000000000000000000000000000000        0.12606471772225095     
   322.000000000000000000000000000000000        0.12065174833694978     
   323.000000000000000000000000000000000        0.11528584420415165     
   324.000000000000000000000000000000000        0.10997320796351159     
   325.000000000000000000000000000000000        0.10472069651642747     
   326.000000000000000000000000000000000         9.9534392508335789E-002
   327.000000000000000000000000000000000         9.4420746999538577E-002
   328.000000000000000000000000000000000         8.9385837986627359E-002
   329.000000000000000000000000000000000         8.4436175974825126E-002
   330.000000000000000000000000000000000         7.9577397151870052E-002
   331.000000000000000000000000000000000         7.4815627271544449E-002
   332.000000000000000000000000000000000         7.0156828233345944E-002
   333.000000000000000000000000000000000         6.5605971238409597E-002
   334.000000000000000000000000000000000         6.1169322808732517E-002
   335.000000000000000000000000000000000         5.6852076396501132E-002
   336.000000000000000000000000000000000         5.2659364758718352E-002
   337.000000000000000000000000000000000         4.8596590843725716E-002
   338.000000000000000000000000000000000         4.4668373786243221E-002
   339.000000000000000000000000000000000         4.0879734478293565E-002
   340.000000000000000000000000000000000         3.7235122777795372E-002
   341.000000000000000000000000000000000         3.3739103050660087E-002
   342.000000000000000000000000000000000         3.0395825096735631E-002
   343.000000000000000000000000000000000         2.7209485001432412E-002
   344.000000000000000000000000000000000         2.4183638584776065E-002
   345.000000000000000000000000000000000         2.1322691975041233E-002
   346.000000000000000000000000000000000         1.8629421340707854E-002
   347.000000000000000000000000000000000         1.6107403837050074E-002
   348.000000000000000000000000000000000         1.3759637794091131E-002
   349.000000000000000000000000000000000         1.1589028948399270E-002
   350.000000000000000000000000000000000         9.5981981475547051E-003
   351.000000000000000000000000000000000         7.7895803786062609E-003
   352.000000000000000000000000000000000         6.1654522088631465E-003
   353.000000000000000000000000000000000         4.7275686602052773E-003
   354.000000000000000000000000000000000         3.4779045949043723E-003
   355.000000000000000000000000000000000         2.4179116073324083E-003
   356.000000000000000000000000000000000         1.5488756381818436E-003
   357.000000000000000000000000000000000         8.7186163760109294E-004
   358.000000000000000000000000000000000         3.8769054003503568E-004
   359.000000000000000000000000000000000         9.6950951482335261E-005
   360.000000000000000000000000000000000         2.8077239981464040E-013
