   1.00000000000000000000000000000000000         9.6952893806967800E-005
   2.00000000000000000000000000000000000         3.8769345305344111E-004
   3.00000000000000000000000000000000000         8.7186745512981168E-004
   4.00000000000000000000000000000000000         1.5488790972349707E-003
   5.00000000000000000000000000000000000         2.4179212717236110E-003
   6.00000000000000000000000000000000000         3.4779173269884776E-003
   7.00000000000000000000000000000000000         4.7275821243764485E-003
   8.00000000000000000000000000000000000         6.1654226375947550E-003
   9.00000000000000000000000000000000000         7.7895975769620759E-003
   10.0000000000000000000000000000000000         9.5982172435232528E-003
   11.0000000000000000000000000000000000         1.1589049797140160E-002
   12.0000000000000000000000000000000000         1.3759624240734292E-002
   13.0000000000000000000000000000000000         1.6107428234619102E-002
   14.0000000000000000000000000000000000         1.8629469093863787E-002
   15.0000000000000000000000000000000000         2.1322719802568637E-002
   16.0000000000000000000000000000000000         2.4183837647684139E-002
   17.0000000000000000000000000000000000         2.7209516123326248E-002
   18.0000000000000000000000000000000000         3.0395879253141578E-002
   19.0000000000000000000000000000000000         3.3739137315353718E-002
   20.0000000000000000000000000000000000         3.7235259755000014E-002
   21.0000000000000000000000000000000000         4.0879771718790994E-002
   22.0000000000000000000000000000000000         4.4668462166365032E-002
   23.0000000000000000000000000000000000         4.8596630878639850E-002
   24.0000000000000000000000000000000000         5.2659462360644158E-002
   25.0000000000000000000000000000000000         5.6852119030711877E-002
   26.0000000000000000000000000000000000         6.1169400011254538E-002
   27.0000000000000000000000000000000000         6.5606016264326716E-002
   28.0000000000000000000000000000000000         7.0156619578192747E-002
   29.0000000000000000000000000000000000         7.4815674469705384E-002
   30.0000000000000000000000000000000000         7.9577506057632905E-002
   31.0000000000000000000000000000000000         8.4436225115321284E-002
   32.0000000000000000000000000000000000         8.9385838458254624E-002
   33.0000000000000000000000000000000000         9.4420797842928270E-002
   34.0000000000000000000000000000000000         9.9534456176440217E-002
   35.0000000000000000000000000000000000        0.10472074881508439     
   36.0000000000000000000000000000000000        0.10997357838322527     
   37.0000000000000000000000000000000000        0.11528589770323026     
   38.0000000000000000000000000000000000        0.12065188449947636     
   39.0000000000000000000000000000000000        0.12606477216111839     
   40.0000000000000000000000000000000000        0.13151787293332107     
   41.0000000000000000000000000000000000        0.13700485859298145     
   42.0000000000000000000000000000000000        0.14251866521461545     
   43.0000000000000000000000000000000000        0.14805285799439544     
   44.0000000000000000000000000000000000        0.15360064385548766     
   45.0000000000000000000000000000000000        0.15915494561988791     
   46.0000000000000000000000000000000000        0.16470940357801714     
   47.0000000000000000000000000000000000        0.17025703321148575     
   48.0000000000000000000000000000000000        0.17579110085475683     
   49.0000000000000000000000000000000000        0.18130503251142224     
   50.0000000000000000000000000000000000        0.18679195412771882     
   51.0000000000000000000000000000000000        0.19224511877459635     
   52.0000000000000000000000000000000000        0.19765815956980470     
   53.0000000000000000000000000000000000        0.20302399299753746     
   54.0000000000000000000000000000000000        0.20833643759536211     
   55.0000000000000000000000000000000000        0.21358914158559261     
   56.0000000000000000000000000000000000        0.21877550900722481     
   57.0000000000000000000000000000000000        0.22388909219393674     
   58.0000000000000000000000000000000000        0.22892390272575414     
   59.0000000000000000000000000000000000        0.23387366449578267     
   60.0000000000000000000000000000000000        0.23873219147451102     
   61.0000000000000000000000000000000000        0.24349421465587739     
   62.0000000000000000000000000000000000        0.24815322423097561     
   63.0000000000000000000000000000000000        0.25270387231813873     
   64.0000000000000000000000000000000000        0.25714048714966303     
   65.0000000000000000000000000000000000        0.26145776895387007     
   66.0000000000000000000000000000000000        0.26565033851145708     
   67.0000000000000000000000000000000000        0.26971325645610328     
   68.0000000000000000000000000000000000        0.27364149991895120     
   69.0000000000000000000000000000000000        0.27743011491736247     
   70.0000000000000000000000000000000000        0.28107483907479514     
   71.0000000000000000000000000000000000        0.28457074857680059     
   72.0000000000000000000000000000000000        0.28791395252278928     
   73.0000000000000000000000000000000000        0.29110036898315572     
   74.0000000000000000000000000000000000        0.29412583999888148     
   75.0000000000000000000000000000000000        0.29698716448036239     
   76.0000000000000000000000000000000000        0.29968028884077558     
   77.0000000000000000000000000000000000        0.30220245519078609     
   78.0000000000000000000000000000000000        0.30455010454658143     
   79.0000000000000000000000000000000000        0.30672083274107609     
   80.0000000000000000000000000000000000        0.30871188281304768     
   81.0000000000000000000000000000000000        0.31052028404865634     
   82.0000000000000000000000000000000000        0.31214451127063775     
   83.0000000000000000000000000000000000        0.31358229856771319     
   84.0000000000000000000000000000000000        0.31483174214149245     
   85.0000000000000000000000000000000000        0.31589195847037960     
   86.0000000000000000000000000000000000        0.31676107832445705     
   87.0000000000000000000000000000000000        0.31743801132528526     
   88.0000000000000000000000000000000000        0.31792218323594579     
   89.0000000000000000000000000000000000        0.31821292491781772     
   90.0000000000000000000000000000000000        0.31830979722822461     
   91.0000000000000000000000000000000000        0.31821292394662520     
   92.0000000000000000000000000000000000        0.31792219285700862     
   93.0000000000000000000000000000000000        0.31743800841646896     
   94.0000000000000000000000000000000000        0.31676102440395482     
   95.0000000000000000000000000000000000        0.31589195363822126     
   96.0000000000000000000000000000000000        0.31483194201637416     
   97.0000000000000000000000000000000000        0.31358229183561048     
   98.0000000000000000000000000000000000        0.31214443056900504     
   99.0000000000000000000000000000000000        0.31052027544940775     
   100.000000000000000000000000000000000        0.30871146656351200     
   101.000000000000000000000000000000000        0.30672082231669789     
   102.000000000000000000000000000000000        0.30455027835787601     
   103.000000000000000000000000000000000        0.30220244299201837     
   104.000000000000000000000000000000000        0.29968032650731030     
   105.000000000000000000000000000000000        0.29698715056658254     
   106.000000000000000000000000000000000        0.29412585134627817     
   107.000000000000000000000000000000000        0.29110035342218737     
   108.000000000000000000000000000000000        0.28791401914849202     
   109.000000000000000000000000000000000        0.28457073144449951     
   110.000000000000000000000000000000000        0.28107475914056351     
   111.000000000000000000000000000000000        0.27743009629708326     
   112.000000000000000000000000000000000        0.27364155401957030     
   113.000000000000000000000000000000000        0.26971323643864581     
   114.000000000000000000000000000000000        0.26565041556747060     
   115.000000000000000000000000000000000        0.26145774763672225     
   116.000000000000000000000000000000000        0.25714034912148032     
   117.000000000000000000000000000000000        0.25270384980523936     
   118.000000000000000000000000000000000        0.24815313428467659     
   119.000000000000000000000000000000000        0.24349419105673342     
   120.000000000000000000000000000000000        0.23873252303348427     
   121.000000000000000000000000000000000        0.23387363992554980     
   122.000000000000000000000000000000000        0.22892394724658377     
   123.000000000000000000000000000000000        0.22388906677219542     
   124.000000000000000000000000000000000        0.21877529016381356     
   125.000000000000000000000000000000000        0.21358911543626019     
   126.000000000000000000000000000000000        0.20833653460305337     
   127.000000000000000000000000000000000        0.20302396624799582     
   128.000000000000000000000000000000000        0.19765792793783277     
   129.000000000000000000000000000000000        0.19224509155519670     
   130.000000000000000000000000000000000        0.18679179423912973     
   131.000000000000000000000000000000000        0.18130500495468874     
   132.000000000000000000000000000000000        0.17579107884123610     
   133.000000000000000000000000000000000        0.17025700545175973     
   134.000000000000000000000000000000000        0.16470925310645002     
   135.000000000000000000000000000000000        0.15915491779235041     
   136.000000000000000000000000000000000        0.15360046161897117     
   137.000000000000000000000000000000000        0.14805283023468119     
   138.000000000000000000000000000000000        0.14251850495338084     
   139.000000000000000000000000000000000        0.13700483103624184     
   140.000000000000000000000000000000000        0.13151791522430237     
   141.000000000000000000000000000000000        0.12606474494169620     
   142.000000000000000000000000000000000        0.12065168350943535     
   143.000000000000000000000000000000000        0.11528587095367228     
   144.000000000000000000000000000000000        0.10997327104532648     
   145.000000000000000000000000000000000        0.10472072266576364     
   146.000000000000000000000000000000000         9.9534575124780922E-002
   147.000000000000000000000000000000000         9.4420772421212287E-002
   148.000000000000000000000000000000000         8.9385990122182638E-002
   149.000000000000000000000000000000000         8.4436200545080817E-002
   150.000000000000000000000000000000000         7.9577429561314875E-002
   151.000000000000000000000000000000000         7.4815650870608263E-002
   152.000000000000000000000000000000000         7.0156602554515460E-002
   153.000000000000000000000000000000000         6.5605993751390243E-002
   154.000000000000000000000000000000000         6.1169378339374018E-002
   155.000000000000000000000000000000000         5.6852097713589712E-002
   156.000000000000000000000000000000000         5.2659503682062840E-002
   157.000000000000000000000000000000000         4.8596610861209068E-002
   158.000000000000000000000000000000000         4.4668415386711888E-002
   159.000000000000000000000000000000000         4.0879753098529252E-002
   160.000000000000000000000000000000000         3.7235148623053521E-002
   161.000000000000000000000000000000000         3.3739120183014497E-002
   162.000000000000000000000000000000000         3.0395915387207300E-002
   163.000000000000000000000000000000000         2.7209500562367390E-002
   164.000000000000000000000000000000000         2.4183880941209584E-002
   165.000000000000000000000000000000000         2.1322705888799986E-002
   166.000000000000000000000000000000000         1.8629484311586814E-002
   167.000000000000000000000000000000000         1.6107416035819548E-002
   168.000000000000000000000000000000000         1.3759655958369433E-002
   169.000000000000000000000000000000000         1.1589039372765160E-002
   170.000000000000000000000000000000000         9.5981646537730801E-003
   171.000000000000000000000000000000000         7.7895889777789889E-003
   172.000000000000000000000000000000000         6.1653825982098901E-003
   173.000000000000000000000000000000000         4.7275753922905511E-003
   174.000000000000000000000000000000000         3.4778887384868517E-003
   175.000000000000000000000000000000000         2.4179164395247673E-003
   176.000000000000000000000000000000000         1.5488873200795747E-003
   177.000000000000000000000000000000000         8.7186454636534161E-004
   178.000000000000000000000000000000000         3.8769054867194690E-004
   179.000000000000000000000000000000000         9.6951922642167041E-005
   180.000000000000000000000000000000000         2.4145994296002462E-015
   181.000000000000000000000000000000000         9.6953864975600916E-005
   182.000000000000000000000000000000000         3.8769573779212315E-004
   183.000000000000000000000000000000000         8.7187036390296176E-004
   184.000000000000000000000000000000000         1.5488892312287117E-003
   185.000000000000000000000000000000000         2.4179261039247242E-003
   186.000000000000000000000000000000000         3.4779232433833269E-003
   187.000000000000000000000000000000000         4.7275888564722070E-003
   188.000000000000000000000000000000000         6.1653982251534990E-003
   189.000000000000000000000000000000000         7.7896061761426874E-003
   190.000000000000000000000000000000000         9.5982445276769617E-003
   191.000000000000000000000000000000000         1.1589060221531788E-002
   192.000000000000000000000000000000000         1.3759679571447355E-002
   193.000000000000000000000000000000000         1.6107440433402981E-002
   194.000000000000000000000000000000000         1.8629495391482884E-002
   195.000000000000000000000000000000000         2.1322733716337534E-002
   196.000000000000000000000000000000000         2.4183906840927739E-002
   197.000000000000000000000000000000000         2.7209531684293579E-002
   198.000000000000000000000000000000000         3.0395893765561705E-002
   199.000000000000000000000000000000000         3.3739154447694930E-002
   200.000000000000000000000000000000000         3.7235208758121002E-002
   201.000000000000000000000000000000000         4.0879790339025932E-002
   202.000000000000000000000000000000000         4.4668412162325546E-002
   203.000000000000000000000000000000000         4.8596650896104696E-002
   204.000000000000000000000000000000000         5.2659541086685711E-002
   205.000000000000000000000000000000000         5.6852140347852180E-002
   206.000000000000000000000000000000000         6.1169436795193211E-002
   207.000000000000000000000000000000000         6.5606038777274972E-002
   208.000000000000000000000000000000000         7.0156657184888810E-002
   209.000000000000000000000000000000000         7.4815698068795539E-002
   210.000000000000000000000000000000000         7.9577462106293226E-002
   211.000000000000000000000000000000000         8.4436249685612544E-002
   212.000000000000000000000000000000000         8.9386032299669738E-002
   213.000000000000000000000000000000000         9.4420823264650580E-002
   214.000000000000000000000000000000000         9.9534450859799992E-002
   215.000000000000000000000000000000000        0.10472077496444003     
   216.000000000000000000000000000000000        0.10997330694259250     
   217.000000000000000000000000000000000        0.11528592445276885     
   218.000000000000000000000000000000000        0.12065191185069878     
   219.000000000000000000000000000000000        0.12606479938056192     
   220.000000000000000000000000000000000        0.13151797336396107     
   221.000000000000000000000000000000000        0.13700488614967679     
   222.000000000000000000000000000000000        0.14251875340544337     
   223.000000000000000000000000000000000        0.14805288575416115     
   224.000000000000000000000000000000000        0.15360050586801510     
   225.000000000000000000000000000000000        0.15915497344741464     
   226.000000000000000000000000000000000        0.16470939896060527     
   227.000000000000000000000000000000000        0.17025706097124757     
   228.000000000000000000000000000000000        0.17579124159141332     
   229.000000000000000000000000000000000        0.18130506006811781     
   230.000000000000000000000000000000000        0.18679205246854549     
   231.000000000000000000000000000000000        0.19224514599406647     
   232.000000000000000000000000000000000        0.19765812136473146     
   233.000000000000000000000000000000000        0.20302401974707229     
   234.000000000000000000000000000000000        0.20833665664548870     
   235.000000000000000000000000000000000        0.21358916773493405     
   236.000000000000000000000000000000000        0.21877556710288620     
   237.000000000000000000000000000000000        0.22388911761565800     
   238.000000000000000000000000000000000        0.22892399286462958     
   239.000000000000000000000000000000000        0.23387368906605183     
   240.000000000000000000000000000000000        0.23873250680806721     
   241.000000000000000000000000000000000        0.24349423825494218     
   242.000000000000000000000000000000000        0.24815330546164685     
   243.000000000000000000000000000000000        0.25270389483109962     
   244.000000000000000000000000000000000        0.25714060575268488     
   245.000000000000000000000000000000000        0.26145779027095301     
   246.000000000000000000000000000000000        0.26565043564336532     
   247.000000000000000000000000000000000        0.26971327647355331     
   248.000000000000000000000000000000000        0.27364136881444467     
   249.000000000000000000000000000000000        0.27743013353762230     
   250.000000000000000000000000000000000        0.28107468313207712     
   251.000000000000000000000000000000000        0.28457076570916617     
   252.000000000000000000000000000000000        0.28791392801255800     
   253.000000000000000000000000000000000        0.29110038454414028     
   254.000000000000000000000000000000000        0.29412596136774088     
   255.000000000000000000000000000000000        0.29698717839412164     
   256.000000000000000000000000000000000        0.29968036151773830     
   257.000000000000000000000000000000000        0.30220246738957851     
   258.000000000000000000000000000000000        0.30455029033535269     
   259.000000000000000000000000000000000        0.30672084316542036     
   260.000000000000000000000000000000000        0.30871151963016524     
   261.000000000000000000000000000000000        0.31052029264783720     
   262.000000000000000000000000000000000        0.31214428391744076     
   263.000000000000000000000000000000000        0.31358230529975623     
   264.000000000000000000000000000000000        0.31483187242175020     
   265.000000000000000000000000000000000        0.31589196330255431     
   266.000000000000000000000000000000000        0.31676094760106921     
   267.000000000000000000000000000000000        0.31743801423402440     
   268.000000000000000000000000000000000        0.31792208799124666     
   269.000000000000000000000000000000000        0.31821292588896277     
   270.000000000000000000000000000000000        0.31830982466002777     
   271.000000000000000000000000000000000        0.31821292297545339     
   272.000000000000000000000000000000000        0.31792208033655295     
   273.000000000000000000000000000000000        0.31743800550772877     
   274.000000000000000000000000000000000        0.31676104406546718     
   275.000000000000000000000000000000000        0.31589194880602417     
   276.000000000000000000000000000000000        0.31483205066424025     
   277.000000000000000000000000000000000        0.31358228510350306     
   278.000000000000000000000000000000000        0.31214453127259667     
   279.000000000000000000000000000000000        0.31052026685027656     
   280.000000000000000000000000000000000        0.30871174465102075     
   281.000000000000000000000000000000000        0.30672081189230682     
   282.000000000000000000000000000000000        0.30455034916336410     
   283.000000000000000000000000000000000        0.30220243079320885     
   284.000000000000000000000000000000000        0.29968046656834540     
   285.000000000000000000000000000000000        0.29698713665279836     
   286.000000000000000000000000000000000        0.29412601539729821     
   287.000000000000000000000000000000000        0.29110033786123957     
   288.000000000000000000000000000000000        0.28791405485880450     
   289.000000000000000000000000000000000        0.28457071431210207     
   290.000000000000000000000000000000000        0.28107463707651531     
   291.000000000000000000000000000000000        0.27743007767684413     
   292.000000000000000000000000000000000        0.27364143311463013     
   293.000000000000000000000000000000000        0.26971321642119295     
   294.000000000000000000000000000000000        0.26565047160133498     
   295.000000000000000000000000000000000        0.26145772631956748     
   296.000000000000000000000000000000000        0.25714048930729089     
   297.000000000000000000000000000000000        0.25270382729227270     
   298.000000000000000000000000000000000        0.24815332282308969     
   299.000000000000000000000000000000000        0.24349416745771552     
   300.000000000000000000000000000000000        0.23873253404845915     
   301.000000000000000000000000000000000        0.23387361535527251     
   302.000000000000000000000000000000000        0.22892392638484649     
   303.000000000000000000000000000000000        0.22388904135049864     
   304.000000000000000000000000000000000        0.21877555261424814     
   305.000000000000000000000000000000000        0.21358908928690509     
   306.000000000000000000000000000000000        0.20833655780031779     
   307.000000000000000000000000000000000        0.20302393949849043     
   308.000000000000000000000000000000000        0.19765791357202972     
   309.000000000000000000000000000000000        0.19224506433570818     
   310.000000000000000000000000000000000        0.18679184393981887     
   311.000000000000000000000000000000000        0.18130497739796919     
   312.000000000000000000000000000000000        0.17579113904656435     
   313.000000000000000000000000000000000        0.17025697769198336     
   314.000000000000000000000000000000000        0.16470930114425264     
   315.000000000000000000000000000000000        0.15915488996484159     
   316.000000000000000000000000000000000        0.15360030928566726     
   317.000000000000000000000000000000000        0.14805280247490610     
   318.000000000000000000000000000000000        0.14251861970257509     
   319.000000000000000000000000000000000        0.13700480347954214     
   320.000000000000000000000000000000000        0.13151777982157248     
   321.000000000000000000000000000000000        0.12606471772225480     
   322.000000000000000000000000000000000        0.12065179413068029     
   323.000000000000000000000000000000000        0.11528584420415165     
   324.000000000000000000000000000000000        0.10997326834326655     
   325.000000000000000000000000000000000        0.10472069651643100     
   326.000000000000000000000000000000000         9.9534398428416770E-002
   327.000000000000000000000000000000000         9.4420746999513500E-002
   328.000000000000000000000000000000000         8.9385910082460204E-002
   329.000000000000000000000000000000000         8.4436175974828290E-002
   330.000000000000000000000000000000000         7.9577413680509371E-002
   331.000000000000000000000000000000000         7.4815627271535526E-002
   332.000000000000000000000000000000000         7.0156683964025690E-002
   333.000000000000000000000000000000000         6.5605971238420754E-002
   334.000000000000000000000000000000000         6.1169329197795143E-002
   335.000000000000000000000000000000000         5.6852076396480378E-002
   336.000000000000000000000000000000000         5.2659420659591290E-002
   337.000000000000000000000000000000000         4.8596590843737707E-002
   338.000000000000000000000000000000000         4.4668401401805113E-002
   339.000000000000000000000000000000000         4.0879734478285870E-002
   340.000000000000000000000000000000000         3.7235137974026791E-002
   341.000000000000000000000000000000000         3.3739103050670578E-002
   342.000000000000000000000000000000000         3.0395844207699370E-002
   343.000000000000000000000000000000000         2.7209485001422090E-002
   344.000000000000000000000000000000000         2.4183773877349702E-002
   345.000000000000000000000000000000000         2.1322691975042028E-002
   346.000000000000000000000000000000000         1.8629434461979313E-002
   347.000000000000000000000000000000000         1.6107403837045585E-002
   348.000000000000000000000000000000000         1.3759642345515860E-002
   349.000000000000000000000000000000000         1.1589028948398245E-002
   350.000000000000000000000000000000000         9.5981984933878901E-003
   351.000000000000000000000000000000000         7.7895803786051801E-003
   352.000000000000000000000000000000000         6.1654080487555957E-003
   353.000000000000000000000000000000000         4.7275686602055583E-003
   354.000000000000000000000000000000000         3.4779053573394522E-003
   355.000000000000000000000000000000000         2.4179116073316394E-003
   356.000000000000000000000000000000000         1.5488765973480237E-003
   357.000000000000000000000000000000000         8.7186163760173555E-004
   358.000000000000000000000000000000000         3.8768996781253436E-004
   359.000000000000000000000000000000000         9.6950951482216406E-005
   360.000000000000000000000000000000000         2.5224521925207124E-014
