   1.00000000000000000000000000000000000         9.6952893806600296E-005
   2.00000000000000000000000000000000000         3.8769345305269783E-004
   3.00000000000000000000000000000000000         8.7186745513080535E-004
   4.00000000000000000000000000000000000         1.5488825744901932E-003
   5.00000000000000000000000000000000000         2.4179212717232593E-003
   6.00000000000000000000000000000000000         3.4779174038813338E-003
   7.00000000000000000000000000000000000         4.7275821243764615E-003
   8.00000000000000000000000000000000000         6.1654050553233645E-003
   9.00000000000000000000000000000000000         7.7895975769594625E-003
   10.0000000000000000000000000000000000         9.5982175523329129E-003
   11.0000000000000000000000000000000000         1.1589049797142929E-002
   12.0000000000000000000000000000000000         1.3759650064173455E-002
   13.0000000000000000000000000000000000         1.6107428234614078E-002
   14.0000000000000000000000000000000000         1.8629469447474446E-002
   15.0000000000000000000000000000000000         2.1322719802569060E-002
   16.0000000000000000000000000000000000         2.4183872705941835E-002
   17.0000000000000000000000000000000000         2.7209516123326689E-002
   18.0000000000000000000000000000000000         3.0395885681642275E-002
   19.0000000000000000000000000000000000         3.3739137315353225E-002
   20.0000000000000000000000000000000000         3.7235215365422770E-002
   21.0000000000000000000000000000000000         4.0879771718786817E-002
   22.0000000000000000000000000000000000         4.4668460436080554E-002
   23.0000000000000000000000000000000000         4.8596630878643673E-002
   24.0000000000000000000000000000000000         5.2659484976581343E-002
   25.0000000000000000000000000000000000         5.6852119030714632E-002
   26.0000000000000000000000000000000000         6.1169386762169022E-002
   27.0000000000000000000000000000000000         6.5606016264322845E-002
   28.0000000000000000000000000000000000         7.0156625708084411E-002
   29.0000000000000000000000000000000000         7.4815674469702220E-002
   30.0000000000000000000000000000000000         7.9577486816707746E-002
   31.0000000000000000000000000000000000         8.4436225115329805E-002
   32.0000000000000000000000000000000000         8.9385939441966142E-002
   33.0000000000000000000000000000000000         9.4420797842928131E-002
   34.0000000000000000000000000000000000         9.9534454977773273E-002
   35.0000000000000000000000000000000000        0.10472074881508669     
   36.0000000000000000000000000000000000        0.10997345178750619     
   37.0000000000000000000000000000000000        0.11528589770323316     
   38.0000000000000000000000000000000000        0.12065188179849054     
   39.0000000000000000000000000000000000        0.12606477216112402     
   40.0000000000000000000000000000000000        0.13151793572985163     
   41.0000000000000000000000000000000000        0.13700485859297720     
   42.0000000000000000000000000000000000        0.14251869977109055     
   43.0000000000000000000000000000000000        0.14805285799440240     
   44.0000000000000000000000000000000000        0.15360056994289564     
   45.0000000000000000000000000000000000        0.15915494561988866     
   46.0000000000000000000000000000000000        0.16470938560695428     
   47.0000000000000000000000000000000000        0.17025703321148131     
   48.0000000000000000000000000000000000        0.17579113988309358     
   49.0000000000000000000000000000000000        0.18130503251140698     
   50.0000000000000000000000000000000000        0.18679192895903965     
   51.0000000000000000000000000000000000        0.19224511877459941     
   52.0000000000000000000000000000000000        0.19765807212795969     
   53.0000000000000000000000000000000000        0.20302399299754331     
   54.0000000000000000000000000000000000        0.20833649041470212     
   55.0000000000000000000000000000000000        0.21358914158558961     
   56.0000000000000000000000000000000000        0.21877546611351767     
   57.0000000000000000000000000000000000        0.22388909219393976     
   58.0000000000000000000000000000000000        0.22892388918179524     
   59.0000000000000000000000000000000000        0.23387366449579461     
   60.0000000000000000000000000000000000        0.23873232356456567     
   61.0000000000000000000000000000000000        0.24349421465586413     
   62.0000000000000000000000000000000000        0.24815324460218866     
   63.0000000000000000000000000000000000        0.25270387231815439     
   64.0000000000000000000000000000000000        0.25714050106303721     
   65.0000000000000000000000000000000000        0.26145776895386325     
   66.0000000000000000000000000000000000        0.26565036695072591     
   67.0000000000000000000000000000000000        0.26971325645609640     
   68.0000000000000000000000000000000000        0.27364145747629909     
   69.0000000000000000000000000000000000        0.27743011491735781     
   70.0000000000000000000000000000000000        0.28107475842895502     
   71.0000000000000000000000000000000000        0.28457074857681719     
   72.0000000000000000000000000000000000        0.28791397769922172     
   73.0000000000000000000000000000000000        0.29110036898316050     
   74.0000000000000000000000000000000000        0.29412592673626847     
   75.0000000000000000000000000000000000        0.29698716448034063     
   76.0000000000000000000000000000000000        0.29968036255980268     
   77.0000000000000000000000000000000000        0.30220245519079098     
   78.0000000000000000000000000000000000        0.30455016942779856     
   79.0000000000000000000000000000000000        0.30672083274106376     
   80.0000000000000000000000000000000000        0.30871175428553960     
   81.0000000000000000000000000000000000        0.31052028404864890     
   82.0000000000000000000000000000000000        0.31214449782521347     
   83.0000000000000000000000000000000000        0.31358229856769332     
   84.0000000000000000000000000000000000        0.31483187191774598     
   85.0000000000000000000000000000000000        0.31589195847038459     
   86.0000000000000000000000000000000000        0.31676102887116442     
   87.0000000000000000000000000000000000        0.31743801132527277     
   88.0000000000000000000000000000000000        0.31792218418158585     
   89.0000000000000000000000000000000000        0.31821292491780018     
   90.0000000000000000000000000000000000        0.31830984434456816     
   91.0000000000000000000000000000000000        0.31821292394662271     
   92.0000000000000000000000000000000000        0.31792218700134661     
   93.0000000000000000000000000000000000        0.31743800841648401     
   94.0000000000000000000000000000000000        0.31676100439046201     
   95.0000000000000000000000000000000000        0.31589195363820133     
   96.0000000000000000000000000000000000        0.31483195081584198     
   97.0000000000000000000000000000000000        0.31358229183559805     
   98.0000000000000000000000000000000000        0.31214446008318303     
   99.0000000000000000000000000000000000        0.31052027544943989     
   100.000000000000000000000000000000000        0.30871157729009935     
   101.000000000000000000000000000000000        0.30672082231668557     
   102.000000000000000000000000000000000        0.30455023433922807     
   103.000000000000000000000000000000000        0.30220244299201104     
   104.000000000000000000000000000000000        0.29968037038470946     
   105.000000000000000000000000000000000        0.29698715056656799     
   106.000000000000000000000000000000000        0.29412592273440569     
   107.000000000000000000000000000000000        0.29110035342219692     
   108.000000000000000000000000000000000        0.28791399551179658     
   109.000000000000000000000000000000000        0.28457073144449241     
   110.000000000000000000000000000000000        0.28107471499298325     
   111.000000000000000000000000000000000        0.27743009629709264     
   112.000000000000000000000000000000000        0.27364146838206216     
   113.000000000000000000000000000000000        0.26971323643864120     
   114.000000000000000000000000000000000        0.26565038651503226     
   115.000000000000000000000000000000000        0.26145774763672680     
   116.000000000000000000000000000000000        0.25714043132884179     
   117.000000000000000000000000000000000        0.25270384980522598     
   118.000000000000000000000000000000000        0.24815319399484451     
   119.000000000000000000000000000000000        0.24349419105675316     
   120.000000000000000000000000000000000        0.23873244591276771     
   121.000000000000000000000000000000000        0.23387363992554872     
   122.000000000000000000000000000000000        0.22892389280141553     
   123.000000000000000000000000000000000        0.22388906677221224     
   124.000000000000000000000000000000000        0.21877536082432172     
   125.000000000000000000000000000000000        0.21358911543625919     
   126.000000000000000000000000000000000        0.20833651479107218     
   127.000000000000000000000000000000000        0.20302396624800084     
   128.000000000000000000000000000000000        0.19765796086719004     
   129.000000000000000000000000000000000        0.19224509155517819     
   130.000000000000000000000000000000000        0.18679184700210577     
   131.000000000000000000000000000000000        0.18130500495468210     
   132.000000000000000000000000000000000        0.17579111453923685     
   133.000000000000000000000000000000000        0.17025700545174233     
   134.000000000000000000000000000000000        0.16470930728890465     
   135.000000000000000000000000000000000        0.15915491779235305     
   136.000000000000000000000000000000000        0.15360047854516970     
   137.000000000000000000000000000000000        0.14805283023466836     
   138.000000000000000000000000000000000        0.14251861750169037     
   139.000000000000000000000000000000000        0.13700483103625005     
   140.000000000000000000000000000000000        0.13151793702333597     
   141.000000000000000000000000000000000        0.12606474494169384     
   142.000000000000000000000000000000000        0.12065178315496670     
   143.000000000000000000000000000000000        0.11528587095368434     
   144.000000000000000000000000000000000        0.10997330966865483     
   145.000000000000000000000000000000000        0.10472072266576149     
   146.000000000000000000000000000000000         9.9534488779288666E-002
   147.000000000000000000000000000000000         9.4420772421211607E-002
   148.000000000000000000000000000000000         8.9385987179355558E-002
   149.000000000000000000000000000000000         8.4436200545081469E-002
   150.000000000000000000000000000000000         7.9577441142135608E-002
   151.000000000000000000000000000000000         7.4815650870611303E-002
   152.000000000000000000000000000000000         7.0156605127705260E-002
   153.000000000000000000000000000000000         6.5605993751380001E-002
   154.000000000000000000000000000000000         6.1169364939397460E-002
   155.000000000000000000000000000000000         5.6852097713589803E-002
   156.000000000000000000000000000000000         5.2659489826644812E-002
   157.000000000000000000000000000000000         4.8596610861200415E-002
   158.000000000000000000000000000000000         4.4668429802911781E-002
   159.000000000000000000000000000000000         4.0879753098530001E-002
   160.000000000000000000000000000000000         3.7235159083340102E-002
   161.000000000000000000000000000000000         3.3739120183013810E-002
   162.000000000000000000000000000000000         3.0395890938835109E-002
   163.000000000000000000000000000000000         2.7209500562368361E-002
   164.000000000000000000000000000000000         2.4183881858375993E-002
   165.000000000000000000000000000000000         2.1322705888802210E-002
   166.000000000000000000000000000000000         1.8629468028749534E-002
   167.000000000000000000000000000000000         1.6107416035822407E-002
   168.000000000000000000000000000000000         1.3759656466457583E-002
   169.000000000000000000000000000000000         1.1589039372767332E-002
   170.000000000000000000000000000000000         9.5981902991442245E-003
   171.000000000000000000000000000000000         7.7895889777788736E-003
   172.000000000000000000000000000000000         6.1653840565819200E-003
   173.000000000000000000000000000000000         4.7275753922894573E-003
   174.000000000000000000000000000000000         3.4779022288023887E-003
   175.000000000000000000000000000000000         2.4179164395247317E-003
   176.000000000000000000000000000000000         1.5488836822249307E-003
   177.000000000000000000000000000000000         8.7186454636478542E-004
   178.000000000000000000000000000000000         3.8769111527882106E-004
   179.000000000000000000000000000000000         9.6951922641960365E-005
   180.000000000000000000000000000000000         2.4252741223747811E-015
   181.000000000000000000000000000000000         9.6953864975693506E-005
   182.000000000000000000000000000000000         3.8769553568222614E-004
   183.000000000000000000000000000000000         8.7187036390320050E-004
   184.000000000000000000000000000000000         1.5488890254576639E-003
   185.000000000000000000000000000000000         2.4179261039256159E-003
   186.000000000000000000000000000000000         3.4779232433805440E-003
   187.000000000000000000000000000000000         4.7275888564701999E-003
   188.000000000000000000000000000000000         6.1653995150977754E-003
   189.000000000000000000000000000000000         7.7896061761418842E-003
   190.000000000000000000000000000000000         9.5982343855589396E-003
   191.000000000000000000000000000000000         1.1589060221527867E-002
   192.000000000000000000000000000000000         1.3759679505346395E-002
   193.000000000000000000000000000000000         1.6107440433402020E-002
   194.000000000000000000000000000000000         1.8629487960751520E-002
   195.000000000000000000000000000000000         2.1322733716338312E-002
   196.000000000000000000000000000000000         2.4183909871609188E-002
   197.000000000000000000000000000000000         2.7209531684291050E-002
   198.000000000000000000000000000000000         3.0395901278883811E-002
   199.000000000000000000000000000000000         3.3739154447695513E-002
   200.000000000000000000000000000000000         3.7235204888597419E-002
   201.000000000000000000000000000000000         4.0879790339034945E-002
   202.000000000000000000000000000000000         4.4668451217135904E-002
   203.000000000000000000000000000000000         4.8596650896102704E-002
   204.000000000000000000000000000000000         5.2659529557829259E-002
   205.000000000000000000000000000000000         5.6852140347849044E-002
   206.000000000000000000000000000000000         6.1169414807553633E-002
   207.000000000000000000000000000000000         6.5606038777272127E-002
   208.000000000000000000000000000000000         7.0156654763826001E-002
   209.000000000000000000000000000000000         7.4815698068791889E-002
   210.000000000000000000000000000000000         7.9577482895187318E-002
   211.000000000000000000000000000000000         8.4436249685600290E-002
   212.000000000000000000000000000000000         8.9386033971523893E-002
   213.000000000000000000000000000000000         9.4420823264648540E-002
   214.000000000000000000000000000000000         9.9534467965769022E-002
   215.000000000000000000000000000000000        0.10472077496442710     
   216.000000000000000000000000000000000        0.10997335558583146     
   217.000000000000000000000000000000000        0.11528592445277488     
   218.000000000000000000000000000000000        0.12065190894366361     
   219.000000000000000000000000000000000        0.12606479938056347     
   220.000000000000000000000000000000000        0.13151799320410351     
   221.000000000000000000000000000000000        0.13700488614968664     
   222.000000000000000000000000000000000        0.14251875236442857     
   223.000000000000000000000000000000000        0.14805288575415773     
   224.000000000000000000000000000000000        0.15360052948369646     
   225.000000000000000000000000000000000        0.15915497344741997     
   226.000000000000000000000000000000000        0.16470940006483353     
   227.000000000000000000000000000000000        0.17025706097123475     
   228.000000000000000000000000000000000        0.17579121411294810     
   229.000000000000000000000000000000000        0.18130506006811592     
   230.000000000000000000000000000000000        0.18679198557277110     
   231.000000000000000000000000000000000        0.19224514599404893     
   232.000000000000000000000000000000000        0.19765807227936755     
   233.000000000000000000000000000000000        0.20302401974708231     
   234.000000000000000000000000000000000        0.20833659617978689     
   235.000000000000000000000000000000000        0.21358916773492276     
   236.000000000000000000000000000000000        0.21877550521245850     
   237.000000000000000000000000000000000        0.22388911761565800     
   238.000000000000000000000000000000000        0.22892394101028349     
   239.000000000000000000000000000000000        0.23387368906605396     
   240.000000000000000000000000000000000        0.23873246758389438     
   241.000000000000000000000000000000000        0.24349423825494110     
   242.000000000000000000000000000000000        0.24815329162074123     
   243.000000000000000000000000000000000        0.25270389483110633     
   244.000000000000000000000000000000000        0.25714056279862935     
   245.000000000000000000000000000000000        0.26145779027097116     
   246.000000000000000000000000000000000        0.26565041911085635     
   247.000000000000000000000000000000000        0.26971327647354637     
   248.000000000000000000000000000000000        0.27364141486304711     
   249.000000000000000000000000000000000        0.27743013353761292     
   250.000000000000000000000000000000000        0.28107470473912838     
   251.000000000000000000000000000000000        0.28457076570916617     
   252.000000000000000000000000000000000        0.28791397722830819     
   253.000000000000000000000000000000000        0.29110038454412829     
   254.000000000000000000000000000000000        0.29412598538600460     
   255.000000000000000000000000000000000        0.29698717839410232     
   256.000000000000000000000000000000000        0.29968040017045566     
   257.000000000000000000000000000000000        0.30220246738957851     
   258.000000000000000000000000000000000        0.30455025258698465     
   259.000000000000000000000000000000000        0.30672084316542531     
   260.000000000000000000000000000000000        0.30871161033822392     
   261.000000000000000000000000000000000        0.31052029264782732     
   262.000000000000000000000000000000000        0.31214440872112575     
   263.000000000000000000000000000000000        0.31358230529976122     
   264.000000000000000000000000000000000        0.31483192896589801     
   265.000000000000000000000000000000000        0.31589196330257180     
   266.000000000000000000000000000000000        0.31676097732202879     
   267.000000000000000000000000000000000        0.31743801423402690     
   268.000000000000000000000000000000000        0.31792214610502906     
   269.000000000000000000000000000000000        0.31821292588895528     
   270.000000000000000000000000000000000        0.31830985564001435     
   271.000000000000000000000000000000000        0.31821292297545090     
   272.000000000000000000000000000000000        0.31792213952753617     
   273.000000000000000000000000000000000        0.31743800550772378     
   274.000000000000000000000000000000000        0.31676101020823189     
   275.000000000000000000000000000000000        0.31589194880599919     
   276.000000000000000000000000000000000        0.31483199214985869     
   277.000000000000000000000000000000000        0.31358228510349806     
   278.000000000000000000000000000000000        0.31214449703741887     
   279.000000000000000000000000000000000        0.31052026685027656     
   280.000000000000000000000000000000000        0.30871168619814787     
   281.000000000000000000000000000000000        0.30672081189229944     
   282.000000000000000000000000000000000        0.30455025683649428     
   283.000000000000000000000000000000000        0.30220243079321130     
   284.000000000000000000000000000000000        0.29968042037205272     
   285.000000000000000000000000000000000        0.29698713665279108     
   286.000000000000000000000000000000000        0.29412598161050385     
   287.000000000000000000000000000000000        0.29110033786123957     
   288.000000000000000000000000000000000        0.28791400059450106     
   289.000000000000000000000000000000000        0.28457071431212577     
   290.000000000000000000000000000000000        0.28107465420943595     
   291.000000000000000000000000000000000        0.27743007767684180     
   292.000000000000000000000000000000000        0.27364140722671837     
   293.000000000000000000000000000000000        0.26971321642118601     
   294.000000000000000000000000000000000        0.26565039742315461     
   295.000000000000000000000000000000000        0.26145772631958569     
   296.000000000000000000000000000000000        0.25714047615335661     
   297.000000000000000000000000000000000        0.25270382729226820     
   298.000000000000000000000000000000000        0.24815325805767610     
   299.000000000000000000000000000000000        0.24349416745769251     
   300.000000000000000000000000000000000        0.23873243627225205     
   301.000000000000000000000000000000000        0.23387361535528325     
   302.000000000000000000000000000000000        0.22892386949880308     
   303.000000000000000000000000000000000        0.22388904135050181     
   304.000000000000000000000000000000000        0.21877545371494231     
   305.000000000000000000000000000000000        0.21358908928691842     
   306.000000000000000000000000000000000        0.20833650877490895     
   307.000000000000000000000000000000000        0.20302393949847242     
   308.000000000000000000000000000000000        0.19765793906895440     
   309.000000000000000000000000000000000        0.19224506433571986     
   310.000000000000000000000000000000000        0.18679185134664350     
   311.000000000000000000000000000000000        0.18130497739796256     
   312.000000000000000000000000000000000        0.17579112305020075     
   313.000000000000000000000000000000000        0.17025697769198245     
   314.000000000000000000000000000000000        0.16470931071001302     
   315.000000000000000000000000000000000        0.15915488996482921     
   316.000000000000000000000000000000000        0.15360039946051660     
   317.000000000000000000000000000000000        0.14805280247490954     
   318.000000000000000000000000000000000        0.14251864847190748     
   319.000000000000000000000000000000000        0.13700480347953967     
   320.000000000000000000000000000000000        0.13151786514880842     
   321.000000000000000000000000000000000        0.12606471772225639     
   322.000000000000000000000000000000000        0.12065181282200137     
   323.000000000000000000000000000000000        0.11528584420415165     
   324.000000000000000000000000000000000        0.10997329298806925     
   325.000000000000000000000000000000000        0.10472069651643243     
   326.000000000000000000000000000000000         9.9534400844776397E-002
   327.000000000000000000000000000000000         9.4420746999503272E-002
   328.000000000000000000000000000000000         8.9385939509339096E-002
   329.000000000000000000000000000000000         8.4436175974829580E-002
   330.000000000000000000000000000000000         7.9577420426893253E-002
   331.000000000000000000000000000000000         7.4815627271531876E-002
   332.000000000000000000000000000000000         7.0156625078631490E-002
   333.000000000000000000000000000000000         6.5605971238425306E-002
   334.000000000000000000000000000000000         6.1169331805575905E-002
   335.000000000000000000000000000000000         5.6852076396471905E-002
   336.000000000000000000000000000000000         5.2659443476282645E-002
   337.000000000000000000000000000000000         4.8596590843742606E-002
   338.000000000000000000000000000000000         4.4668412673465281E-002
   339.000000000000000000000000000000000         4.0879734478282727E-002
   340.000000000000000000000000000000000         3.7235144176571124E-002
   341.000000000000000000000000000000000         3.3739103050674867E-002
   342.000000000000000000000000000000000         3.0395852008094457E-002
   343.000000000000000000000000000000000         2.7209485001417878E-002
   344.000000000000000000000000000000000         2.4183829098917087E-002
   345.000000000000000000000000000000000         2.1322691975042354E-002
   346.000000000000000000000000000000000         1.8629439817601644E-002
   347.000000000000000000000000000000000         1.6107403837043753E-002
   348.000000000000000000000000000000000         1.3759644203240455E-002
   349.000000000000000000000000000000000         1.1589028948397827E-002
   350.000000000000000000000000000000000         9.5981986345442596E-003
   351.000000000000000000000000000000000         7.7895803786047395E-003
   352.000000000000000000000000000000000         6.1653900242673500E-003
   353.000000000000000000000000000000000         4.7275686602056728E-003
   354.000000000000000000000000000000000         3.4779056685374683E-003
   355.000000000000000000000000000000000         2.4179116073313254E-003
   356.000000000000000000000000000000000         1.5488769888445163E-003
   357.000000000000000000000000000000000         8.7186163760199771E-004
   358.000000000000000000000000000000000         3.8768973425245108E-004
   359.000000000000000000000000000000000         9.6950951482167901E-005
   360.000000000000000000000000000000000         5.4321802177892786E-017
