   1.00000000000000000000000000000000000         9.6952893807826434E-005
   2.00000000000000000000000000000000000         3.8769345305507625E-004
   3.00000000000000000000000000000000000         8.7186745512747674E-004
   4.00000000000000000000000000000000000         1.5488714472872208E-003
   5.00000000000000000000000000000000000         2.4179212717246289E-003
   6.00000000000000000000000000000000000         3.4779171578241965E-003
   7.00000000000000000000000000000000000         4.7275821243760747E-003
   8.00000000000000000000000000000000000         6.1654613186800612E-003
   9.00000000000000000000000000000000000         7.7895975769682636E-003
   10.0000000000000000000000000000000000         9.5982165641420192E-003
   11.0000000000000000000000000000000000         1.1589049797133535E-002
   12.0000000000000000000000000000000000         1.3759567429253432E-002
   13.0000000000000000000000000000000000         1.6107428234630791E-002
   14.0000000000000000000000000000000000         1.8629468315920349E-002
   15.0000000000000000000000000000000000         2.1322719802566968E-002
   16.0000000000000000000000000000000000         2.4183760519606651E-002
   17.0000000000000000000000000000000000         2.7209516123326102E-002
   18.0000000000000000000000000000000000         3.0395865110442444E-002
   19.0000000000000000000000000000000000         3.3739137315353877E-002
   20.0000000000000000000000000000000000         3.7235357412163085E-002
   21.0000000000000000000000000000000000         4.0879771718801187E-002
   22.0000000000000000000000000000000000         4.4668465972990991E-002
   23.0000000000000000000000000000000000         4.8596630878630372E-002
   24.0000000000000000000000000000000000         5.2659412605599441E-002
   25.0000000000000000000000000000000000         5.6852119030706978E-002
   26.0000000000000000000000000000000000         6.1169429159247730E-002
   27.0000000000000000000000000000000000         6.5606016264333794E-002
   28.0000000000000000000000000000000000         7.0156606092432003E-002
   29.0000000000000000000000000000000000         7.4815674469713822E-002
   30.0000000000000000000000000000000000         7.9577548387676458E-002
   31.0000000000000000000000000000000000         8.4436225115300953E-002
   32.0000000000000000000000000000000000         8.9385616294290107E-002
   33.0000000000000000000000000000000000         9.4420797842930254E-002
   34.0000000000000000000000000000000000         9.9534458813507545E-002
   35.0000000000000000000000000000000000        0.10472074881507756     
   36.0000000000000000000000000000000000        0.10997385689406375     
   37.0000000000000000000000000000000000        0.11528589770322578     
   38.0000000000000000000000000000000000        0.12065189044164526     
   39.0000000000000000000000000000000000        0.12606477216110401     
   40.0000000000000000000000000000000000        0.13151773478100656     
   41.0000000000000000000000000000000000        0.13700485859299283     
   42.0000000000000000000000000000000000        0.14251858919038504     
   43.0000000000000000000000000000000000        0.14805285799437801     
   44.0000000000000000000000000000000000        0.15360080646325275     
   45.0000000000000000000000000000000000        0.15915494561988844     
   46.0000000000000000000000000000000000        0.16470944311435889     
   47.0000000000000000000000000000000000        0.17025703321149327     
   48.0000000000000000000000000000000000        0.17579101499243116     
   49.0000000000000000000000000000000000        0.18130503251145813     
   50.0000000000000000000000000000000000        0.18679200949881902     
   51.0000000000000000000000000000000000        0.19224511877458725     
   52.0000000000000000000000000000000000        0.19765835194193176     
   53.0000000000000000000000000000000000        0.20302399299752699     
   54.0000000000000000000000000000000000        0.20833632139283767     
   55.0000000000000000000000000000000000        0.21358914158559661     
   56.0000000000000000000000000000000000        0.21877560337339530     
   57.0000000000000000000000000000000000        0.22388909219393263     
   58.0000000000000000000000000000000000        0.22892393252246515     
   59.0000000000000000000000000000000000        0.23387366449575386     
   60.0000000000000000000000000000000000        0.23873190087651944     
   61.0000000000000000000000000000000000        0.24349421465590923     
   62.0000000000000000000000000000000000        0.24815317941430987     
   63.0000000000000000000000000000000000        0.25270387231810137     
   64.0000000000000000000000000000000000        0.25714045654024120     
   65.0000000000000000000000000000000000        0.26145776895388811     
   66.0000000000000000000000000000000000        0.26565027594507101     
   67.0000000000000000000000000000000000        0.26971325645611538     
   68.0000000000000000000000000000000000        0.27364159329279747     
   69.0000000000000000000000000000000000        0.27743011491737590     
   70.0000000000000000000000000000000000        0.28107501649568423     
   71.0000000000000000000000000000000000        0.28457074857676107     
   72.0000000000000000000000000000000000        0.28791389713464183     
   73.0000000000000000000000000000000000        0.29110036898314828     
   74.0000000000000000000000000000000000        0.29412564917667522     
   75.0000000000000000000000000000000000        0.29698716448040718     
   76.0000000000000000000000000000000000        0.29968012665894783     
   77.0000000000000000000000000000000000        0.30220245519077843     
   78.0000000000000000000000000000000000        0.30454996180792809     
   79.0000000000000000000000000000000000        0.30672083274110007     
   80.0000000000000000000000000000000000        0.30871216557365960     
   81.0000000000000000000000000000000000        0.31052028404867571     
   82.0000000000000000000000000000000000        0.31214454085057225     
   83.0000000000000000000000000000000000        0.31358229856775388     
   84.0000000000000000000000000000000000        0.31483145663382883     
   85.0000000000000000000000000000000000        0.31589195847037160     
   86.0000000000000000000000000000000000        0.31676118712171453     
   87.0000000000000000000000000000000000        0.31743801132530980     
   88.0000000000000000000000000000000000        0.31792218115553755     
   89.0000000000000000000000000000000000        0.31821292491785935     
   90.0000000000000000000000000000000000        0.31830969357228095     
   91.0000000000000000000000000000000000        0.31821292394662787     
   92.0000000000000000000000000000000000        0.31792220573946528     
   93.0000000000000000000000000000000000        0.31743800841643882     
   94.0000000000000000000000000000000000        0.31676106843364110     
   95.0000000000000000000000000000000000        0.31589195363826233     
   96.0000000000000000000000000000000000        0.31483192265754534     
   97.0000000000000000000000000000000000        0.31358229183564068     
   98.0000000000000000000000000000000000        0.31214436563781850     
   99.0000000000000000000000000000000000        0.31052027544933425     
   100.000000000000000000000000000000000        0.30871122296508963     
   101.000000000000000000000000000000000        0.30672082231672765     
   102.000000000000000000000000000000000        0.30455037519891265     
   103.000000000000000000000000000000000        0.30220244299203181     
   104.000000000000000000000000000000000        0.29968022997704352     
   105.000000000000000000000000000000000        0.29698715056661701     
   106.000000000000000000000000000000000        0.29412569429242819     
   107.000000000000000000000000000000000        0.29110035342216378     
   108.000000000000000000000000000000000        0.28791407114922540     
   109.000000000000000000000000000000000        0.28457073144451756     
   110.000000000000000000000000000000000        0.28107485626525230     
   111.000000000000000000000000000000000        0.27743009629706034     
   112.000000000000000000000000000000000        0.27364174242213551     
   113.000000000000000000000000000000000        0.26971323643865830     
   114.000000000000000000000000000000000        0.26565047948284054     
   115.000000000000000000000000000000000        0.26145774763671009     
   116.000000000000000000000000000000000        0.25714016826533131     
   117.000000000000000000000000000000000        0.25270384980527094     
   118.000000000000000000000000000000000        0.24815300292233253     
   119.000000000000000000000000000000000        0.24349419105668774     
   120.000000000000000000000000000000000        0.23873269269910458     
   121.000000000000000000000000000000000        0.23387363992555435     
   122.000000000000000000000000000000000        0.22892406702597667     
   123.000000000000000000000000000000000        0.22388906677215628     
   124.000000000000000000000000000000000        0.21877513471073567     
   125.000000000000000000000000000000000        0.21358911543626458     
   126.000000000000000000000000000000000        0.20833657818941534     
   127.000000000000000000000000000000000        0.20302396624798277     
   128.000000000000000000000000000000000        0.19765785549325643     
   129.000000000000000000000000000000000        0.19224509155523939     
   130.000000000000000000000000000000000        0.18679167816060863     
   131.000000000000000000000000000000000        0.18130500495470139     
   132.000000000000000000000000000000000        0.17579100030564723     
   133.000000000000000000000000000000000        0.17025700545179986     
   134.000000000000000000000000000000000        0.16470913390508116     
   135.000000000000000000000000000000000        0.15915491779234278     
   136.000000000000000000000000000000000        0.15360042438133767     
   137.000000000000000000000000000000000        0.14805283023471108     
   138.000000000000000000000000000000000        0.14251825734725632     
   139.000000000000000000000000000000000        0.13700483103622216     
   140.000000000000000000000000000000000        0.13151786726643477     
   141.000000000000000000000000000000000        0.12606474494170294     
   142.000000000000000000000000000000000        0.12065146428941119     
   143.000000000000000000000000000000000        0.11528587095364426     
   144.000000000000000000000000000000000        0.10997318607402796     
   145.000000000000000000000000000000000        0.10472072266576979     
   146.000000000000000000000000000000000         9.9534765084995702E-002
   147.000000000000000000000000000000000         9.4420772421212454E-002
   148.000000000000000000000000000000000         8.9385996596402409E-002
   149.000000000000000000000000000000000         8.4436200545080622E-002
   150.000000000000000000000000000000000         7.9577404083512243E-002
   151.000000000000000000000000000000000         7.4815650870600436E-002
   152.000000000000000000000000000000000         7.0156596893498097E-002
   153.000000000000000000000000000000000         6.5605993751413849E-002
   154.000000000000000000000000000000000         6.1169407819327608E-002
   155.000000000000000000000000000000000         5.6852097713588810E-002
   156.000000000000000000000000000000000         5.2659534163988928E-002
   157.000000000000000000000000000000000         4.8596610861228740E-002
   158.000000000000000000000000000000000         4.4668383671080308E-002
   159.000000000000000000000000000000000         4.0879753098527018E-002
   160.000000000000000000000000000000000         3.7235125610428202E-002
   161.000000000000000000000000000000000         3.3739120183016523E-002
   162.000000000000000000000000000000000         3.0395969173660730E-002
   163.000000000000000000000000000000000         2.7209500562364770E-002
   164.000000000000000000000000000000000         2.4183878923443546E-002
   165.000000000000000000000000000000000         2.1322705888795528E-002
   166.000000000000000000000000000000000         1.8629520133853879E-002
   167.000000000000000000000000000000000         1.6107416035812883E-002
   168.000000000000000000000000000000000         1.3759654840575539E-002
   169.000000000000000000000000000000000         1.1589039372760681E-002
   170.000000000000000000000000000000000         9.5981082340771597E-003
   171.000000000000000000000000000000000         7.7895889777789985E-003
   172.000000000000000000000000000000000         6.1653793897920306E-003
   173.000000000000000000000000000000000         4.7275753922931445E-003
   174.000000000000000000000000000000000         3.4778590598847667E-003
   175.000000000000000000000000000000000         2.4179164395247174E-003
   176.000000000000000000000000000000000         1.5488953233748293E-003
   177.000000000000000000000000000000000         8.7186454636664211E-004
   178.000000000000000000000000000000000         3.8768930213828123E-004
   179.000000000000000000000000000000000         9.6951922642596520E-005
   180.000000000000000000000000000000000         2.3911979810105046E-015
   181.000000000000000000000000000000000         9.6953864975372447E-005
   182.000000000000000000000000000000000         3.8769618243408030E-004
   183.000000000000000000000000000000000         8.7187036390250976E-004
   184.000000000000000000000000000000000         1.5488896839250649E-003
   185.000000000000000000000000000000000         2.4179261039226408E-003
   186.000000000000000000000000000000000         3.4779232433894487E-003
   187.000000000000000000000000000000000         4.7275888564767988E-003
   188.000000000000000000000000000000000         6.1653953872765656E-003
   189.000000000000000000000000000000000         7.7896061761442356E-003
   190.000000000000000000000000000000000         9.5982668403554704E-003
   191.000000000000000000000000000000000         1.1589060221540676E-002
   192.000000000000000000000000000000000         1.3759679716869469E-002
   193.000000000000000000000000000000000         1.6107440433404733E-002
   194.000000000000000000000000000000000         1.8629511739097097E-002
   195.000000000000000000000000000000000         2.1322733716336219E-002
   196.000000000000000000000000000000000         2.4183900173429227E-002
   197.000000000000000000000000000000000         2.7209531684298686E-002
   198.000000000000000000000000000000000         3.0395877236256343E-002
   199.000000000000000000000000000000000         3.3739154447694167E-002
   200.000000000000000000000000000000000         3.7235217271073581E-002
   201.000000000000000000000000000000000         4.0879790339005552E-002
   202.000000000000000000000000000000000         4.4668326241802857E-002
   203.000000000000000000000000000000000         4.8596650896109692E-002
   204.000000000000000000000000000000000         5.2659566450174340E-002
   205.000000000000000000000000000000000         5.6852140347858439E-002
   206.000000000000000000000000000000000         6.1169485168014202E-002
   207.000000000000000000000000000000000         6.5606038777282022E-002
   208.000000000000000000000000000000000         7.0156662511227139E-002
   209.000000000000000000000000000000000         7.4815698068802700E-002
   210.000000000000000000000000000000000         7.9577416370735787E-002
   211.000000000000000000000000000000000         8.4436249685640397E-002
   212.000000000000000000000000000000000         8.9386028621590660E-002
   213.000000000000000000000000000000000         9.4420823264654161E-002
   214.000000000000000000000000000000000         9.9534413226673266E-002
   215.000000000000000000000000000000000        0.10472077496446942     
   216.000000000000000000000000000000000        0.10997319992750465     
   217.000000000000000000000000000000000        0.11528592445275460     
   218.000000000000000000000000000000000        0.12065191824617630     
   219.000000000000000000000000000000000        0.12606479938055942     
   220.000000000000000000000000000000000        0.13151792971565290     
   221.000000000000000000000000000000000        0.13700488614965406     
   222.000000000000000000000000000000000        0.14251875569567601     
   223.000000000000000000000000000000000        0.14805288575416969     
   224.000000000000000000000000000000000        0.15360045391352251     
   225.000000000000000000000000000000000        0.15915497344740193     
   226.000000000000000000000000000000000        0.16470939653130307     
   227.000000000000000000000000000000000        0.17025706097127685     
   228.000000000000000000000000000000000        0.17579130204404433     
   229.000000000000000000000000000000000        0.18130506006812092     
   230.000000000000000000000000000000000        0.18679219963929131     
   231.000000000000000000000000000000000        0.19224514599410608     
   232.000000000000000000000000000000000        0.19765822935255351     
   233.000000000000000000000000000000000        0.20302401974704923     
   234.000000000000000000000000000000000        0.20833678967006361     
   235.000000000000000000000000000000000        0.21358916773495989     
   236.000000000000000000000000000000000        0.21877570326185797     
   237.000000000000000000000000000000000        0.22388911761565700     
   238.000000000000000000000000000000000        0.22892410694421161     
   239.000000000000000000000000000000000        0.23387368906604811     
   240.000000000000000000000000000000000        0.23873259310125880     
   241.000000000000000000000000000000000        0.24349423825494360     
   242.000000000000000000000000000000000        0.24815333591164060     
   243.000000000000000000000000000000000        0.25270389483108491     
   244.000000000000000000000000000000000        0.25714070025162283     
   245.000000000000000000000000000000000        0.26145779027091304     
   246.000000000000000000000000000000000        0.26565047201488678     
   247.000000000000000000000000000000000        0.26971327647356852     
   248.000000000000000000000000000000000        0.27364126750753304     
   249.000000000000000000000000000000000        0.27743013353764284     
   250.000000000000000000000000000000000        0.28107463559656720     
   251.000000000000000000000000000000000        0.28457076570916617     
   252.000000000000000000000000000000000        0.28791381973792235     
   253.000000000000000000000000000000000        0.29110038454416659     
   254.000000000000000000000000000000000        0.29412590852756432     
   255.000000000000000000000000000000000        0.29698717839416428     
   256.000000000000000000000000000000000        0.29968027648176898     
   257.000000000000000000000000000000000        0.30220246738957851     
   258.000000000000000000000000000000000        0.30455037338177054     
   259.000000000000000000000000000000000        0.30672084316540954     
   260.000000000000000000000000000000000        0.30871132007248298     
   261.000000000000000000000000000000000        0.31052029264785896     
   262.000000000000000000000000000000000        0.31214400934942155     
   263.000000000000000000000000000000000        0.31358230529974529     
   264.000000000000000000000000000000000        0.31483174802464287     
   265.000000000000000000000000000000000        0.31589196330251590     
   266.000000000000000000000000000000000        0.31676088221496296     
   267.000000000000000000000000000000000        0.31743801423401891     
   268.000000000000000000000000000000000        0.31792196014094420     
   269.000000000000000000000000000000000        0.31821292588897931     
   270.000000000000000000000000000000000        0.31830975650406257     
   271.000000000000000000000000000000000        0.31821292297545889     
   272.000000000000000000000000000000000        0.31792195011640928     
   273.000000000000000000000000000000000        0.31743800550773976     
   274.000000000000000000000000000000000        0.31676111855139122     
   275.000000000000000000000000000000000        0.31589194880607907     
   276.000000000000000000000000000000000        0.31483217939589880     
   277.000000000000000000000000000000000        0.31358228510351399     
   278.000000000000000000000000000000000        0.31214460658999438     
   279.000000000000000000000000000000000        0.31052026685027656     
   280.000000000000000000000000000000000        0.30871187324736055     
   281.000000000000000000000000000000000        0.30672081189232309     
   282.000000000000000000000000000000000        0.30455055228252692     
   283.000000000000000000000000000000000        0.30220243079320352     
   284.000000000000000000000000000000000        0.29968056820020178     
   285.000000000000000000000000000000000        0.29698713665281434     
   286.000000000000000000000000000000000        0.29412608972825266     
   287.000000000000000000000000000000000        0.29110033786123957     
   288.000000000000000000000000000000000        0.28791417424029003     
   289.000000000000000000000000000000000        0.28457071431204994     
   290.000000000000000000000000000000000        0.28107459938409174     
   291.000000000000000000000000000000000        0.27743007767684924     
   292.000000000000000000000000000000000        0.27364149006804039     
   293.000000000000000000000000000000000        0.26971321642120816     
   294.000000000000000000000000000000000        0.26565063479336820     
   295.000000000000000000000000000000000        0.26145772631952752     
   296.000000000000000000000000000000000        0.25714051824594741     
   297.000000000000000000000000000000000        0.25270382729228252     
   298.000000000000000000000000000000000        0.24815346530702934     
   299.000000000000000000000000000000000        0.24349416745776614     
   300.000000000000000000000000000000000        0.23873274915618528     
   301.000000000000000000000000000000000        0.23387361535524889     
   302.000000000000000000000000000000000        0.22892405153416684     
   303.000000000000000000000000000000000        0.22388904135049170     
   304.000000000000000000000000000000000        0.21877577019279965     
   305.000000000000000000000000000000000        0.21358908928687573     
   306.000000000000000000000000000000000        0.20833666565623751     
   307.000000000000000000000000000000000        0.20302393949853004     
   308.000000000000000000000000000000000        0.19765785747880119     
   309.000000000000000000000000000000000        0.19224506433568248     
   310.000000000000000000000000000000000        0.18679182764480523     
   311.000000000000000000000000000000000        0.18130497739798374     
   312.000000000000000000000000000000000        0.17579117423856680     
   313.000000000000000000000000000000000        0.17025697769198536     
   314.000000000000000000000000000000000        0.16470928009958083     
   315.000000000000000000000000000000000        0.15915488996486887     
   316.000000000000000000000000000000000        0.15360011090109194     
   317.000000000000000000000000000000000        0.14805280247489860     
   318.000000000000000000000000000000000        0.14251855641005406     
   319.000000000000000000000000000000000        0.13700480347954755     
   320.000000000000000000000000000000000        0.13151759210175085     
   321.000000000000000000000000000000000        0.12606471772225133     
   322.000000000000000000000000000000000        0.12065175300977903     
   323.000000000000000000000000000000000        0.11528584420415165     
   324.000000000000000000000000000000000        0.10997321412471033     
   325.000000000000000000000000000000000        0.10472069651642783     
   326.000000000000000000000000000000000         9.9534393112425679E-002
   327.000000000000000000000000000000000         9.4420746999536023E-002
   328.000000000000000000000000000000000         8.9385845343343664E-002
   329.000000000000000000000000000000000         8.4436175974825445E-002
   330.000000000000000000000000000000000         7.9577398838465818E-002
   331.000000000000000000000000000000000         7.4815627271543533E-002
   332.000000000000000000000000000000000         7.0156813511979929E-002
   333.000000000000000000000000000000000         6.5605971238410735E-002
   334.000000000000000000000000000000000         6.1169323460677667E-002
   335.000000000000000000000000000000000         5.6852076396499016E-002
   336.000000000000000000000000000000000         5.2659370462887704E-002
   337.000000000000000000000000000000000         4.8596590843726938E-002
   338.000000000000000000000000000000000         4.4668376604157310E-002
   339.000000000000000000000000000000000         4.0879734478292781E-002
   340.000000000000000000000000000000000         3.7235124328431089E-002
   341.000000000000000000000000000000000         3.3739103050661162E-002
   342.000000000000000000000000000000000         3.0395827046833697E-002
   343.000000000000000000000000000000000         2.7209485001431357E-002
   344.000000000000000000000000000000000         2.4183652390123385E-002
   345.000000000000000000000000000000000         2.1322691975041316E-002
   346.000000000000000000000000000000000         1.8629422679612893E-002
   347.000000000000000000000000000000000         1.6107403837049616E-002
   348.000000000000000000000000000000000         1.3759638258522193E-002
   349.000000000000000000000000000000000         1.1589028948399164E-002
   350.000000000000000000000000000000000         9.5981981828438100E-003
   351.000000000000000000000000000000000         7.7895803786061507E-003
   352.000000000000000000000000000000000         6.1654477027224775E-003
   353.000000000000000000000000000000000         4.7275686602053059E-003
   354.000000000000000000000000000000000         3.4779046727038665E-003
   355.000000000000000000000000000000000         2.4179116073323298E-003
   356.000000000000000000000000000000000         1.5488757360559290E-003
   357.000000000000000000000000000000000         8.7186163760115854E-004
   358.000000000000000000000000000000000         3.8769048164496517E-004
   359.000000000000000000000000000000000         9.6950951482323132E-005
   360.000000000000000000000000000000000         2.4208035215267490E-013
