   1.00000000000000000000000000000000000         9.6952893807024178E-005
   2.00000000000000000000000000000000000         3.8769345305355256E-004
   3.00000000000000000000000000000000000         8.7186745512965902E-004
   4.00000000000000000000000000000000000         1.5488785756470240E-003
   5.00000000000000000000000000000000000         2.4179212717236696E-003
   6.00000000000000000000000000000000000         3.4779173154545493E-003
   7.00000000000000000000000000000000000         4.7275821243764372E-003
   8.00000000000000000000000000000000000         6.1654252749376260E-003
   9.00000000000000000000000000000000000         7.7895975769624801E-003
   10.0000000000000000000000000000000000         9.5982171972018044E-003
   11.0000000000000000000000000000000000         1.1589049797139730E-002
   12.0000000000000000000000000000000000         1.3759620367220508E-002
   13.0000000000000000000000000000000000         1.6107428234619865E-002
   14.0000000000000000000000000000000000         1.8629469040822189E-002
   15.0000000000000000000000000000000000         2.1322719802568564E-002
   16.0000000000000000000000000000000000         2.4183832388947675E-002
   17.0000000000000000000000000000000000         2.7209516123326193E-002
   18.0000000000000000000000000000000000         3.0395878288866533E-002
   19.0000000000000000000000000000000000         3.3739137315353780E-002
   20.0000000000000000000000000000000000         3.7235266413438883E-002
   21.0000000000000000000000000000000000         4.0879771718791633E-002
   22.0000000000000000000000000000000000         4.4668462425907704E-002
   23.0000000000000000000000000000000000         4.8596630878639267E-002
   24.0000000000000000000000000000000000         5.2659458968253997E-002
   25.0000000000000000000000000000000000         5.6852119030711482E-002
   26.0000000000000000000000000000000000         6.1169401998617492E-002
   27.0000000000000000000000000000000000         6.5606016264327216E-002
   28.0000000000000000000000000000000000         7.0156618658709008E-002
   29.0000000000000000000000000000000000         7.4815674469705926E-002
   30.0000000000000000000000000000000000         7.9577508943771885E-002
   31.0000000000000000000000000000000000         8.4436225115319924E-002
   32.0000000000000000000000000000000000         8.9385823310702828E-002
   33.0000000000000000000000000000000000         9.4420797842928381E-002
   34.0000000000000000000000000000000000         9.9534456356240267E-002
   35.0000000000000000000000000000000000        0.10472074881508396     
   36.0000000000000000000000000000000000        0.10997359737258942     
   37.0000000000000000000000000000000000        0.11528589770322993     
   38.0000000000000000000000000000000000        0.12065188490462424     
   39.0000000000000000000000000000000000        0.12606477216111744     
   40.0000000000000000000000000000000000        0.13151786351384276     
   41.0000000000000000000000000000000000        0.13700485859298217     
   42.0000000000000000000000000000000000        0.14251866003114458     
   43.0000000000000000000000000000000000        0.14805285799439427     
   44.0000000000000000000000000000000000        0.15360065494237801     
   45.0000000000000000000000000000000000        0.15915494561988791     
   46.0000000000000000000000000000000000        0.16470940627367667     
   47.0000000000000000000000000000000000        0.17025703321148630     
   48.0000000000000000000000000000000000        0.17579109500050669     
   49.0000000000000000000000000000000000        0.18130503251142466     
   50.0000000000000000000000000000000000        0.18679195790302086     
   51.0000000000000000000000000000000000        0.19224511877459577     
   52.0000000000000000000000000000000000        0.19765817268608310     
   53.0000000000000000000000000000000000        0.20302399299753671     
   54.0000000000000000000000000000000000        0.20833642967246169     
   55.0000000000000000000000000000000000        0.21358914158559292     
   56.0000000000000000000000000000000000        0.21877551544128124     
   57.0000000000000000000000000000000000        0.22388909219393641     
   58.0000000000000000000000000000000000        0.22892390475734800     
   59.0000000000000000000000000000000000        0.23387366449578076     
   60.0000000000000000000000000000000000        0.23873217166100597     
   61.0000000000000000000000000000000000        0.24349421465587953     
   62.0000000000000000000000000000000000        0.24815322117529373     
   63.0000000000000000000000000000000000        0.25270387231813640     
   64.0000000000000000000000000000000000        0.25714048506265696     
   65.0000000000000000000000000000000000        0.26145776895387107     
   66.0000000000000000000000000000000000        0.26565033424556689     
   67.0000000000000000000000000000000000        0.26971325645610433     
   68.0000000000000000000000000000000000        0.27364150628534933     
   69.0000000000000000000000000000000000        0.27743011491736319     
   70.0000000000000000000000000000000000        0.28107485117167219     
   71.0000000000000000000000000000000000        0.28457074857679815     
   72.0000000000000000000000000000000000        0.28791394874632453     
   73.0000000000000000000000000000000000        0.29110036898315500     
   74.0000000000000000000000000000000000        0.29412582698827455     
   75.0000000000000000000000000000000000        0.29698716448036566     
   76.0000000000000000000000000000000000        0.29968027778292228     
   77.0000000000000000000000000000000000        0.30220245519078537     
   78.0000000000000000000000000000000000        0.30455009481439949     
   79.0000000000000000000000000000000000        0.30672083274107792     
   80.0000000000000000000000000000000000        0.30871190209217619     
   81.0000000000000000000000000000000000        0.31052028404865745     
   82.0000000000000000000000000000000000        0.31214451328745146     
   83.0000000000000000000000000000000000        0.31358229856771619     
   84.0000000000000000000000000000000000        0.31483172267505671     
   85.0000000000000000000000000000000000        0.31589195847037888     
   86.0000000000000000000000000000000000        0.31676108574245126     
   87.0000000000000000000000000000000000        0.31743801132528715     
   88.0000000000000000000000000000000000        0.31792218309409975     
   89.0000000000000000000000000000000000        0.31821292491782038     
   90.0000000000000000000000000000000000        0.31830979016077332     
   91.0000000000000000000000000000000000        0.31821292394662559     
   92.0000000000000000000000000000000000        0.31792219373535796     
   93.0000000000000000000000000000000000        0.31743800841646674     
   94.0000000000000000000000000000000000        0.31676102740597878     
   95.0000000000000000000000000000000000        0.31589195363822425     
   96.0000000000000000000000000000000000        0.31483194069645398     
   97.0000000000000000000000000000000000        0.31358229183561231     
   98.0000000000000000000000000000000000        0.31214442614187848     
   99.0000000000000000000000000000000000        0.31052027544940292     
   100.000000000000000000000000000000000        0.30871144995452560     
   101.000000000000000000000000000000000        0.30672082231669973     
   102.000000000000000000000000000000000        0.30455028496067343     
   103.000000000000000000000000000000000        0.30220244299201948     
   104.000000000000000000000000000000000        0.29968031992570071     
   105.000000000000000000000000000000000        0.29698715056658470     
   106.000000000000000000000000000000000        0.29412584063805980     
   107.000000000000000000000000000000000        0.29110035342218593     
   108.000000000000000000000000000000000        0.28791402269399641     
   109.000000000000000000000000000000000        0.28457073144450062     
   110.000000000000000000000000000000000        0.28107476576270085     
   111.000000000000000000000000000000000        0.27743009629708187     
   112.000000000000000000000000000000000        0.27364156686519769     
   113.000000000000000000000000000000000        0.26971323643864653     
   114.000000000000000000000000000000000        0.26565041992533650     
   115.000000000000000000000000000000000        0.26145774763672158     
   116.000000000000000000000000000000000        0.25714033679037723     
   117.000000000000000000000000000000000        0.25270384980524135     
   118.000000000000000000000000000000000        0.24815312532815204     
   119.000000000000000000000000000000000        0.24349419105673042     
   120.000000000000000000000000000000000        0.23873253460159283     
   121.000000000000000000000000000000000        0.23387363992554996     
   122.000000000000000000000000000000000        0.22892395541335958     
   123.000000000000000000000000000000000        0.22388906677219289     
   124.000000000000000000000000000000000        0.21877527956473830     
   125.000000000000000000000000000000000        0.21358911543626036     
   126.000000000000000000000000000000000        0.20833653757485063     
   127.000000000000000000000000000000000        0.20302396624799507     
   128.000000000000000000000000000000000        0.19765792299842944     
   129.000000000000000000000000000000000        0.19224509155519948     
   130.000000000000000000000000000000000        0.18679178632468396     
   131.000000000000000000000000000000000        0.18130500495468974     
   132.000000000000000000000000000000000        0.17579107348653630     
   133.000000000000000000000000000000000        0.17025700545176234     
   134.000000000000000000000000000000000        0.16470924497908257     
   135.000000000000000000000000000000000        0.15915491779235000     
   136.000000000000000000000000000000000        0.15360045908004147     
   137.000000000000000000000000000000000        0.14805283023468310     
   138.000000000000000000000000000000000        0.14251848807113826     
   139.000000000000000000000000000000000        0.13700483103624062     
   140.000000000000000000000000000000000        0.13151791195444748     
   141.000000000000000000000000000000000        0.12606474494169656     
   142.000000000000000000000000000000000        0.12065166856260920     
   143.000000000000000000000000000000000        0.11528587095367046     
   144.000000000000000000000000000000000        0.10997326525182781     
   145.000000000000000000000000000000000        0.10472072266576397     
   146.000000000000000000000000000000000         9.9534588076607991E-002
   147.000000000000000000000000000000000         9.4420772421212384E-002
   148.000000000000000000000000000000000         8.9385990563606715E-002
   149.000000000000000000000000000000000         8.4436200545080720E-002
   150.000000000000000000000000000000000         7.9577427824191832E-002
   151.000000000000000000000000000000000         7.4815650870607806E-002
   152.000000000000000000000000000000000         7.0156602168537002E-002
   153.000000000000000000000000000000000         6.5605993751391770E-002
   154.000000000000000000000000000000000         6.1169380349370625E-002
   155.000000000000000000000000000000000         5.6852097713589671E-002
   156.000000000000000000000000000000000         5.2659505760375702E-002
   157.000000000000000000000000000000000         4.8596610861210386E-002
   158.000000000000000000000000000000000         4.4668413224282104E-002
   159.000000000000000000000000000000000         4.0879753098529113E-002
   160.000000000000000000000000000000000         3.7235147054010653E-002
   161.000000000000000000000000000000000         3.3739120183014622E-002
   162.000000000000000000000000000000000         3.0395919054463979E-002
   163.000000000000000000000000000000000         2.7209500562367227E-002
   164.000000000000000000000000000000000         2.4183880803634622E-002
   165.000000000000000000000000000000000         2.1322705888799670E-002
   166.000000000000000000000000000000000         1.8629486754013019E-002
   167.000000000000000000000000000000000         1.6107416035819104E-002
   168.000000000000000000000000000000000         1.3759655882156212E-002
   169.000000000000000000000000000000000         1.1589039372764842E-002
   170.000000000000000000000000000000000         9.5981608069703635E-003
   171.000000000000000000000000000000000         7.7895889777789985E-003
   172.000000000000000000000000000000000         6.1653823794541006E-003
   173.000000000000000000000000000000000         4.7275753922907194E-003
   174.000000000000000000000000000000000         3.4778867149417780E-003
   175.000000000000000000000000000000000         2.4179164395247694E-003
   176.000000000000000000000000000000000         1.5488878657581398E-003
   177.000000000000000000000000000000000         8.7186454636542705E-004
   178.000000000000000000000000000000000         3.8769046368095149E-004
   179.000000000000000000000000000000000         9.6951922642197412E-005
   180.000000000000000000000000000000000         2.4130002563626995E-015
   181.000000000000000000000000000000000         9.6953864975586441E-005
   182.000000000000000000000000000000000         3.8769576810861222E-004
   183.000000000000000000000000000000000         8.7187036390292772E-004
   184.000000000000000000000000000000000         1.5488892620943700E-003
   185.000000000000000000000000000000000         2.4179261039245872E-003
   186.000000000000000000000000000000000         3.4779232433837441E-003
   187.000000000000000000000000000000000         4.7275888564725106E-003
   188.000000000000000000000000000000000         6.1653980316618692E-003
   189.000000000000000000000000000000000         7.7896061761428053E-003
   190.000000000000000000000000000000000         9.5982460489951269E-003
   191.000000000000000000000000000000000         1.1589060221532379E-002
   192.000000000000000000000000000000000         1.3759679581362498E-002
   193.000000000000000000000000000000000         1.6107440433403106E-002
   194.000000000000000000000000000000000         1.8629496506092715E-002
   195.000000000000000000000000000000000         2.1322733716337437E-002
   196.000000000000000000000000000000000         2.4183906386325539E-002
   197.000000000000000000000000000000000         2.7209531684293933E-002
   198.000000000000000000000000000000000         3.0395892638563470E-002
   199.000000000000000000000000000000000         3.3739154447694875E-002
   200.000000000000000000000000000000000         3.7235209338549555E-002
   201.000000000000000000000000000000000         4.0879790339024551E-002
   202.000000000000000000000000000000000         4.4668406304105464E-002
   203.000000000000000000000000000000000         4.8596650896105029E-002
   204.000000000000000000000000000000000         5.2659542816014288E-002
   205.000000000000000000000000000000000         5.6852140347852617E-002
   206.000000000000000000000000000000000         6.1169440093339494E-002
   207.000000000000000000000000000000000         6.5606038777275402E-002
   208.000000000000000000000000000000000         7.0156657548048243E-002
   209.000000000000000000000000000000000         7.4815698068796080E-002
   210.000000000000000000000000000000000         7.9577458987959343E-002
   211.000000000000000000000000000000000         8.4436249685614390E-002
   212.000000000000000000000000000000000         8.9386032048891617E-002
   213.000000000000000000000000000000000         9.4420823264650885E-002
   214.000000000000000000000000000000000         9.9534448293904759E-002
   215.000000000000000000000000000000000        0.10472077496444197     
   216.000000000000000000000000000000000        0.10997329964610758     
   217.000000000000000000000000000000000        0.11528592445276795     
   218.000000000000000000000000000000000        0.12065191228675406     
   219.000000000000000000000000000000000        0.12606479938056167     
   220.000000000000000000000000000000000        0.13151797038793983     
   221.000000000000000000000000000000000        0.13700488614967532     
   222.000000000000000000000000000000000        0.14251875356159560     
   223.000000000000000000000000000000000        0.14805288575416164     
   224.000000000000000000000000000000000        0.15360050232566305     
   225.000000000000000000000000000000000        0.15915497344741383     
   226.000000000000000000000000000000000        0.16470939879497101     
   227.000000000000000000000000000000000        0.17025706097124949     
   228.000000000000000000000000000000000        0.17579124571318328     
   229.000000000000000000000000000000000        0.18130506006811808     
   230.000000000000000000000000000000000        0.18679206250291266     
   231.000000000000000000000000000000000        0.19224514599406908     
   232.000000000000000000000000000000000        0.19765812872753658     
   233.000000000000000000000000000000000        0.20302401974707079     
   234.000000000000000000000000000000000        0.20833666571534473     
   235.000000000000000000000000000000000        0.21358916773493575     
   236.000000000000000000000000000000000        0.21877557638645112     
   237.000000000000000000000000000000000        0.22388911761565800     
   238.000000000000000000000000000000000        0.22892400064278198     
   239.000000000000000000000000000000000        0.23387368906605149     
   240.000000000000000000000000000000000        0.23873251269169340     
   241.000000000000000000000000000000000        0.24349423825494235     
   242.000000000000000000000000000000000        0.24815330753778272     
   243.000000000000000000000000000000000        0.25270389483109862     
   244.000000000000000000000000000000000        0.25714061219579371     
   245.000000000000000000000000000000000        0.26145779027095029     
   246.000000000000000000000000000000000        0.26565043812324168     
   247.000000000000000000000000000000000        0.26971327647355431     
   248.000000000000000000000000000000000        0.27364136190715466     
   249.000000000000000000000000000000000        0.27743013353762369     
   250.000000000000000000000000000000000        0.28107467989101947     
   251.000000000000000000000000000000000        0.28457076570916617     
   252.000000000000000000000000000000000        0.28791392063019583     
   253.000000000000000000000000000000000        0.29110038454414205     
   254.000000000000000000000000000000000        0.29412595776500144     
   255.000000000000000000000000000000000        0.29698717839412458     
   256.000000000000000000000000000000000        0.29968035571983093     
   257.000000000000000000000000000000000        0.30220246738957851     
   258.000000000000000000000000000000000        0.30455029599760808     
   259.000000000000000000000000000000000        0.30672084316541964     
   260.000000000000000000000000000000000        0.30871150602395758     
   261.000000000000000000000000000000000        0.31052029264783870     
   262.000000000000000000000000000000000        0.31214426519689015     
   263.000000000000000000000000000000000        0.31358230529975550     
   264.000000000000000000000000000000000        0.31483186394012846     
   265.000000000000000000000000000000000        0.31589196330255170     
   266.000000000000000000000000000000000        0.31676094314292536     
   267.000000000000000000000000000000000        0.31743801423402401     
   268.000000000000000000000000000000000        0.31792207927417981     
   269.000000000000000000000000000000000        0.31821292588896388     
   270.000000000000000000000000000000000        0.31830982001302993     
   271.000000000000000000000000000000000        0.31821292297545378     
   272.000000000000000000000000000000000        0.31792207145790591     
   273.000000000000000000000000000000000        0.31743800550772949     
   274.000000000000000000000000000000000        0.31676104914405262     
   275.000000000000000000000000000000000        0.31589194880602794     
   276.000000000000000000000000000000000        0.31483205944139792     
   277.000000000000000000000000000000000        0.31358228510350378     
   278.000000000000000000000000000000000        0.31214453640787349     
   279.000000000000000000000000000000000        0.31052026685027656     
   280.000000000000000000000000000000000        0.30871175341895218     
   281.000000000000000000000000000000000        0.30672081189230793     
   282.000000000000000000000000000000000        0.30455036301239574     
   283.000000000000000000000000000000000        0.30220243079320852     
   284.000000000000000000000000000000000        0.29968047349778959     
   285.000000000000000000000000000000000        0.29698713665279947     
   286.000000000000000000000000000000000        0.29412602046531755     
   287.000000000000000000000000000000000        0.29110033786123957     
   288.000000000000000000000000000000000        0.28791406299845046     
   289.000000000000000000000000000000000        0.28457071431209852     
   290.000000000000000000000000000000000        0.28107463450657727     
   291.000000000000000000000000000000000        0.27743007767684447     
   292.000000000000000000000000000000000        0.27364143699781701     
   293.000000000000000000000000000000000        0.26971321642119395     
   294.000000000000000000000000000000000        0.26565048272806291     
   295.000000000000000000000000000000000        0.26145772631956476     
   296.000000000000000000000000000000000        0.25714049128038102     
   297.000000000000000000000000000000000        0.25270382729227336     
   298.000000000000000000000000000000000        0.24815333253790245     
   299.000000000000000000000000000000000        0.24349416745771899     
   300.000000000000000000000000000000000        0.23873254871489194     
   301.000000000000000000000000000000000        0.23387361535527090     
   302.000000000000000000000000000000000        0.22892393491775359     
   303.000000000000000000000000000000000        0.22388904135049817     
   304.000000000000000000000000000000000        0.21877556744914592     
   305.000000000000000000000000000000000        0.21358908928690309     
   306.000000000000000000000000000000000        0.20833656515412960     
   307.000000000000000000000000000000000        0.20302393949849312     
   308.000000000000000000000000000000000        0.19765790974749115     
   309.000000000000000000000000000000000        0.19224506433570643     
   310.000000000000000000000000000000000        0.18679184282879518     
   311.000000000000000000000000000000000        0.18130497739797019     
   312.000000000000000000000000000000000        0.17579114144601893     
   313.000000000000000000000000000000000        0.17025697769198347     
   314.000000000000000000000000000000000        0.16470929970938861     
   315.000000000000000000000000000000000        0.15915488996484348     
   316.000000000000000000000000000000000        0.15360029575944215     
   317.000000000000000000000000000000000        0.14805280247490560     
   318.000000000000000000000000000000000        0.14251861538717550     
   319.000000000000000000000000000000000        0.13700480347954250     
   320.000000000000000000000000000000000        0.13151776702248946     
   321.000000000000000000000000000000000        0.12606471772225458     
   322.000000000000000000000000000000000        0.12065179132698226     
   323.000000000000000000000000000000000        0.11528584420415165     
   324.000000000000000000000000000000000        0.10997326464654639     
   325.000000000000000000000000000000000        0.10472069651643078     
   326.000000000000000000000000000000000         9.9534398065962829E-002
   327.000000000000000000000000000000000         9.4420746999515040E-002
   328.000000000000000000000000000000000         8.9385905668428786E-002
   329.000000000000000000000000000000000         8.4436175974828095E-002
   330.000000000000000000000000000000000         7.9577412668551811E-002
   331.000000000000000000000000000000000         7.4815627271536067E-002
   332.000000000000000000000000000000000         7.0156692796836964E-002
   333.000000000000000000000000000000000         6.5605971238420074E-002
   334.000000000000000000000000000000000         6.1169328806628037E-002
   335.000000000000000000000000000000000         5.6852076396481648E-002
   336.000000000000000000000000000000000         5.2659417237088009E-002
   337.000000000000000000000000000000000         4.8596590843736971E-002
   338.000000000000000000000000000000000         4.4668399711056184E-002
   339.000000000000000000000000000000000         4.0879734478286342E-002
   340.000000000000000000000000000000000         3.7235137043645186E-002
   341.000000000000000000000000000000000         3.3739103050669940E-002
   342.000000000000000000000000000000000         3.0395843037640192E-002
   343.000000000000000000000000000000000         2.7209485001422725E-002
   344.000000000000000000000000000000000         2.4183765594120034E-002
   345.000000000000000000000000000000000         2.1322691975041979E-002
   346.000000000000000000000000000000000         1.8629433658636028E-002
   347.000000000000000000000000000000000         1.6107403837045862E-002
   348.000000000000000000000000000000000         1.3759642066857182E-002
   349.000000000000000000000000000000000         1.1589028948398307E-002
   350.000000000000000000000000000000000         9.5981984722144347E-003
   351.000000000000000000000000000000000         7.7895803786052469E-003
   352.000000000000000000000000000000000         6.1654107524311049E-003
   353.000000000000000000000000000000000         4.7275686602055410E-003
   354.000000000000000000000000000000000         3.4779053106597513E-003
   355.000000000000000000000000000000000         2.4179116073316863E-003
   356.000000000000000000000000000000000         1.5488765386235540E-003
   357.000000000000000000000000000000000         8.7186163760169619E-004
   358.000000000000000000000000000000000         3.8769000284655291E-004
   359.000000000000000000000000000000000         9.6950951482223683E-005
   360.000000000000000000000000000000000         3.2956804751361235E-014
