  0.999847695147914917436295809816708503         1.74524069228916522111858362661472825E-0002   4.6404413561546331E-003
  0.999390826985195607062940344733949867         3.48994976732734650543199355116778597E-0002   4.5152840173533904E-004
  0.998629534678317959575930634653532630         5.23359576979933347010847229643908543E-0002   1.0844422299889876E-003
  0.997564050124306359998034308801778905         6.97564756821213563218625214301280068E-0002   5.3105100025148443E-003
  0.996194697880095603682926241748623404         8.71557451668278936386270310571450901E-0002   6.1996746526382033E-004
  0.994521895063667704420800297768033939        0.104528466165782433211610649421396275         3.4136413625547764E-003
  0.992546151226993709333092441413208729        0.121869346779580852682922376352230995         5.0076230795585708E-003
  0.990268068200819223712492530780934597        0.139173104807709332764532367226833470         1.3822651899605312E-003
  0.987688339911340925643606204916342617        0.156434469357553893120259492662607705         1.8574711808878016E-003
  0.984807752168829912516915709132503467        0.173648182449965432223029917685344183         1.3720534745637015E-003
  0.981627182428266266815926520141163052        0.190809000620891200495589821455546190         3.0015480409501896E-003
  0.978147599522057754211603911383746369        0.207911696518584834245449239277322772         1.2970077574229869E-003
  0.974370063364924070442403128833205970        0.224951060495908424718122484241955261         2.4308419270073949E-003
  0.970295724631036532102147006761086347        0.241921902197241591606461299096606006         3.4861839473239085E-003
  0.965925824403511557719028416108127217        0.258819052139514173112654109540862306         1.1251421799418943E-003
  0.961261693796364706812775784908442687        0.275637363286880934662888232987779580         5.5844809831160592E-003
  0.956304753549040433398307213378131037        0.292371712618558635077489228591117500         1.5267800412535320E-003
  0.951056513593641064107708239521554345        0.309017002689347871811624282783598521         2.5247632304267486E-003
  0.945518572594986827183480939668289878        0.325568163182364355168939779460548979         1.7776581345447925E-003
  0.939692617463647034521568764658005063        0.342020152453506634474039075120798356         2.9874175311724472E-003
  0.933580422842090752191735080873594442        0.358367959067189816346630712909402387         1.7722268056468481E-003
  0.927183850564113482927536241325845349        0.374606603322877475683739439560022666         7.8339359183299847E-004
  0.920504849087704524464218200836928732        0.390731138771946762916169417092700791         2.0980848361814167E-003
  0.913545452901527757830738612901007897        0.406736653724424655707632192211788518         5.5549931024788746E-003
  0.906307781905196657307412084977758557        0.422618272745136388612646888569974634         1.4116587173422230E-003
  0.898794040763532296295062252426935959        0.438371158138810319362659871811427989         3.1433475683124677E-003
  0.891006518235001048373483121176722727        0.453990511423686854426402799844792841         2.3633418899466022E-003
  0.882947586474536547942422097213732668        0.469471574793182558265611602795640042         1.6272944210803163E-003
  0.874619700310958277641407788793682377        0.484809632565164209214189860160204984         4.2232998670727571E-003
  0.866025396499206887858747487660304177        0.500000012618391339039393727839959910         1.6783815626651493E-003
  0.857167292947624024707807591596534761        0.515038087815689701848005241798750175         1.8942074252907807E-005
  0.848048087920512044533583432635970605        0.529919277413422159888147661194031745         3.8702593268696546E-003
  0.838670559216216522999016036720943833        0.544639048456827647737182299415017223         1.2880615818949049E-003
  0.829037563320981922794815316243169524        0.559192917160803181086588463141025327         4.9003657049503206E-003
  0.819152034538838163747533868124502548        0.573576450275708310524607050795673959         2.2762494284947368E-003
  0.809016984097783140320365244792817499        0.587785266437775983026026785361160985         9.7820267596318393E-004
  0.798635499232533451985592901637715485        0.601815037503718462896086499932934015         4.7645635165344544E-003
  0.788010742244122749497361369301249354        0.615661489869121778253731003152362160         1.4618759762184649E-003
  0.777145949536634152534312636040838538        0.629320405770227097311897671348325631         1.1371041608325343E-004
  0.766044430631360159365386326869041164        0.642787624568702499214910798874101956         6.8714952122747360E-003
  0.754709567158690344997059468943269205        0.656059044019013785483942748762286364         8.1722210284724341E-005
  0.743144811828033928592063516710382069        0.669130621518008278622593599648899039         2.8212391538775259E-004
  0.731353687376090981741589584626622846        0.681998375336330972531360212151384108         4.1100690260352304E-003
  0.719339785493792644387097336229376941        0.694658385831297933421706599714744784         2.4488456201616146E-003
  0.707106765732237212815112488622781470        0.707106796640857498221887306863920064         5.5874155517591870E-003
  0.694658354387955362209592090680784153        0.719339815858275578307086741171830944         2.1858314607685209E-004
  0.681998343367844062792644093841188120        0.731353717187187248011012180630929571         1.6097203255061017E-003
  0.669130589034114941697619178744654981        0.743144841076662777996262660780988522         9.0947852954042596E-004
  0.656059011029608930512365939840951499        0.754709595835942361354835190747863622         6.5087995536499401E-003
  0.642787591083835019050354303156128041        0.766044458728499973423622612943820500         3.5442716876995508E-004
  0.629320371800096807531671597000179486        0.777145977045103102846221438615669219         4.7165845993658775E-003
  0.615661455424076310196027270612443722        0.788010769155541489473814005004364656         5.9523766107948031E-004
  0.601815002594250111671058053340791512        0.798635525538704502325405705266155607         2.2979579669923305E-006
  0.587785231074518511460878022799047427        0.809017009790693386042044443920646159         5.6756711390748490E-003
  0.573576414469433710016244813858093648        0.819152059610661295061859577439034968         2.5287069861505873E-003
  0.559192880922418390348509301577911528        0.829037587764080819074751175881631405         2.2963298868386942E-003
  0.544639011797371230440097550826292188        0.838670583023145579120764125682050594         2.2919490136920464E-003
  0.529919240344060942206369252116997182        0.848048111084019438880158396730344051         1.8409884926568957E-003
  0.515038050347715370935828210895342911        0.857167315460653928144274088163964237         8.4076926730440528E-005
  0.499999974763217003473612574031312448        0.866025418354901613006245653456597576         8.1103666311204865E-003
  0.484809594334320922450471303279985708        0.874619721502660367795277005968712453         5.5063198584705156E-004
  0.469471536198315806167712682590221808        0.882947606995790804998118325664629469         2.6773212725010346E-003
  0.453990472476553007938166999101461251        0.891006538079556499142563883518592460         2.6341297436649792E-003
  0.438371118851273053403341797470108670        0.898794059925344096612280341089766662         2.2076619628892078E-004
  0.422618233129163068286404746569758166        0.906307800378427933348908492907082764         3.8486565174754152E-003
  0.406736613792082690927983713502442018        0.913545470680551384082451297830557278         1.8861577947375903E-003
  0.390731098535399932555828000880699691        0.920504866167104837798920252115695941         1.1851873631190943E-003
  0.374606562794382222369530144775359981        0.927183866938687932268378949778684890         5.0973662753794301E-003
  0.358367918259091513028127522422806550        0.933580438506851483259792387860543962         4.0468785508277171E-003
  0.342020111378235823903162855653924355        0.939692632413822409184653609633304215         8.8463447755880590E-004
  0.325568121852432963436007944380443980        0.945518586826022876943425112760176529         3.4106146791549369E-003
  0.309016961117345397091245821544652191        0.951056527101202877283359408801845980         2.4471499218876838E-003
  0.292371670817148312745250088256908034        0.956304766329013475581693724467230186         4.1085183417179593E-004
  0.275637321268795879950969723825851233        0.961261705844856074196215471186490128         4.4022583740675140E-003
  0.258819009917553502479368865650354063        0.965925835716851162911405819689174388         3.5766455019386404E-004
  0.241921859784266524001175272305156874        0.970295735205778222073147864825840235         4.2346722376077140E-003
  0.224951017904838363929155510021169235        0.974370073197846676254169462774723196         6.1508402407318714E-004
  0.207911653762393433524309021727036186        0.978147608610166072218051269851313107         4.9430892025012843E-003
  0.190808957712602410656292985241170372        0.981627190768791971030840542224990171         1.8872396629259710E-003
  0.173648139402649534420297423652525326        0.984807759759232397872911831700827969         4.3433606624392251E-003
  0.156434426184323517515040677401082500        0.987688346749308081885087651849642382         2.2472316552635653E-003
  0.139173061521715464289610723508270186        0.990268074284268139686871279110781512         4.2745913884446275E-003
  0.121869303394008825125285631651573561        0.992546156554071307465739223897621079         6.5284247562502249E-004
  0.104528422693847912831826526702142082        0.994521899632751305180456415079662049         5.3928070971751691E-004
   8.71557016217728535506532056048487543E-0002  0.996194701689793419865635542169368312         1.4137122073735102E-003
   6.97564320772100428595337489246219696E-0002  0.997564053173457920679031653127443213         7.3239493475193306E-005
   5.23359140465082269999610498775049731E-0002  0.998629536965994463600346986980825924         5.8452620437683574E-003
   3.48994539885112290796465697708555039E-0002  0.999390828510700205967647790025240419         9.2665127775886421E-003
   1.74523632181590904644070244085130707E-0002  0.999847695910782927716711758728444791         1.7320059386498527E-003
  -4.37113900018624143885728940026521501E-0008  0.999999999999999044657192052540821985         6.0846530690518300E-004
  -1.74524506276241806119017778098082272E-0002  0.999847694385044996761270656096586605         6.8665570456626947E-004
  -3.48995413580356343470250949707193639E-0002  0.999390825459689098636555121502399173         2.7074883884323518E-004
  -5.23360013494783424046468284104885246E-0002  0.998629532390639547484426764628560154         4.6909587334402897E-003
  -6.97565192870325365014965925826954028E-0002  0.997564047075152893285755458086610835         2.9255576545934195E-003
  -8.71557887118827671993722236483335740E-0002  0.996194694070395884085337071045292433         8.1684477083498334E-006
 -0.104528509637716753870358017621507014        0.994521890494582203442464589751114551         6.0946655892581587E-003
 -0.121869390165152647386551210798062137        0.992546145899914214756791397649546299         4.0332402220402026E-003
 -0.139173148093702935323404535419267226        0.990268062117368415647159991097794025         7.4799222496507495E-004
 -0.156434512530783969828387876291539572        0.987688333073371882240220702253135526         6.0861370930396196E-003
 -0.173648225497280998238677978272808628        0.984807744578425545502913095773279027         3.7013382326612734E-004
 -0.190809043529179625758873788048559444        0.981627174087738687020074860912026163         1.5756635738858765E-004
 -0.207911739274775837712701542457992734        0.978147590433947567272607923977311738         2.5788636414996050E-003
 -0.224951103086978055696333888622914729        0.974370053531999602915772164911116483         3.0319407325793118E-003
 -0.241921944610216196975048627681302229        0.970295714056292988201061931838193202         6.6398017823948658E-003
 -0.258819094361474349224099310904746239        0.965925813090170106946072303296840415         1.3075834417082179E-003
 -0.275637405304965462718461506704251945        0.961261681747871502760444651130875874         3.9467190370878497E-003
 -0.292371754419968398779302574082548372        0.956304740769065564017183684202600870         1.7889249408894008E-004
 -0.309017044261349756097660638524264467        0.951056500086077433762056643701394497         1.3804195633505848E-003
 -0.325568204512295124843465228667533566        0.945518558363948970834800547839924837         3.6809776453721856E-003
 -0.342020193528776791551929655485476887        0.939692602513469864401316369246359316         4.0910052015969553E-003
 -0.358367999875287434936629316097532902        0.933580407177328237344992568408170917         3.0226241963933333E-003
 -0.374606643851372013242500146069166614        0.927183834189537262029846969957891286         4.2212098996844954E-003
 -0.390731179008492846712144299504787931        0.920504832008302452334141636158566954         2.1872123689164070E-003
 -0.406736693656765843341406942430673712        0.913545435122502386080869602813765279         3.2038389139827906E-003
 -0.422618312361108901448234282082682232        0.906307763431963649596673217160417263         2.0900084517255480E-003
 -0.438371197426346747732511667131300789        0.898794021601718778664998824812044710         3.8926101155367984E-003
 -0.453990550370819833481498670572039223        0.891006498390443895171064298605071911         1.6452913829064617E-004
 -0.469471613388048413350925494131814184        0.882947565953280603851472802731287357         1.4792902989278120E-003
 -0.484809670796006569659117027480580206        0.874619679119254516364257809146419965         2.1706168309185917E-004
 -0.500000050473564719262342824410602097        0.866025374643510508008981231136027207         5.9947499164735131E-003
 -0.515038125283663048684316245240033897        0.857167270434592483494124044418188262         1.1619097041014492E-002
 -0.529919314482782365060785131016448908        0.848048064757003029833725291630169462         2.7216629024101466E-004
 -0.544639085116283024400271306847725348        0.838670535409285864441493978787573693         2.5193618762835248E-003
 -0.559192953399186903382804295238852895        0.829037538877881442484732182631986857         1.3661094676650143E-003
 -0.573576486081981815108696129870507521        0.819152009467013467291198534394539664         1.4732587290056367E-003
 -0.587785301801032331518321730302586816        0.809016958404871348821571515342839912         3.3756704115669631E-003
 -0.601815072413185664241779358909376320        0.798635472926360875704419371350500556         8.2254223005087050E-004
 -0.615661524314166069975881782326297925        0.788010715332702503880118357074700178         1.9370690896739100E-003
 -0.629320439740356184658676651370178823        0.777145922028163717340816602821041611         2.2928999923820153E-003
 -0.642787658053568751214398955909187037        0.766044402534218881637075297041815062         4.3849969867577861E-003
 -0.656059077008417386932940972782913692        0.754709538481436886626569598749165221         9.6496296377969956E-003
 -0.669130654001900337049314331267985916        0.743144782579403659271761885879561337         4.0265078826279320E-003
 -0.681998407304816579185590511630339040        0.731353657564993318085196387416342878         2.2947585131518697E-004
 -0.694658417274639177360035340105386592        0.719339755129308336034926847361267119         4.7822597441891813E-003
 -0.707106827549476432569876881885463569        0.707106734823615576349611483818234243         1.5874089894934874E-003
 -0.719339846222757137794837045207853301        0.694658322944611463723751891345871284         5.3204015507559536E-003
 -0.731353746998282116893407215796433056        0.681998311399355849969503238427851457         3.0765731764149694E-003
 -0.743144870325290207484303433156953262        0.669130556550220326274453135063000843         3.4472142225311976E-003
 -0.754709624513192935699841970950017312        0.656058978040202822018273578400242520         4.2798511847775281E-004
 -0.766044486825638323811730470465262438        0.642787557598966310720793447809909758         2.1424012227884864E-003
 -0.777146004553570568276490450509594855        0.629320337829965315318063334565054987         8.6793617360879881E-004
 -0.788010796066958723809424844923356445        0.615661420979029665802836398359457273         2.1568778760282584E-003
 -0.798635551844874026723807519413185981        0.601814967684780610566760720151986025         8.0150389953372765E-003
 -0.809017035483602085986560021652288684        0.587785195711259916822943010683628365         6.0925933730901439E-004
 -0.819152084682482861234127757966315687        0.573576378663158013583677833591604651         5.0887628202494848E-003
 -0.829037612207178131324493058469903539        0.559192844684032531168636050710074555         6.0411226468514191E-003
 -0.838670606830073032806692758113987868        0.544638975137913772509087105777613159         1.2931354878628631E-002
 -0.848048134247525212873405925732897674        0.529919203274698712015520731680614438         3.1329496996769087E-003
 -0.857167337973682193803480518798070118        0.515038012879740055947856742049422680         1.0272347480680317E-004
 -0.866025440210594683451433969163370496        0.499999936908041712565071692321749891         1.1392928045160825E-002
 -0.874619742694360786825824969991150130        0.484809556103476709368034403962274223         1.0560566426766928E-002
 -0.882947627517043375018522278418648851        0.469471497603448157057302476172309862         8.5524662249806087E-003
 -0.891006557924110247478268668924027410        0.453990433529418294016865684070465369         1.8758279336931714E-003
 -0.898794079087154179616616478602355388        0.438371079563734949854632510239680987         9.5291638504202338E-004
 -0.906307818851657477721127144411111829        0.422618193513188940469583549752415466         7.6149619742995568E-003
 -0.913545488459573264835973687477705978        0.406736573859739949002537804454035319         2.1230548093187952E-003
 -0.920504883246503392338215156630361796        0.390731058298852355631196930260047114         3.9615177154437731E-003
 -0.927183883313260610052343808652543520        0.374606522265886253299949698928092646         2.6758962158241867E-003
 -0.933580454171610430549134558936014177        0.358367877450992524981197716084185471         4.9470867688289769E-003
 -0.939692647363995988390542339087213012        0.342020070302964359839379479013961975         2.1981362121545143E-003
 -0.945518601057057120114605876079705373        0.325568080522500949644748691932634387         2.3408852517395619E-003
 -0.951056540608762873288984342838206917        0.309016919545342331936604685834577763         1.9888032853462418E-003
 -0.956304779108984690567318798959234947        0.292371629015737431782665022433347317         5.4336010402954984E-004
 -0.961261717893345604910740689085869402        0.275637279250710298582786262569188039         2.6581795564442515E-003
 -0.965925847030188922523182897804730472        0.258818967695592337324324252126149805         2.9140742176735237E-003
 -0.970295745780518058114044301025616119        0.241921817371290994159271585168344221         6.7104512896325815E-004
 -0.974370083030767420351052379111883006        0.224950975313767873329514344105486927         4.2222660988856743E-004
 -0.978147617698272521291932634862173031        0.207911611006201635549362583447032822         9.5895539294368784E-004
 -0.981627199109315799664800991041015508        0.190808914804313256241065263655625818         8.3153797680537056E-005
 -0.984807767349633001570886960605404995        0.173648096355333304830562746061640450         6.7418829703614095E-003
 -0.987688353587273350964651977847547295        0.156434383011092843012813920977234369         2.3719035774442935E-005
 -0.990268080367715163570284612528996076        0.139173018235721329898722310189432012         2.3583008381569412E-003
 -0.992546161881147009154721566732241875        0.121869260008436564713723872884499872         6.7528186698951969E-004
 -0.994521904201833005721424211603684926        0.104528379221913192731088710663727642         1.5966490750846370E-004
 -0.996194705499489332633457693172708839         8.71556580767176469355339482017533676E-0002   2.6140326808326698E-003
 -0.997564056222607575328741665093576202         6.97563884722985961145935903430059321E-0002   1.9625167947817253E-003
 -0.998629539253669059557671450579849848         5.23358703950230193013592134145386271E-0002   3.6325755141113628E-004
 -0.999390830036202895350674542616576452         3.48994103037489264230884655950907440E-0002   7.8853854453369264E-004
 -0.999847696673649027602517045230861294         1.74523195134264953716488482407574735E-0002   1.9503172489474443E-003
 -0.999999999999996178628768210165113239        -8.74227800037247452584216606738406438E-0008   2.2466920274725059E-004
 -0.999847693622173165691637755172663386        -1.74524943323566756664713430357069651E-0002   5.7400177941999853E-003
 -0.999390823934180680688495035093930618        -3.48995850427977369576785803012697396E-0002   2.2466920274727680E-004
 -0.998629530102959227325839747940144280        -5.23360450009632501105639619512813261E-0002   1.9503172489474445E-003
 -0.997564044025997520542200926955608589        -6.97565628919435833983526471057494744E-0002   7.8853854453365783E-004
 -0.996194690260694261072875309197830449        -8.71558322569374742328055824684243031E-0002   3.6325755141110636E-004
 -0.994521885925494802245458021114848219       -0.104528553109650874807985570102872678         1.9625167947817388E-003
 -0.992546140572832823736846270980798804       -0.121869433550724209236089238801101084         2.6140326808327657E-003
 -0.990268056033915715490885283623313847       -0.139173191379696271966144522160225719         1.5966490750846866E-004
 -0.987688326235400951674944209069114075       -0.156434555704013747639343337818178847         6.7528186698953400E-004
 -0.984807736988019296830918494499597801       -0.173648268544596232467159355528263367         2.3583008381569156E-003
 -0.981627165747209231643301500663655288       -0.190809086437467686446062900770713708         2.3719035774434496E-005
 -0.978147581345835511401080672153419002       -0.207911782030966443925984237629905328         6.7418829703614607E-003
 -0.974370043699073273674295358635797084       -0.224951145678047256863708345019937733         8.3153797680539441E-005
 -0.970295703481547590369912845067542005       -0.241921987023190340106856220198740156         9.5895539294374487E-004
 -0.965925801776826810592559097494091629       -0.258819136583434030813623796850022430         4.2222660988854238E-004
 -0.961261669699376462039245090736448010       -0.275637447323049464117609261625552768         6.7104512896319711E-004
 -0.956304727989088867438347555454793991       -0.292371796221377603850610255378841332         2.9140742176734851E-003
 -0.951056486578511986246430430048900602       -0.309017085833351049949275457740625666         2.6581795564442679E-003
 -0.945518544132909307897411128314412761       -0.325568245842225272459505323497169931         5.4336010402953076E-004
 -0.939692587563290898823924988486840721       -0.342020234604046295136756114820102111         1.9888032853461746E-003
 -0.933580391512563938719594780900687002       -0.358368040683384368798045360542066200         2.3408852517394626E-003
 -0.927183817814959269575342422342074688       -0.374606684379865835045734827091244765         2.1981362121544844E-003
 -0.920504814928898621408723191448477851       -0.390731219245038183943675768727125890         4.9470867688289084E-003
 -0.913545417343475268832878237696871809       -0.406736733589106253829231666009181427         2.6758962158240211E-003
 -0.906307744958728910216727185995645683       -0.422618351977080606793091233439041182         3.9615177154435129E-003
 -0.898794002439903543722126670446555651       -0.438371236713882338512822117298989223         2.1230548093186599E-003
 -0.891006478545885039535345332513546320       -0.453990589317951945103380195556437034         7.6149619742991569E-003
 -0.882947545432022972725309651885845876       -0.469471651982913371423580613943707646         9.5291638504197101E-004
 -0.874619657927549083963867557710478281       -0.484809709026848003785179758120529649         1.8758279336930088E-003
 -0.866025352787812473456988643248464792       -0.500000088328737144142387534407974225         8.5524662249802756E-003
 -0.857167247921559304503266461954460464       -0.515038162751635411444689631701463789         1.0560566426766496E-002
 -0.848048041593492394780628231896428872       -0.529919351552141557724210833690914242         1.1392928045160209E-002
 -0.838670511602353603448243439441908219       -0.544639121775737360429294528430341785         1.0272347480674978E-004
 -0.829037514434779378144548478128578966       -0.559192989637569557237087557712873049         3.1329496996765644E-003
 -0.819151984395187205692901480623958237       -0.573576521888254223768443636550850143         1.2931354878628353E-002
 -0.809016932711958011545712346647703732       -0.587785337164287556937695289558088565         6.0411226468512561E-003
 -0.798635446620186773481935377230061620       -0.601815107322651715708069929253278505         5.0887628202492029E-003
 -0.788010688421280752622136387588283819       -0.615661558759209185362413794483583723         6.0925933730894988E-004
 -0.777145894519691797265785898995054131       -0.629320473710484069571943630828721520         8.0150389953369417E-003
 -0.766044374437076140238743208265829084       -0.642787691538433775048754795209085657         2.1568778760281955E-003
 -0.754709509804181986243420373381238068       -0.656059109997819734859297579523895147         8.6793617360887687E-004
 -0.743144753330771970035413653225666339       -0.669130686485791116977719307096611264         2.1424012227885293E-003
 -0.731353627753894257041889548635589489       -0.681998439273300882755273910552442565         4.2798511847771362E-004
 -0.719339724764822653250633291550903696       -0.694658448717979094024518233512879057         3.4472142225312891E-003
 -0.707106703914992588825443349109046352       -0.707106858458094015859022157033806951         3.0765731764149668E-003
 -0.694658291501266237964246080054908442       -0.719339876587237322850290231359294288         5.3204015507557524E-003
 -0.681998279430866334061998727641964346       -0.731353776809375588388717730492972929         1.5874089894933573E-003
 -0.669130524066324432353157535114126574       -0.743144899573916217056129948906562295         4.7822597441890911E-003
 -0.656058945050795460001728696823887646       -0.754709653190442068032025016339554637         2.2947585131513702E-004
 -0.642787524114096374226292211892438804       -0.766044514922775210529656214635272697         4.0265078826276614E-003
 -0.629320303859832620671137790284564367       -0.777146032062036548825067111689514026         9.6496296377967666E-003
 -0.615661386533981845074224200048564553       -0.788010822978374452504142469800411939         4.3849969867575840E-003
 -0.601814932775309959583261201387752447       -0.798635578151042025180748081259086465         2.2928999923818539E-003
 -0.587785160348000199112289317084431610       -0.809017061176509240153862886916661856         1.9370690896739534E-003
 -0.573576342856881221226974524532138325       -0.819152109754302862264290505337514340         8.2254223005080339E-004
 -0.559192808445645603547037950700119238       -0.829037636650273859543994260933543080         3.3756704115669887E-003
 -0.544638938478455273944221008967031764       -0.838670630636998884056756446462911297         1.4732587290056927E-003
 -0.529919166205335469315672927782086463       -0.848048157411029366513281761466335956         1.3661094676650019E-003
 -0.515037975411763756884162424782481400       -0.857167360486708821685383868179574314         2.5193618762834572E-003
 -0.499999899052865466313843412050187721       -0.866025462066286099194270675422248023         2.7216629024098371E-004
 -0.484809517872631569966952209331191246       -0.874619763886059534733011190183828824         1.1619097041013956E-002
 -0.469471459008579610934454726200369477       -0.882947648038294258003594745813684755         5.9947499164732408E-003
 -0.453990394582282712662573270481883325       -0.891006577768662293380559560689626769         2.1706168309181694E-004
 -0.438371040276196008716607076254082577       -0.898794098248962545308034052769802492         1.4792902989278925E-003
 -0.422618153897214005162258991789872953       -0.906307837324885290424032742955875578         1.6452913829063460E-004
 -0.406736533927396429931370763219454378       -0.913545506238593400091271811721081781         3.8926101155367624E-003
 -0.390731018062304032142353084623430727       -0.920504900325900188082070281019780260         2.0900084517255740E-003
 -0.374606481737389568475075539232503360       -0.927183899687831516279399531286938897         3.2038389139827654E-003
 -0.358367836642892852205919265341287756       -0.933580469836367594059731663670408106         2.1872123689161515E-003
 -0.342020029227692242282767427131265828       -0.939692662314167772139206387938118930         4.2212098996843948E-003
 -0.325568039192568313795240990623725620       -0.945518615288089556696996038594448165         3.0226241963930652E-003
 -0.309016877973338676347780306681655874       -0.951056554116321052124557232930047120         4.0910052015967775E-003
 -0.292371587214325992189813900474928934       -0.956304791888954078355158018346973474         3.6809776453724020E-003
 -0.275637237232624190558418132569518588       -0.961261729941833298956328417730940565         1.3804195633505766E-003
 -0.258818925473630677647600941862122639       -0.965925858343524836554338034223070481         1.7889249408895323E-004
 -0.241921774958315002080831275548439389       -0.970295756355256040224816110357117518         3.9467190370878454E-003
 -0.224950932722696952919280364640661181       -0.974370092863686302733033090224457435         1.3075834417082114E-003
 -0.207911568250009440320691618077971511       -0.978147626786377101433230641902058185         6.6398017823945605E-003
 -0.190808871896023737249988640949801666       -0.981627207449837752717791930470330725         3.0319407325791977E-003
 -0.173648053308016743453908134800613172       -0.984807774940031723610826592976982238         2.5788636414994610E-003
 -0.156434339837861869613661713861904789       -0.987688360425236732882286117708175746         1.5756635738861167E-004
 -0.139172974949726929591949833196680369       -0.990268086451160295362720907480854662         3.7013382326603285E-004
 -0.121869216622864071448319996239866104       -0.992546167208220814400029291550153088         6.0861370930398182E-003
 -0.104528335749978272909480262506517784       -0.994521908770912806043694957261419667         7.4799222496505923E-004
  -8.71556145316622737933524597584847510E-0002 -0.996194709309183341986385415627463498         4.0332402220402720E-003
  -6.97563448673870160871253609623644073E-0002 -0.997564059271755323947158518733791962         6.0946655892579783E-003
  -5.23358267435377116053626178403906146E-0002 -0.998629541541341747447899654423660094         8.1684477083413071E-006
  -3.48993666189865570847290908313482303E-0002 -0.999390831561703675212017687751912455         2.9255576545932356E-003
  -1.74522758086938669329948137667972942E-0002 -0.999847697436513217093710211726674250         4.6909587334403834E-003
   1.31134170005586909090822172682261377E-0007 -0.999999999999991401914728472878349952         2.7074883884327958E-004
   1.74525380370891373748110259401195023E-0002 -0.999847692859299424227398564653173160         6.8665570456627001E-004
   3.48996287275597728861969236567449002E-0002 -0.999390822408670353218763000275535544         6.0846530690509377E-004
   5.23360886524480578187527193224436353E-0002 -0.998629527815276999100173955626166382         1.7320059386499145E-003
   6.97566064968544970123473697229713260E-0002 -0.997564040976840241767376541386083496         9.2665127775886334E-003
   8.71558758019920147388439066077443582E-0002 -0.996194686450990734645548235348329429         5.8452620437683010E-003
  0.104528596581584796024410245666273272       -0.994521881356405500829789321948810327         7.3239493475163681E-005
  0.121869476936295538231453564173828051       -0.992546135245749536273267239784754800         1.4137122073735733E-003
  0.139173234665689342692669621524870143       -0.990268049950461123243680031923063276         5.3928070971746454E-004
  0.156434598877243226553043386773397338       -0.987688319397428133947789790576977339         6.5284247562504949E-004
  0.173648311591911134908391799565688279       -0.984807729397611166500946408191497691         4.2745913884445538E-003
  0.190809129345755382557075175373207938       -0.981627157406677900685622375525709689         2.2472316552635289E-003
  0.207911824787156652885215631154678800       -0.978147572257721586597039520437049008         4.3433606624391366E-003
  0.224951188269116028220164475289736838       -0.974370033866145082717991497638147026         1.8872396629259478E-003
  0.241922029436164021001803038789296357       -0.970295692906800338608719951463056134         4.9430892025012912E-003
  0.258819178805393217881146894485652499       -0.965925790463481668658510414942184975         6.1508402407319971E-004
  0.275637489341132938860251214402973848       -0.961261657650879584649200124611326365         4.2346722376077964E-003
  0.292371838022786250291332403128703400       -0.956304715209110343661823245652356226         3.5766455019385559E-004
  0.309017127405351753366389309407786061       -0.951056473070944721560855407275078991         4.4022583740674472E-003
  0.325568287172154798016981095446419766       -0.945518529901867838371339872134536659         4.1085183417179528E-004
  0.342020275679315145228439971198063859       -0.939692572613110137789423187471354357         2.4471499218875915E-003
  0.358368081491480617930800874799178673       -0.933580375847797856315571648790964344         3.4106146791549091E-003
  0.374606724908358941093366045416078624       -0.927183801440379505564053885149031684         8.8463447755883896E-004
  0.390731259481582774610686945371304729       -0.920504797849493031687995500077889510         4.0468785508278394E-003
  0.406736773521445887171030064798880193       -0.913545399564446406086798487681705004         5.0973662753794179E-003
  0.422618391593051504647142048971754619       -0.906307726485492439167609288027339271         1.1851873631192051E-003
  0.438371276001417091703516156185355792       -0.898793983278086591466482401535212626         1.8861577947374484E-003
  0.453990628265083189291972959072880220       -0.891006458701324481466364139615305158         3.8486565174754824E-003
  0.469471690577777432483503219577997868       -0.882947524910763654563971854349184183         2.2076619628893132E-004
  0.484809747257688511592305004961241375       -0.874619636735841980440277525172603388         2.6341297436649983E-003
  0.500000126183908613679455528498636955       -0.866025330932112784202811483365477150         2.6773212725010910E-003
  0.515038200219606790129053811667189656       -0.857167225408524487735277859534016729         5.5063198584699778E-004
  0.529919388621499737878353941326027432       -0.848048018429980139374336511621332922         8.1103666311204293E-003
  0.544639158435190655824181919470780088       -0.838670487795419740019309906246976916         8.4076926730471591E-005
  0.559193025875951142649369010406605896       -0.829037489991675729774310905816467721         1.8409884926570419E-003
  0.573576557694525536503781156307051696       -0.819151959323359378952690611190560671         2.2919490136920225E-003
  0.587785372527541659284079895064576036       -0.809016907019043128492836829787352995         2.2963298868388174E-003
  0.601815142232116617294891509949997655       -0.798635420314011145318191182104864757         2.5287069861504290E-003
  0.615661593204251124413261225975799915       -0.788010661509857495723466880108444114         5.6756711390747753E-003
  0.629320507680610752051633703489234105       -0.777145867011218392309273084604488975         2.2979579669917888E-006
  0.642787725023297570717914337723846838       -0.766044346339931935170443745347566763         5.9523766107946296E-004
  0.656059142987220829262949536608687479       -0.754709481126925643847666586057929377         4.7165845993660475E-003
  0.669130718969680618407746460631913584       -0.743144724082138860883074703688550434         3.5442716876994446E-004
  0.681998471241783883240349327194573889       -0.731353597942793798611726027922532412         6.5087995536499280E-003
  0.694658480161317683415095201599927529       -0.719339694400335596034274685784315085         9.0947852954046662E-004
  0.707106889366710248089264075657926499       -0.707106673006368250242667141156567094         1.6097203255061520E-003
  0.719339906951716133473388282650630377       -0.694658260057919684931134735155333860         2.1858314607684014E-004
  0.731353806620467662496886765093059122       -0.681998247462375515070191643216607048         5.5874155517593007E-003
  0.743144928822540806711686323100814300       -0.669130491582427259933794445410664879         2.4488456201614888E-003
  0.754709681867689758351329533709055194       -0.656058912061386844462794327498010186         4.1100690260352799E-003
  0.766044543019910633577346160658554703       -0.642787490629225209566914574463052174         2.8212391538775166E-004
  0.777146059570501044491898862125162299       -0.629320269889698723590959870402617398         8.1722210284731076E-005
  0.788010849889788675557915460380594540       -0.615661352088932848010256489337176211         6.8714952122748193E-003
  0.798635604457208497696177127987053832       -0.601814897865838158720626198071521327         1.1371041608327192E-004
  0.809017086869414848543903948645635487       -0.587785124984739358328984510073130935         1.4618759762183740E-003
  0.819152134826121298152299915186789989       -0.573576307050603332946203301217721342         4.7645635165346981E-003
  0.829037661093368003733208080201134747       -0.559192772207257607483784241712690639         9.7820267596321711E-004
  0.838670654443923132870909703178038076       -0.544638901818995734745569305094587483         2.2762494284946444E-003
  0.848048180574531899799741645756458154       -0.529919129135971214106896668320552343         4.9003657049503458E-003
  0.857167382999733811789941120992329431       -0.515037937943786473744816848617889444         1.2880615818948106E-003
  0.866025483921975860234714012878016367       -0.499999861197688264720000062557366909         3.8702593268697587E-003
  0.874619785077756611516795175872773890       -0.484809479641785504247297766512628916         1.8942074252913377E-005
  0.882947668559543453953296518190855129       -0.469471420413710167799243175334578271         1.6783815626652695E-003
  0.891006597613212636849398642115242533       -0.453990355635146263875364174067450801         4.2232998670727294E-003
  0.898794117410769193686496451400488569       -0.438371000988656229989340561648853017         1.6272944210805288E-003
  0.906307855798111371457589992010713837       -0.422618114281238262364506766355598364         2.3633418899464973E-003
  0.913545524017611789848311700442647606       -0.406736493995052133714558887953070087         3.1433475683126438E-003
  0.920504917405295225030452991926165083       -0.390730977825754962089373343364966373         1.4116587173422087E-003
  0.927183916062400650949514831024774467       -0.374606441208892167894985102904240788         5.5549931024787089E-003
  0.933580485501122973791553771637536895       -0.358367795834792494702370141643170055         2.0980848361815030E-003
  0.939692677264337760430617191107839332       -0.342019988152419471233405181937440742         7.8339359183295337E-004
  0.945518629519120186690568409275429561       -0.325567997862635055887563808961509998         1.7722268056467960E-003
  0.951056567623877413790052270380248430       -0.309016836401334430324852115115295083         2.9874175311725626E-003
  0.956304804668921638945186964126764857       -0.292371545412913993966776591737215556         1.7776581345447734E-003
  0.961261741990319156332955636249573874       -0.275637195214537555877945617179575936         2.5247632304266471E-003
  0.965925869656858905004849612715995714       -0.258818883251668523449279607753090535         1.5267800412536940E-003
  0.970295766929992168405443087820590028       -0.241921732545338547765935381308598665         5.5844809831161234E-003
  0.974370102696603323400092808495775713       -0.224950890131625602698534949773264178         1.1251421799418342E-003
  0.978147635874479812641927926460271476       -0.207911525493816847838377819261270071         3.4861839473239119E-003
  0.981627215790357830189797424397610967       -0.190808828987733853683145101375285492         2.4308419270073225E-003
  0.984807782530428563992716225949902619       -0.173648010260699850290415839757999195         1.2970077574229887E-003
  0.987688367263198227637977006233251951       -0.156434296664630597317666546526506343         3.0015480409503093E-003
  0.990268092534603535064168540415248901       -0.139172931663732263369375998456886643         1.3720534745637681E-003
  0.992546172535292723201652219988060229       -0.121869173237291345329156897906971530         1.8574711808877281E-003
  0.994521913339990706147259921977813747       -0.104528292278043153367084243431258914         1.3822651899605919E-003
  0.996194713118875447924411430406087632        -8.71555709866067341241919411859886466E-0002   5.0076230795586506E-003
  0.997564062320901166534276388085346512        -6.97563012624753027772123760600347465E-0002   3.4136413625547764E-003
  0.998629543829012527271027227488958139        -5.23357830920523039120546674201507924E-0002   6.1996746526385633E-004
  0.999390833087202545551674310678851302        -3.48993229342241210646519133267217946E-0002   5.3105100025146257E-003
  0.999847698199375496190289800622249819        -1.74522321039612051485284269906112731E-0002   1.0844422299890466E-003
  0.999999999999984714515072840689658818         1.74845560007448822367050302696929444E-0007   4.5152840173534798E-004
